1	55	0.273
1	55	0.273
1	57	0.285
1	58	0.248
1	249	0.226
1	843	0.292
4	430	0.408
4	681	0.425
4	683	0.475
5	529	0.132
6	162	0
6	308	0
6	648	0
8	121	0.408
8	146	0.219
8	378	0.383
8	471	0.259
8	489	0.305
8	558	0.452
8	559	0.377
8	698	0.158
8	815	0.668
8	956	0.161
9	49	0
9	81	0
9	271	0.287
11	367	0
13	28	0.287
14	724	0
16	196	0.275
17	242	0.337
18	71	0
18	376	0.269
19	445	0.25
21	579	0.317
22	17	0.302
22	55	0.47
22	55	0.47
22	91	0.381
22	91	0.381
22	144	0.225
22	249	0.288
22	279	0.641
22	301	0.179
22	307	0.505
22	308	0.51
22	308	0.51
22	312	0.307
22	335	0.578
22	350	0.584
22	351	0.517
22	352	0.293
22	413	0.553
22	421	0.548
22	434	0.589
22	440	0.447
22	458	0.336
22	493	0.501
22	560	0.593
22	560	0.593
22	572	0.455
22	623	0.436
22	636	0.285
22	653	0.411
22	688	0.236
22	724	0
22	843	0.281
22	915	0.389
22	920	0.491
22	921	0.491
22	956	0.166
22	1255	0.624
24	47	0.251
25	26	0.194
26	10	0.28
26	476	0.374
27	977	0
28	91	0.372
28	158	0.288
28	402	0.247
29	53	0.496
29	154	0.312
31	695	0.668
35	524	0.358
35	531	0.156
36	579	0.283
36	588	0.227
36	789	0.102
36	983	0
37	579	0.339
38	578	0.995
38	579	0.525
39	579	0.09
40	36	0.318
40	579	0.317
41	579	0.292
42	579	0.314
43	20	0.799
44	724	0
46	378	0.538
46	379	0.452
46	419	0.293
46	420	0.293
46	429	0.637
47	133	0.796
47	344	0.226
47	358	0.068
47	360	0.14
47	797	0
47	1079	0
48	8	0.377
48	66	0.301
48	67	0.335
48	126	0.587
48	127	0.58
48	237	0.252
48	445	0.421
48	448	0.198
48	484	0.269
48	484	0.269
49	81	0
49	81	0
49	91	0
50	48	0.643
50	66	0.3
50	126	0.637
50	127	0.504
50	237	0.253
50	484	0.179
50	537	0.586
50	556	0.668
52	71	0
53	154	0.55
53	307	0.309
53	421	0.428
53	915	0.31
54	853	0
54	857	0
55	56	0.282
55	57	0.453
55	58	0.29
55	58	0.29
55	59	0.401
55	59	0.401
55	91	0.465
55	1148	0.279
56	55	0.282
56	59	0.764
56	131	0.668
56	801	0
57	55	0.453
57	56	0.678
57	58	0.692
57	58	0.692
57	131	0.668
57	801	0
58	28	0.275
58	55	0.29
58	56	0.562
58	57	0.692
58	59	0.698
58	60	0.245
58	61	0.668
58	617	0.668
58	757	0.25
58	801	0
58	1234	0.235
58	1261	0.668
59	55	0.401
59	56	0.764
59	57	0.736
59	58	0.698
59	60	0.339
59	61	0.668
59	61	0.668
59	158	0.26
59	484	0.44
59	757	0.347
59	801	0
59	1146	0.535
59	1155	0.733
59	1261	0.668
60	56	0.386
60	57	0.281
60	801	0
60	1086	0.373
61	58	0.668
61	59	0.668
62	131	0.668
62	713	0.341
62	1327	0
63	302	0.482
63	697	0.278
63	1284	0.278
65	47	0.167
68	242	0.333
68	533	0.25
68	1284	0.289
69	154	0.204
69	154	0.204
70	569	0.604
70	1011	0.668
70	1014	0.286
71	76	0
71	78	0
71	80	0
71	105	0
71	134	0
71	135	0
71	180	0
71	278	0
71	447	0
71	448	0
71	458	0
71	522	0
71	523	0
71	528	0
71	541	0
71	552	0
71	722	0
71	734	0
71	766	0
71	767	0
71	768	0
71	774	0
71	814	0
71	818	0
71	872	0
71	939	0
71	1008	0
71	1016	0
71	1048	0
71	1061	0
71	1062	0
71	1065	0
71	1087	0
71	1169	0
72	323	0
72	765	0
73	342	0.327
74	72	0
74	447	0
74	457	0
75	57	0.263
75	60	0.373
75	72	0
75	91	0.535
75	233	0.314
75	554	0.336
75	572	0.343
75	579	0.45
75	646	0.263
75	648	0.254
75	703	0.304
75	737	0.219
75	907	0.297
75	948	0.235
75	1050	0
76	72	0
76	233	0.431
76	554	0.396
76	646	0.326
77	75	0.281
77	703	0.53
78	72	0.595
78	74	0
78	79	0.269
78	447	0.169
78	552	0.171
79	144	0.151
79	323	0.274
79	415	0.147
79	428	0.275
79	572	0.304
79	1062	0.277
80	144	0.271
80	648	0.271
81	212	0.668
81	521	0.668
81	521	0.668
81	583	0.668
81	773	0.668
81	984	0.668
81	1170	0.039
82	443	0
82	443	0
83	94	0.433
83	154	0.296
83	479	0.509
85	28	0.222
85	87	0.713
85	239	0.668
85	340	0.263
85	484	0.304
86	60	0.348
86	393	0.322
87	28	0.158
87	28	0.158
87	55	0.156
87	57	0.182
87	58	0.174
87	59	0.213
87	60	0.187
87	73	0.243
87	88	0.763
87	89	0.814
87	90	0.75
87	172	0.319
87	233	0.31
87	251	0.158
87	251	0.158
87	272	0
87	284	0.175
87	284	0.175
87	342	0.668
87	342	0.668
87	421	0.345
87	494	0.321
87	497	0.282
87	574	0.17
87	587	0.366
87	713	0.308
87	757	0.194
87	765	0
87	828	0.15
87	909	0
87	983	0.215
87	988	0
87	994	0.167
87	1127	0.404
87	1248	0.182
87	1259	0.283
88	87	0.763
88	342	0.668
88	393	0.273
88	393	0.273
88	394	0
88	395	0
88	493	0.373
89	73	0.227
89	73	0.227
89	91	0.615
89	233	0.325
89	342	0.668
89	497	0.312
89	909	0
89	988	0
90	46	0.299
90	46	0.299
90	60	0.184
90	85	0.864
90	87	0.75
90	340	0.27
90	425	0.386
90	585	0.426
90	988	0
90	1179	0.178
91	87	0.667
91	87	0.667
91	88	0.584
91	88	0.584
91	89	0.615
92	589	0.277
93	197	0.274
93	714	0.354
93	1161	0.365
93	1193	0.35
93	1196	0.31
94	133	0.666
94	154	0.471
94	211	0.441
94	216	0.516
94	305	0.503
94	389	0.21
94	483	0.145
94	961	0.604
94	1074	0.366
94	1312	0.37
96	118	0.668
96	119	0.668
96	120	0.668
96	122	0.668
96	187	0.668
97	118	0.217
98	187	0.366
98	574	0.558
98	574	0.558
99	574	0.384
100	574	0.384
101	574	0.478
105	144	0
105	368	0
106	664	0.566
106	666	0.684
107	482	0.11
108	714	0.264
111	389	0.493
112	118	0.331
112	118	0.331
113	119	0.292
113	122	0.305
114	118	0.331
115	101	0.303
115	187	0.248
116	279	0.523
116	421	0.466
116	434	0.392
116	493	0.301
116	706	0.362
116	915	0.296
116	920	0.288
116	921	0.288
116	1077	0.515
116	1128	0.287
116	1255	0.526
118	55	0.171
118	97	0.217
118	536	0.687
119	187	0.211
119	478	0.239
119	574	0.203
121	28	0.155
121	165	0
121	417	0.601
121	493	0.607
121	648	0.171
121	929	0
121	945	0.099
122	58	0.263
122	574	0.279
123	119	0.419
124	133	0.69
126	112	0.351
126	112	0.351
126	262	0
126	484	0.181
127	66	0.453
127	262	0
127	484	0.441
128	572	0.184
129	65	0.383
131	62	0.668
131	340	0.194
131	713	0.668
131	787	0.668
131	1241	0.668
132	87	0.276
132	89	0.297
133	144	0.83
133	757	0.155
133	1209	0.668
134	447	0.152
134	477	0.298
134	484	0.181
135	165	0
136	148	0
136	511	0
137	60	0.309
137	61	0.668
137	181	0
137	407	0.455
137	407	0.455
137	633	0.178
137	710	0.136
139	64	0.729
141	471	0.428
141	627	0.723
142	28	0.668
144	94	0.705
144	751	0.11
144	797	0
144	881	0.668
144	1075	0.278
144	1076	0.5
145	144	0.42
145	180	0.636
146	8	0.219
146	70	0.336
146	173	0.336
146	403	0.22
146	869	0.668
147	70	0.265
147	173	0.265
148	57	0.486
148	59	0.561
149	223	0.12
149	490	0.364
150	233	0.473
150	389	0.526
150	400	0.598
150	554	0.314
150	632	0.439
152	652	0.369
152	1297	0.384
153	66	0.41
154	94	0.471
154	319	0.434
154	652	0.398
154	695	0.668
154	897	0.378
154	897	0.378
154	1074	0.277
158	28	0.288
158	84	0.324
158	131	0.668
158	511	0.173
160	81	0
161	542	0
164	168	0
164	522	0
164	523	0.214
164	1016	0.032
165	121	0
165	481	0
165	540	0
165	993	0
166	46	0.462
166	379	0.227
167	101	0
167	154	0
167	187	0
167	413	0.28
167	478	0
167	621	0.324
168	522	0
169	424	0
170	513	0.344
171	710	0.446
171	1243	0.361
172	484	0.311
173	22	0.241
174	160	0
174	161	0
174	802	0
174	803	0
174	804	0
175	101	0.341
177	90	0
180	144	0.37
180	144	0.37
180	253	0.266
180	817	0
180	893	0
180	894	0.036
180	1209	0.09
181	307	0
181	308	0
182	527	0
183	572	0.668
183	757	0.668
185	471	0.086
187	60	0.271
187	175	0.465
187	471	0.446
187	574	0.642
187	574	0.642
187	611	0.507
187	757	0.28
187	1209	0.668
187	1261	0.668
187	1291	0.668
189	640	0
190	208	0
190	209	0
193	421	0.391
195	445	0.313
196	197	0.22
197	85	0.342
197	93	0.274
197	217	0.665
197	302	0.34
197	417	0.447
197	421	0.551
197	447	0.244
197	482	0.429
197	533	0.43
197	552	0.518
197	572	0.375
197	578	0.256
197	602	0.372
197	632	0.508
197	634	0.464
197	636	0.399
197	697	0.163
197	706	0.318
197	933	0.204
197	938	0.262
197	1015	0.306
197	1190	0.518
197	1313	0.265
199	55	0.276
199	1153	0.332
199	1154	0.257
201	206	0.176
201	208	0.248
201	208	0.248
203	202	0.567
203	202	0.567
203	351	0.231
205	206	0.639
206	590	0.601
207	206	0.673
207	590	0.738
210	202	0.626
211	133	0.569
211	253	0.747
211	1052	0
212	282	0
212	569	0.624
212	1011	0.668
214	602	0.222
217	302	0.361
217	515	0.409
217	533	0.403
217	602	0.399
217	632	0.471
217	1015	0.296
217	1071	0.28
217	1204	0.369
219	211	0.2
219	432	0.524
219	435	0.502
219	439	0.519
219	490	0.571
219	1113	0.502
219	1171	0.325
219	1257	0.519
220	91	0.392
220	94	0.23
220	133	0.183
220	144	0.204
220	197	0.495
220	198	0.251
220	211	0.177
220	219	0.751
220	253	0.222
220	378	0.631
220	408	0.64
220	409	0.2
220	432	0.596
220	435	0.613
220	439	0.649
220	490	0.695
220	507	0.645
220	518	0
220	528	0.201
220	591	0.568
220	635	0.308
220	648	0.307
220	652	0.195
220	894	0.221
220	909	0
220	922	0.151
220	945	0.205
220	946	0.252
220	989	0.668
220	1028	0.608
220	1033	0.186
220	1062	0.331
220	1113	0.613
220	1171	0.354
220	1257	0.618
221	414	0.219
221	490	0.299
221	1249	0.145
222	215	0
222	410	0
224	223	0.801
226	231	0
227	228	0
228	248	0.462
228	495	0.497
230	225	0.586
232	85	0.461
232	90	0.35
232	441	0.725
232	448	0.231
232	617	0.668
232	1179	0.3
233	220	0.592
233	260	0.493
233	302	0.397
233	361	0.25
233	470	0.491
233	515	0.536
233	533	0.423
233	554	0.326
233	602	0.357
233	632	0.592
233	734	0.239
233	1140	0.668
233	1203	0.222
233	1204	0.413
233	1300	0.497
234	618	0
238	237	0
241	90	0.621
241	239	0.668
242	166	0.477
242	197	0.555
242	232	0.451
242	243	0.32
242	355	0.271
242	448	0.214
242	585	0.398
242	603	0.573
243	242	0.32
243	242	0.32
247	315	0
248	374	0.451
249	243	0.243
249	757	0.229
252	9	0
253	133	0.61
255	307	0
255	308	0
256	181	0
256	264	0
256	529	0.147
256	529	0.147
256	756	0.33
257	258	0.668
260	154	0.251
260	163	0
260	533	0.317
260	602	0.66
260	635	0.277
260	737	0.192
260	900	0.209
260	948	0.199
260	1083	0.311
264	181	0
264	219	0.151
264	270	0.308
264	312	0.308
264	516	0.197
266	146	0.373
266	403	0.228
266	468	0.323
266	515	0.19
266	515	0.19
266	914	0.38
267	118	0.668
267	915	0.668
268	9	0.139
268	275	0.511
268	515	0.259
268	516	0.284
268	572	0.52
268	632	0.347
268	761	0.323
268	1012	0.349
268	1201	0.174
269	311	0
269	572	0.251
270	311	0.995
270	417	0.361
270	530	0.347
270	1283	0.232
274	330	0.198
274	633	0.643
275	268	0.511
275	283	0.495
275	312	0.995
275	515	0.325
276	311	0
278	277	0
279	421	0.678
280	202	0
282	202	0
282	311	0
282	364	0
282	468	0
282	494	0
282	560	0
282	565	0
282	572	0
282	579	0
283	22	0.285
283	35	0.194
283	36	0.222
283	572	0.363
283	578	0
284	91	0.232
284	724	0
285	695	0
286	521	0.061
287	288	0.278
288	346	0.275
288	515	0.19
289	9	0.185
289	97	0.159
289	270	0.806
289	419	0.098
289	443	0.014
289	530	0.138
289	1201	0.189
296	21	0.491
296	40	0.244
296	579	0.476
296	582	0
296	632	0.334
296	1015	0.261
296	1250	0.319
296	1285	0.119
296	1317	0.297
297	40	0.232
297	46	0.289
297	116	0.404
297	552	0.427
297	582	0
297	1010	0.232
298	164	0.115
298	530	0.155
299	27	0.047
300	306	0.095
301	430	0.173
301	515	0.139
302	93	0.471
302	219	0.306
302	266	0.401
302	533	0.435
302	572	0.352
302	602	0.572
302	625	0.23
302	630	0.668
302	698	0.249
302	706	0.316
302	818	0.59
302	1005	0.23
302	1033	0.542
302	1197	0
305	652	0.4
305	897	0.147
306	310	0
307	53	0.309
307	133	0.168
307	144	0.184
307	154	0.272
307	427	0.22
307	447	0.21
307	549	0.287
307	648	0.28
307	742	0
307	877	0
307	1188	0.193
308	22	0.51
308	53	0.444
308	98	0.505
308	154	0.4
308	202	0.191
308	307	0.674
308	616	0.193
308	648	0.312
309	310	0
310	306	0
311	170	0
311	282	0
311	417	0.299
311	421	0.299
311	481	0
311	488	0.299
311	493	0.299
311	532	0.383
311	534	0
311	539	0
311	560	0.299
311	565	0.995
311	572	0.995
311	572	0.995
311	579	0.995
311	587	0.299
311	706	0
311	707	0
311	708	0
312	219	0.204
312	219	0.204
312	220	0.28
312	264	0.308
312	275	0.995
312	373	0
312	421	0.299
312	533	0.383
312	572	0.995
312	593	0.43
312	602	0.256
313	60	0.299
313	91	0.56
313	91	0.56
313	1006	0.531
315	57	0
315	329	0
318	71	0
318	71	0
318	91	0.22
318	552	0.169
319	305	0.536
319	897	0.135
320	620	0.294
322	479	0.468
325	60	0.262
325	483	0.391
325	1153	0.465
325	1154	0.347
325	1261	0.668
331	202	0.206
332	87	0.18
332	166	0.49
332	801	0
333	413	0.325
333	695	0.668
334	28	0.873
334	1129	0.075
335	20	0.402
335	28	0.489
335	62	0.461
335	551	0.366
336	520	0.289
338	50	0.668
339	22	0
339	337	0
339	484	0
340	91	0.266
341	135	0
342	73	0.327
342	73	0.327
342	762	0.327
343	90	0.354
343	232	0.598
343	232	0.598
344	345	0.226
344	377	0.708
345	334	0.075
345	376	0.28
345	377	0.204
345	660	0.308
345	662	0.388
346	347	0.384
347	22	0.413
347	74	0
347	79	0.338
347	219	0.324
347	220	0.378
347	370	0.428
347	447	0.157
347	515	0.412
347	523	0.402
347	602	0.475
347	698	0.207
347	756	0.224
347	867	0.359
348	358	0.142
348	358	0.142
348	360	0.299
348	360	0.299
348	448	0.394
348	448	0.394
348	522	0
348	575	0.482
349	339	0
349	448	0.199
350	348	0.421
350	448	0.196
351	348	0.354
351	448	0.207
352	348	0.499
352	448	0.225
354	377	0
355	362	0.587
356	357	0.309
356	419	0.217
357	193	0.214
357	683	0.226
360	1224	0.279
361	1225	0.419
364	565	0.373
365	370	0.396
365	420	0.177
365	602	0.51
365	638	0.668
365	744	0.17
365	867	0.202
365	881	0.668
366	365	0
367	22	0.349
367	71	0
367	368	0.196
367	522	0
368	71	0
368	1172	0.515
369	643	0.186
369	644	0.201
369	664	0.344
369	666	0.241
369	683	0.398
370	219	0.318
370	302	0.506
370	515	0.18
370	938	0.479
372	1219	0.508
372	1315	0.254
373	62	0.377
373	87	0.187
373	253	0.262
373	515	0.187
373	577	0.051
373	713	0.267
374	219	0.362
374	233	0.439
374	249	0.279
374	377	0.261
374	552	0.199
374	602	0.271
374	602	0.271
374	876	0.375
376	377	0.631
376	602	0.499
376	634	0.331
376	635	0.33
376	636	0.355
376	1235	0.781
376	1313	0.31
376	1314	0.54
377	376	0.631
377	486	0
377	634	0.348
377	636	0.318
377	638	0.668
377	694	0.609
378	47	0.225
378	55	0.352
378	58	0.264
378	58	0.264
378	60	0.241
378	84	0.385
378	133	0.215
378	211	0.158
378	243	0.268
378	253	0.196
378	407	0.551
378	417	0.65
378	447	0.179
378	484	0.265
378	602	0.327
378	648	0.274
378	652	0.18
378	757	0.25
378	1152	0.668
378	1248	0.219
378	1299	0.11
379	378	0.554
379	405	0.753
379	407	0.538
379	482	0.648
379	881	0.668
379	1236	0.628
380	273	0.562
382	22	0
386	695	0
388	302	0.503
388	533	0.405
389	533	0.452
389	560	0.447
389	698	0.22
389	714	0.432
389	1161	0.384
389	1176	0.393
389	1213	0
390	391	0
391	26	0.189
392	28	0.23
392	142	0.668
392	792	0.668
399	259	0.464
400	68	0.585
400	468	0.236
400	533	0.482
400	572	0.429
400	602	0.433
400	697	0.206
400	1083	0.224
400	1149	0.623
400	1159	0.819
401	379	0.249
403	220	0.64
403	378	0.579
404	421	0.654
405	211	0.173
405	418	0.563
405	435	0.68
405	439	0.712
405	1113	0.68
405	1164	0.242
405	1247	0.767
405	1249	0.128
405	1257	0.606
406	124	0.195
406	823	0.497
407	47	0.24
407	133	0.256
407	219	0.604
407	253	0.262
407	253	0.262
407	261	0
407	282	0
407	358	0.137
407	360	0.323
407	377	0.347
407	426	0.303
407	447	0.273
407	484	0.265
407	490	0.544
407	552	0.477
407	602	0.301
407	1299	0.154
408	328	0.09
408	332	0.213
408	439	0.667
409	74	0
410	620	0.221
412	28	0.396
412	371	0.329
412	632	0.455
413	479	0.278
413	484	0.535
413	756	0.351
413	956	0.384
414	323	0.472
414	428	0.408
416	74	0
417	58	0.174
417	75	0.301
417	144	0.116
417	211	0.126
417	219	0.501
417	220	0.636
417	253	0.157
417	379	0.688
417	407	0.47
417	432	0.56
417	439	0.665
417	488	0.792
417	490	0.794
417	591	0.719
417	619	0.171
417	625	0.284
417	724	0
417	757	0.194
417	1196	0.263
417	1248	0.182
417	1257	0.573
418	144	0.13
418	219	0.426
418	220	0.53
418	332	0.288
418	417	0.814
419	378	0.358
419	405	0.318
419	406	0.318
419	482	0.247
420	378	0.358
420	405	0.318
420	406	0.318
420	448	0.255
420	482	0.247
420	1268	0.328
421	351	0.542
421	378	0.65
421	379	0.697
421	417	0.647
421	419	0.553
421	429	0.633
421	482	0.652
421	619	0.318
421	645	0.736
421	1039	0.561
421	1307	0.222
422	242	0.356
422	636	0.371
423	176	0
423	188	0.856
424	270	0.429
424	289	0.385
424	530	0.132
424	857	0
424	1072	0
428	414	0.408
429	378	0.469
429	407	0.367
429	1236	0.532
430	220	0.331
430	335	0.287
430	378	0.29
430	405	0.348
430	406	0.348
430	482	0.307
430	482	0.307
430	1268	0.329
431	554	0.281
432	431	0.232
432	438	0.668
432	442	0.115
432	931	0
432	1298	0
433	438	0
433	931	0
433	1298	0
434	379	0.655
434	420	0.266
434	429	0.512
435	208	0.389
438	442	0.249
439	144	0.202
439	201	0.235
439	1142	0.256
440	190	0.055
440	201	0.175
440	488	0.471
440	541	0.222
441	369	0.307
441	421	0.272
441	454	0.274
441	670	0.588
441	1229	0.274
443	97	0.043
443	118	0.021
446	478	0.345
447	243	0.197
447	414	0.642
448	94	0.564
448	219	0.222
448	234	0.224
448	243	0.267
448	340	0.078
448	344	0.226
448	348	0.394
448	350	0.196
448	352	0.225
448	358	0.107
448	360	0.237
448	361	0.238
452	463	0.123
453	572	0.344
454	350	0.576
454	351	0.567
454	421	0.735
454	938	0.243
455	652	0.331
455	897	0.274
457	152	0.332
457	579	0.184
457	949	0
458	501	0.276
458	501	0.276
459	465	0
460	348	0.289
460	417	0.477
460	572	0.314
461	1080	0
463	146	0.25
463	221	0.259
463	302	0.301
463	370	0.224
463	515	0.434
463	533	0.333
463	602	0.317
463	869	0.668
464	57	0.273
464	58	0.353
465	315	0
466	101	0.356
466	175	0.716
467	636	0.354
468	515	0.157
468	625	0.259
468	1266	0.166
470	70	0.397
470	146	0.387
471	187	0.446
471	413	0.414
471	515	0.162
471	574	0.463
472	122	0.261
473	120	0.292
474	578	0
474	580	0
475	270	0.021
475	270	0.021
475	307	0.024
475	307	0.024
476	44	0.087
476	45	0.251
476	96	0.668
476	101	0.247
476	118	0.427
476	119	0.365
476	119	0.365
476	120	0.361
476	130	0.116
476	261	0
476	500	0.287
476	525	0
478	119	0.239
479	427	0.257
479	464	0.298
479	484	0.419
482	47	0.245
482	71	0
482	124	0.252
482	133	0.188
482	211	0.153
482	407	0.682
482	408	0.689
482	414	0.203
482	417	0.726
482	418	0.621
482	435	0.602
482	439	0.639
482	447	0.197
482	483	0.216
482	547	0.704
482	574	0.244
482	619	0.203
482	627	0.244
482	634	0.18
482	909	0
482	922	0.151
482	989	0.668
482	1113	0.602
482	1164	0.301
482	1247	0.768
482	1249	0.123
482	1257	0.558
483	22	0.238
483	36	0.295
483	116	0.432
483	348	0.437
483	479	0.167
483	486	0
483	575	0.244
484	48	0.269
484	56	0.323
484	57	0.299
484	58	0.503
484	59	0.44
484	60	0.211
484	61	0.668
484	119	0.181
484	242	0.363
484	267	0.668
484	413	0.535
484	471	0.484
484	476	0.31
484	538	0.668
484	695	0.668
484	1154	0.317
484	1261	0.668
484	1291	0.668
487	572	0.247
488	55	0.214
488	145	0.238
488	308	0.483
488	590	0.277
488	594	0.445
488	823	0.518
488	1031	0
489	261	0
489	1291	0.668
490	48	0.592
490	50	0.648
490	55	0.214
490	55	0.214
490	144	0.141
490	443	0.029
490	823	0.506
491	209	0.606
492	678	0.312
493	8	0.406
493	44	0.239
493	45	0.367
493	55	0.211
493	379	0.731
493	392	0.706
493	417	0.677
493	421	0.668
493	432	0.607
493	438	0.668
493	483	0.254
493	560	0.72
493	579	0.369
493	1062	0.232
494	421	0.719
496	275	0.39
496	296	0.236
496	297	0.228
496	312	0
497	448	0.469
497	1129	0.279
499	518	0
500	120	0.261
501	81	0.668
502	783	0
504	502	0
506	367	0.181
506	515	0.46
506	593	0.228
506	634	0.321
506	636	0.258
507	22	0.488
508	22	0.646
508	22	0.646
508	507	0.653
508	522	0
510	103	0.189
510	157	0.211
510	219	0.277
510	222	0
510	632	0.225
511	64	0.496
511	64	0.496
511	139	0.608
511	158	0.173
511	1168	0
512	202	0.211
512	202	0.211
513	13	0.244
514	216	0.408
514	1312	0.479
515	22	0.499
515	22	0.499
515	104	0.176
515	116	0.281
515	221	0.187
515	244	0.052
515	294	0.167
515	417	0.634
515	448	0.149
515	482	0.597
515	518	0
515	552	0.516
515	572	0.284
515	697	0.148
515	876	0.611
515	981	0
515	982	0
515	1130	0.644
516	552	0.5
516	554	0.185
517	284	0.332
517	518	0
518	20	0
518	103	0
518	164	0
518	168	0
518	219	0
518	284	0
518	288	0
518	367	0
518	448	0
518	507	0
518	519	0
518	519	0
518	522	0
518	608	0
519	22	0.23
519	283	0.218
519	507	0.342
519	518	0
521	55	0.427
521	76	0.282
521	130	0.214
521	144	0.263
521	145	0.321
521	165	0
521	447	0.271
521	476	0.468
521	541	0.362
521	616	0.204
522	58	0
522	71	0
522	72	0
522	74	0
522	143	0
522	164	0
522	197	0
522	208	0
522	209	0
522	209	0
522	211	0
522	282	0
522	307	0
522	373	0
522	409	0
522	448	0
522	457	0
522	488	0
522	552	0
522	559	0
522	560	0
522	572	0
522	593	0
522	594	0
522	629	0
522	985	0
522	1285	0
522	1294	0
522	1307	0
523	8	0.439
523	58	0.299
523	208	0.202
523	307	0.687
523	370	0.285
523	409	0.2
523	424	0.208
523	457	0.205
523	530	0.329
523	551	0.373
523	560	0.681
523	721	0.295
523	722	0.226
523	726	0.161
523	737	0.186
523	754	0.564
523	796	0
523	810	0.347
523	818	0.37
523	834	0.668
523	847	0.019
523	855	0.668
523	865	0.192
523	883	0
523	900	0.204
523	907	0.226
523	908	0.668
523	917	0.052
523	929	0
523	948	0.193
523	953	0.209
523	989	0.668
523	991	0.668
523	1016	0.025
523	1017	0.021
523	1045	0.668
526	796	0
527	202	0.41
527	202	0.41
527	666	0.124
529	248	0.155
530	164	0.146
530	367	0.397
530	518	0
530	878	0
530	981	0
533	71	0
533	164	0.204
533	206	0.239
533	367	0.311
533	515	0.267
533	518	0
533	522	0
533	878	0
533	981	0
533	981	0
535	529	0.13
536	443	0.028
537	114	0.353
537	484	0.246
539	28	0.445
540	55	0
541	22	0.479
541	53	0.414
541	53	0.414
541	55	0.363
541	130	0.318
541	165	0.316
541	190	0.126
541	379	0.214
541	429	0.346
541	551	0.306
541	648	0.184
541	756	0.401
542	165	0
543	28	0.447
543	87	0.176
544	335	0.253
544	348	0.281
544	407	0.248
544	619	0.17
544	632	0.202
547	332	0.23
548	119	0.223
549	154	0.256
549	695	0.668
550	118	0
551	233	0.408
551	515	0.284
551	518	0
551	519	0.553
551	982	0
552	197	0.518
552	249	0.142
552	302	0.187
552	378	0.516
552	414	0.131
552	419	0.199
552	482	0.576
552	572	0.246
552	602	0.386
552	632	0.458
552	688	0.172
552	891	0.267
554	146	0.338
554	260	0.251
554	470	0.387
554	646	0.485
554	876	0.322
558	67	0.461
559	58	0.417
559	59	0.557
560	55	0.224
560	403	0.69
560	417	0.688
560	418	0.564
561	86	0.527
562	563	0.198
563	22	0.371
563	116	0.43
563	116	0.43
563	572	0.453
564	562	0.367
567	565	0.208
569	761	0.221
570	219	0.292
570	572	0.637
570	578	0.995
571	154	0.529
572	28	0.377
572	219	0.423
572	220	0.417
572	282	0
572	421	0.446
572	434	0.293
572	444	0.503
572	448	0.293
572	482	0.284
572	487	0.247
572	493	0.308
572	515	0.284
572	560	0.319
572	564	0.251
572	632	0.361
572	703	0.307
572	761	0.35
572	1135	0.321
572	1266	0.274
573	22	0
573	572	0
573	1014	0
574	96	0.668
574	97	0.399
574	101	0.478
574	175	0.347
574	187	0.642
574	449	0.467
574	538	0.668
575	362	0.164
576	34	0.072
576	374	0.114
576	704	0.067
578	412	0
578	587	0.299
578	724	0
579	233	0.401
579	282	0
579	348	0.283
579	378	0.306
579	412	0.303
579	522	0
579	554	0.419
579	588	0.306
579	724	0
579	1285	0.144
580	581	0
582	297	0
582	526	0
582	526	0
582	579	0
585	454	0.541
585	497	0.479
585	1303	0.547
586	611	0.264
587	392	0.779
587	431	0.232
587	432	0.676
587	433	0
587	438	0.668
587	442	0.115
587	1388	0.668
587	1434	0.155
588	392	0.56
588	433	0
588	438	0.668
588	796	0
588	799	0.301
588	1000	0.249
589	249	0.278
591	55	0.441
591	144	0.141
591	253	0.224
591	1455	0.668
595	49	0
596	578	0
597	610	0
597	657	0
599	264	0
599	270	0.337
599	312	0
600	228	0.261
600	229	0.565
602	219	0.307
602	302	0.572
602	515	0.397
602	572	0.302
602	625	0.197
602	1305	0.668
603	376	0.421
603	377	0.372
603	602	0.255
603	638	0.668
603	697	0.227
603	1133	0.264
603	1308	0.668
603	1314	0.405
603	1390	0.3
603	1469	0.38
604	266	0.438
604	302	0.37
604	417	0.294
604	515	0.303
604	554	0.227
604	554	0.227
604	630	0.668
604	1432	0.348
605	339	0
606	522	0
607	611	0.178
607	1116	0.244
607	1412	0.323
607	1498	0.275
607	1603	0.16
611	428	0.415
611	612	0.691
612	113	0.197
612	675	0.191
612	897	0.523
612	1133	0.579
612	1412	0.194
612	1442	0
612	1524	0.391
613	47	0.172
614	609	0.592
615	610	0.692
615	611	0.621
616	290	0.229
616	291	0.204
616	292	0.209
616	611	0.214
616	627	0.218
616	661	0.27
616	811	0.298
616	1361	0.668
616	1544	0.218
617	57	0.668
617	421	0.668
617	801	0
618	617	0
619	216	0.191
619	1189	0.322
619	1287	0.371
620	117	0.268
620	159	0.022
623	465	0
624	672	0.231
624	679	0.042
624	815	0.072
624	1033	0.508
624	1394	0.126
624	1465	0.046
624	1469	0.165
624	1604	0.153
625	311	0
625	572	0.223
625	1014	0.286
626	483	0.668
626	483	0.668
628	627	0.668
629	593	0.173
630	93	0.668
630	196	0.668
630	269	0.668
630	302	0.668
630	553	0.668
632	70	0.199
632	93	0.485
632	197	0.508
632	233	0.592
632	376	0.531
632	417	0.476
632	470	0.275
632	474	0
632	533	0.349
632	552	0.458
632	554	0.207
632	572	0.361
632	579	0.275
632	602	0.624
632	605	0.281
632	636	0.282
632	641	0.647
632	698	0.199
632	754	0.501
632	754	0.501
632	795	0.668
632	818	0.293
632	847	0.023
632	861	0.668
632	865	0.182
632	900	0.188
632	930	0.46
632	948	0.182
632	1033	0.314
632	1050	0
632	1130	0.488
632	1140	0.668
632	1363	0.275
632	1412	0.333
632	1432	0.303
632	1454	0.395
632	1469	0.46
632	1522	0.387
632	1564	0.306
632	1604	0.341
633	274	0.643
634	1232	0.668
635	1232	0.668
636	271	0
636	372	0.37
636	634	0.659
639	154	0.533
639	616	0.317
639	715	0.479
639	1400	0.292
639	1465	0.299
639	1469	0.356
639	1552	0.45
640	152	0.306
641	63	0.293
641	388	0.247
641	533	0.322
641	602	0.597
641	697	0.192
641	1083	0.274
641	1284	0.338
641	1308	0.668
643	419	0.397
643	454	0.267
643	455	0.193
643	482	0.211
643	645	0.216
644	645	0.238
645	378	0.612
645	379	0.715
645	417	0.678
645	419	0.252
645	420	0.252
645	429	0.434
645	454	0.746
645	455	0.566
645	616	0.256
645	643	0.216
645	1130	0.692
645	1454	0.505
650	282	0
651	471	0.34
653	551	0.226
653	551	0.226
654	28	0.668
654	287	0.668
654	374	0.668
655	28	0.668
655	287	0.668
655	374	0.668
656	657	0.356
657	610	0.505
657	611	0.384
657	645	0.529
657	658	0.847
657	1366	0.358
657	1409	0.651
657	1420	0.301
657	1526	0.245
658	643	0.203
658	657	0.847
658	659	0.852
658	1391	0.233
658	1406	0.207
658	1409	0.712
659	656	0.419
660	350	0.352
660	377	0.388
661	1133	0.231
670	672	0.287
670	673	0.399
672	379	0.334
672	679	0.3
673	681	0.44
674	551	0.252
679	232	0.53
679	585	0.544
679	681	0.452
681	46	0.5
681	46	0.5
681	125	0.302
681	348	0.515
681	396	0.294
681	417	0.316
681	425	0.25
681	425	0.25
681	448	0.196
681	484	0.436
681	645	0.362
681	787	0.374
681	1561	0.259
683	193	0.269
683	351	0.305
683	419	0.567
683	421	0.594
683	643	0.231
683	644	0.243
683	645	0.328
685	572	0.251
687	322	0.048
688	1323	0.191
689	688	0.519
689	1011	0.668
691	270	0.677
692	471	0.435
693	502	0.346
693	650	0.332
694	634	0.277
694	635	0.357
694	637	0
695	57	0.668
695	167	0
695	186	0
695	398	0.668
695	478	0.668
697	22	0.152
697	572	0.223
697	578	0
697	579	0.252
698	22	0.163
698	36	0.304
698	116	0.249
698	572	0.251
700	325	0.355
701	22	0.414
701	22	0.414
701	233	0.472
701	515	0.498
701	533	0.404
701	602	0.536
705	81	0
706	28	0.313
706	750	0.37
707	28	0.341
708	28	0
709	710	0.226
710	256	0.449
710	256	0.449
710	1465	0.497
711	20	0.27
711	28	0.223
711	335	0.228
712	465	0
713	62	0.341
713	87	0.308
713	89	0.351
713	91	0.43
713	91	0.43
713	131	0.668
713	378	0.479
713	643	0.512
713	645	0.448
713	1258	0.279
714	192	0
714	698	0.235
714	1083	0.224
714	1308	0.668
715	117	0.211
716	851	0.167
716	857	0
717	853	0
717	857	0
718	523	0
720	81	0
721	81	0.25
722	81	0.25
723	733	0.127
723	901	0.216
723	902	0.349
723	903	0
725	790	0.345
725	818	0.527
725	847	0.025
727	716	0
727	717	0
728	763	0
731	270	0.207
731	289	0.212
731	857	0
732	851	0.274
732	852	0.303
732	857	0
733	1047	0
736	1045	0
736	1069	0
737	1047	0
739	778	0
739	779	0
742	154	0
743	91	0.44
743	131	0.668
743	1265	0.333
744	93	0.254
744	698	0.33
746	745	0
747	745	0
749	745	0
750	724	0
752	58	0.423
752	560	0.548
753	58	0.668
753	59	0.668
753	90	0.668
754	18	0.312
754	54	0.191
754	270	0.351
754	803	0.196
754	902	0
754	924	0.161
754	1125	0
754	1133	0.208
755	1080	0
756	18	0.273
756	46	0.383
756	54	0.219
756	181	0
756	256	0.33
756	264	0
756	348	0.499
756	370	0.413
756	417	0.299
756	482	0.247
756	515	0.157
756	560	0.208
756	579	0.216
756	632	0.315
756	924	0.168
756	960	0.271
756	970	0.381
756	1133	0.48
756	1236	0.2
756	1236	0.2
756	1277	0
757	56	0.396
757	57	0.287
757	58	0.25
757	59	0.347
757	1148	0.415
757	1248	0.317
758	1037	0
759	270	0.668
759	289	0.167
759	851	0.167
759	857	0
760	759	0
761	403	0.698
761	417	0.631
761	418	0.522
763	1030	0
764	769	0.256
765	55	0
765	144	0
765	165	0
765	368	0
765	447	0
765	457	0
765	648	0
765	770	0
765	847	0
765	874	0
765	900	0
765	907	0
765	948	0
765	1060	0
765	1062	0
765	1083	0
766	368	0
766	409	0
766	432	0
766	457	0
766	530	0
766	573	0
766	720	0
766	726	0
766	729	0
766	754	0
766	765	0
766	769	0
766	770	0
766	771	0
766	803	0
766	806	0
766	823	0
766	880	0
766	917	0
766	928	0
766	948	0
766	955	0
766	962	0
766	963	0
766	964	0
766	991	0
766	1006	0
766	1014	0
766	1023	0
766	1026	0
766	1027	0
766	1030	0
766	1050	0
766	1084	0
769	144	0.164
769	457	0.203
769	573	0
769	645	0.594
769	737	0.225
769	894	0.261
769	907	0.282
769	953	0.255
769	994	0.304
769	1008	0.247
769	1024	0.668
769	1030	0.36
769	1035	0.315
769	1051	0.282
769	1062	0.269
769	1065	0.247
769	1067	0
769	1069	0.31
769	1078	0
769	1432	0.257
770	144	0
770	145	0
770	457	0
770	1062	0
771	22	0.402
771	79	0.329
771	770	0
772	79	0.357
772	769	0.373
772	770	0
773	1025	0.261
774	1014	0
775	447	0
775	648	0
775	740	0
775	811	0
775	877	0
775	991	0
775	1069	0
775	1073	0
777	260	0.305
778	851	0.449
778	852	0.449
778	857	0
779	851	0
779	852	0
779	857	0
780	146	0.668
780	197	0.668
780	260	0.668
780	302	0.668
780	389	0.668
780	515	0.668
780	602	0.668
780	632	0.668
780	698	0.668
780	1432	0.668
781	560	0.266
782	523	0
782	781	0
782	993	0
782	994	0
783	501	0
783	965	0
783	966	0
783	986	0
786	1064	0
787	87	0.346
787	89	0.421
787	90	0.305
787	131	0.668
787	1144	0.235
792	724	0
793	374	0.317
796	433	0
799	1083	0.299
800	857	0
800	953	0
801	28	0
802	851	0.244
802	853	0
802	857	0
803	851	0.174
803	852	0.168
803	854	0.195
803	857	0
804	302	0.234
804	851	0.206
804	852	0.191
804	857	0
806	1069	0.301
807	28	0
808	926	0
810	164	0
811	53	0.553
811	495	0.323
814	928	0.668
815	1015	0.668
816	851	0.273
816	852	0.243
816	857	0
820	202	0.166
820	648	0.238
820	1615	0.472
823	822	0.258
824	745	0
826	828	0.813
829	1392	0.313
829	1400	0.693
829	1469	0.479
829	1552	0.332
830	816	0.301
830	888	0.301
830	923	0.208
830	950	0.301
831	815	0.668
831	1015	0.363
832	831	0
833	611	0.208
835	154	0.229
836	374	0.678
838	851	0.254
838	853	0
838	854	0.277
838	857	0
840	270	0.125
840	857	0
841	853	0
841	857	0
842	765	0
844	208	0.248
846	848	0
847	785	0
848	852	0.207
848	857	0
850	270	0.453
851	721	0.119
851	722	0.072
853	720	0
853	721	0
853	722	0
854	720	0.181
854	722	0.062
856	846	0
857	370	0
857	515	0
857	530	0
857	720	0
857	721	0
857	754	0
857	860	0
857	890	0
857	953	0
857	997	0
857	1015	0
857	1069	0
858	1019	0.034
860	992	0
862	457	0.668
863	424	0
863	737	0
863	883	0
863	917	0
863	948	0
864	865	0
864	948	0
866	864	0
867	515	0.189
869	22	0.668
869	36	0.668
869	116	0.668
871	533	0.299
871	1408	0.17
871	1436	0.223
871	1540	0.38
872	934	0.337
873	1030	0
874	993	0.208
876	22	0.531
876	307	0.761
876	796	0
876	1130	0.649
877	993	0
878	368	0
880	1014	0.286
881	468	0.668
881	515	0.668
881	1272	0.668
882	378	0.365
882	379	0.274
882	429	0.362
882	482	0.199
882	573	0
882	812	0
882	921	0.095
882	1078	0
885	992	0
886	992	0
887	992	0
888	851	0.276
888	852	0.245
888	857	0
889	560	0.21
890	992	0
891	992	0
892	992	0
893	992	0
894	992	0
895	703	0
896	36	0.352
898	427	0.501
899	256	0.248
900	71	0
901	270	0.374
901	289	0.374
901	857	0
902	851	0.467
902	852	0.467
902	857	0
903	821	0
903	851	0
903	857	0
910	220	0.769
910	379	0.741
910	429	0.647
910	998	0.239
910	1250	0.741
911	482	0.639
912	482	0.639
913	379	0.741
914	379	0.822
914	429	0.442
914	911	0.711
914	1250	0.822
915	379	0.652
915	429	0.397
915	911	0.578
915	912	0.578
917	851	0.165
917	852	0.154
917	857	0
919	378	0.172
919	405	0.225
919	406	0.225
919	407	0.126
919	482	0.199
919	1236	0.17
919	1268	0.194
920	379	0.515
920	429	0.302
920	1002	0.117
921	379	0.515
922	208	0.151
923	851	0.305
923	852	0.278
923	857	0
925	220	0.248
925	403	0.2
928	1069	0.274
932	769	0.316
933	737	0.193
934	87	0.176
934	89	0.282
934	91	0.234
935	181	0
935	256	0.668
938	8	0.199
938	493	0.238
938	1264	0.427
940	54	0.173
940	731	0.088
940	732	0.233
943	1014	0.286
948	71	0
948	533	0.258
948	1034	0.27
949	977	0
950	851	0.364
950	852	0.314
950	857	0
952	217	0
953	71	0
954	55	0.315
954	370	0.521
954	447	0.219
954	560	0.249
954	761	0.234
954	792	0.668
954	843	0.348
954	956	0.248
954	1027	0.668
957	530	0
957	993	0
957	1042	0
958	959	0.058
959	270	0.252
959	851	0.312
959	852	0.248
959	857	0
960	270	0.367
960	857	0
961	1133	0.291
962	783	0
963	783	0
964	783	0
965	81	0
966	81	0.668
967	81	0.668
968	81	0.195
969	81	0
970	81	0.668
971	783	0
972	973	0.49
973	533	0.443
973	604	0.31
973	744	0.208
974	936	0
975	22	0.558
975	488	0.603
975	490	0.617
975	522	0
975	523	0.643
975	1028	0.648
975	1130	0.599
975	1282	0.607
976	1011	0.668
976	1013	0.152
977	783	0
979	917	0.08
980	133	0.173
980	154	0.268
981	22	0
981	87	0
981	90	0
981	91	0
981	164	0
981	284	0
981	706	0
981	749	0
981	754	0
981	818	0
981	860	0
981	991	0
981	1008	0
981	1030	0
982	22	0
982	523	0
982	698	0
982	749	0
982	876	0
982	975	0
982	1042	0
983	981	0
984	54	0.206
984	55	0.385
984	94	0.214
984	144	0.244
984	165	0
984	368	0.168
984	447	0.239
984	448	0.201
984	457	0.184
984	482	0.529
984	530	0.324
984	533	0.417
984	560	0.496
984	560	0.496
984	569	0.225
984	632	0.443
984	648	0.344
984	726	0.167
984	737	0.196
984	751	0.18
984	761	0.457
984	771	0.289
984	802	0.2
984	837	0.339
984	847	0.022
984	865	0.203
984	874	0.245
984	883	0
984	886	0.27
984	894	0.218
984	900	0.213
984	907	0.234
984	917	0.063
984	927	0.518
984	948	0.203
984	965	0
984	966	0.41
984	970	0.412
984	971	0.09
984	991	0.668
984	997	0.214
984	1008	0.212
984	1011	0.668
984	1025	0.226
984	1046	0.269
984	1051	0.326
984	1060	0.154
984	1062	0.418
984	1277	0
984	1278	0.484
985	954	0.271
985	1432	0.267
986	144	0
986	457	0.366
986	728	0
986	917	0
986	971	0.253
987	984	0.467
988	202	0
989	718	0
991	71	0
993	58	0.324
993	144	0.274
993	769	0.341
993	792	0.668
993	948	0.173
994	22	0.229
994	55	0.383
994	58	0.232
994	79	0.334
994	144	0.151
994	307	0.249
994	470	0.397
994	770	0
994	792	0.668
994	900	0.245
994	945	0.141
994	948	0.235
995	53	0.429
995	55	0.188
996	648	0.216
997	71	0
999	1033	0.42
1000	724	0
1000	981	0
1002	905	0.241
1003	365	0.307
1005	260	0.313
1005	389	0.367
1005	632	0.274
1007	1006	0.267
1008	1006	0.248
1009	260	0.234
1011	560	0.668
1011	564	0.668
1011	761	0.668
1012	569	0.211
1012	1011	0.668
1013	564	0.334
1013	1014	0.286
1014	515	0.286
1014	560	0.286
1014	564	0.286
1014	761	0.286
1014	1255	0.286
1015	22	0.329
1015	572	0.401
1015	1014	0.286
1016	1014	0.042
1017	1011	0.064
1017	1014	0.042
1019	302	0.043
1019	602	0.703
1020	270	0.427
1020	289	0.083
1020	851	0.085
1021	270	0.329
1022	560	0.368
1025	928	0.235
1025	954	0.25
1025	1006	0.281
1025	1008	0.223
1025	1045	0.668
1025	1065	0.226
1027	1014	0.286
1028	55	0.392
1028	144	0.131
1028	586	0.405
1028	823	0.443
1028	1031	0
1029	71	0
1030	71	0
1031	594	0
1032	1053	0
1033	94	0.234
1035	883	0
1038	758	0.233
1038	1037	0
1040	838	0
1040	839	0
1040	840	0
1040	841	0
1041	483	0.257
1042	377	0.668
1042	630	0.668
1042	734	0.668
1042	1019	0.043
1043	698	0.334
1044	59	0.275
1045	953	0.668
1046	722	0.194
1046	1045	0.668
1047	856	0
1047	860	0
1048	1030	0.186
1049	1011	0.668
1051	993	0.266
1053	936	0
1053	1054	0.976
1054	1037	0
1055	1057	0
1055	1058	0
1057	851	0.467
1057	852	0.467
1057	857	0
1058	851	0.098
1058	852	0.108
1058	857	0
1058	1042	0.668
1060	220	0.19
1060	1443	0.192
1060	1444	0.157
1061	1065	0.253
1062	724	0
1062	854	0.07
1065	900	0.212
1065	1029	0
1065	1069	0.448
1067	1014	0
1068	1069	0.16
1069	890	0.228
1069	953	0.264
1072	641	0
1074	633	0.615
1074	898	0.656
1077	44	0.113
1077	778	0
1078	22	0
1080	260	0.313
1080	370	0.142
1080	602	0.222
1080	881	0.271
1082	960	0
1083	818	0.303
1085	724	0
1086	56	0.36
1086	56	0.36
1086	57	0.417
1086	801	0
1088	374	0.556
1089	47	0.215
1090	256	0.999
1090	899	0.178
1113	208	0.389
1115	216	0.376
1115	1287	0.553
1125	756	0
1126	28	0.164
1126	801	0
1128	1483	0.668
1130	55	0.325
1130	55	0.325
1130	57	0.222
1130	91	0.318
1130	307	0.632
1130	688	0.225
1130	713	0.441
1130	843	0.286
1130	966	0.314
1132	28	0.287
1133	268	0.292
1133	289	0.148
1133	634	0.645
1133	843	0.471
1133	1140	0.668
1133	1488	0.29
1133	1614	0.412
1135	417	0.731
1135	1618	0.603
1137	22	0.225
1137	116	0.225
1137	493	0.218
1139	713	0.31
1140	471	0.668
1140	1133	0.668
1141	57	0.543
1143	28	0.668
1145	57	0.641
1147	801	0
1148	55	0.279
1148	56	0.886
1148	57	0.641
1148	60	0.403
1148	61	0.668
1148	757	0.415
1149	641	0.696
1150	90	0
1151	57	0
1152	58	0.668
1152	59	0.668
1152	1148	0.668
1152	1248	0.668
1153	58	0.614
1153	59	0.79
1154	58	0.535
1154	59	0.709
1155	801	0
1156	71	0
1156	417	0.018
1156	754	0.024
1156	1313	0.08
1157	57	0.104
1158	154	0.216
1159	468	0
1159	697	0
1160	1161	0.408
1162	1153	0.341
1163	710	0.098
1165	91	0.199
1166	154	0.099
1166	181	0
1167	60	0
1168	511	0
1169	55	0
1169	447	0
1171	1116	0.347
1171	1133	0.28
1171	1344	0.303
1171	1396	0.331
1171	1468	0.358
1171	1496	0.346
1171	1497	0.668
1171	1498	0.224
1172	71	0
1173	57	0.588
1173	59	0.666
1173	87	0.211
1174	1161	0.668
1175	1129	0.248
1176	515	0.205
1176	533	0.304
1176	697	0.308
1176	1308	0.668
1177	216	0.489
1177	710	0.352
1178	243	0.42
1180	28	0.709
1180	91	0.56
1182	57	0.274
1183	57	0.276
1184	1152	0
1185	379	0.674
1185	429	0.609
1189	216	0.713
1190	468	0.28
1191	90	0.387
1191	232	0.289
1192	1193	0.217
1192	1212	0.268
1193	533	0.328
1193	602	0.396
1193	1196	0.224
1193	1313	0.317
1194	90	0.145
1195	256	0.688
1195	710	0.28
1196	302	0.532
1196	604	0.383
1197	1271	0
1199	9	0.107
1200	504	0
1201	9	0.267
1201	9	0.267
1201	197	0.128
1201	515	0.211
1201	572	0.189
1201	754	0.18
1201	1207	0.06
1201	1283	0.108
1203	578	0
1205	471	0.022
1207	197	0.081
1208	560	0.292
1209	58	0.668
1209	59	0.668
1209	1148	0.668
1211	1129	0
1212	1192	0.268
1212	1193	0.282
1213	641	0
1214	603	0.439
1215	154	0.21
1216	181	0
1217	1218	0.374
1218	376	0.28
1218	694	0.296
1219	1231	0.286
1220	1221	0.668
1220	1222	0
1221	377	0.668
1221	694	0.668
1221	1224	0.668
1222	1224	0.551
1223	1235	0.209
1224	376	0.24
1224	1221	0.668
1224	1223	0.631
1225	376	0.362
1226	713	0.668
1227	652	0.668
1228	365	0.293
1229	683	0.334
1230	369	0.714
1230	1229	0.475
1233	533	0.289
1235	376	0.781
1236	47	0.182
1236	133	0.136
1236	447	0.152
1236	484	0.181
1236	602	0.331
1236	1299	0.122
1238	57	0.193
1240	154	0.668
1241	87	0.31
1241	89	0.347
1241	91	0.533
1242	1187	0.198
1243	53	0.207
1243	256	0.35
1243	710	0.272
1244	379	0.576
1244	429	0.564
1245	378	0.146
1245	407	0.111
1245	1236	0.154
1246	59	0.447
1247	332	0.234
1248	56	0.705
1248	57	0.785
1248	757	0.317
1248	801	0
1248	1155	0.679
1249	133	0.665
1250	221	0.374
1252	219	0.105
1252	220	0.146
1252	378	0.122
1252	407	0.095
1252	1236	0.139
1253	219	0.168
1253	220	0.217
1254	219	0.357
1254	220	0.367
1255	379	0.609
1255	429	0.516
1256	417	0.604
1256	418	0.437
1257	144	0.233
1257	201	0.221
1257	1142	0.243
1260	60	0
1261	56	0.668
1261	57	0.668
1261	58	0.668
1261	59	0.668
1261	1248	0.668
1262	743	0.665
1263	28	0.668
1264	724	0
1265	713	0.333
1265	743	0.333
1265	1206	0.234
1266	1271	0.668
1266	1279	0.668
1267	1209	0.668
1269	1266	0.854
1270	216	0.148
1270	1312	0.267
1271	1266	0.668
1272	1266	0.77
1273	219	0.345
1273	220	0.346
1276	181	0
1277	81	0
1278	1292	0.273
1280	612	0.317
1280	634	0.301
1281	55	0
1282	488	0.719
1282	1552	0.242
1283	164	0.267
1283	981	0
1283	981	0
1284	164	0.223
1287	216	0.543
1288	57	0.429
1289	543	0
1290	376	0.321
1290	634	0.196
1290	694	0.338
1291	57	0.668
1291	58	0.668
1291	59	0.668
1291	1148	0.668
1291	1248	0.668
1292	1202	0
1293	1240	0.668
1294	572	0.099
1295	216	0.157
1296	268	0.19
1296	270	0.158
1296	1199	0.156
1297	216	0.147
1300	302	0.249
1300	533	0.384
1300	602	0.381
1300	1197	0
1300	1271	0.668
1301	181	0
1301	256	0.423
1302	1138	0
1304	1115	0.591
1304	1312	0.512
1304	1441	0.373
1306	216	0.222
1309	154	0.477
1309	216	0.347
1310	365	0.668
1310	376	0.668
1310	377	0.668
1312	216	0.14
1312	1270	0.267
1313	476	0.265
1313	634	0.223
1315	1231	0.243
1317	697	0.267
1317	815	0.668
1318	216	0
1323	201	0.191
1323	488	0.17
1324	417	0.682
1324	418	0.548
1325	1154	0.668
1328	683	0.168
1330	713	0
1331	379	0.497
1331	429	0.535
1334	1396	0.336
1335	1116	0.202
1337	829	0.306
1337	1469	0.381
1352	1133	0.239
1356	1604	0.199
1360	1545	0.335
1360	1625	0.435
1366	611	0.201
1366	612	0.209
1366	1412	0.241
1370	1442	0
1376	1432	0.19
1377	811	0.346
1377	1412	0.356
1380	604	0.184
1380	710	0.239
1380	1441	0.319
1380	1567	0.252
1382	612	0.35
1386	1412	0.323
1387	811	0
1389	1391	0.175
1391	1133	0.198
1392	1460	0.298
1392	1461	0.27
1393	710	0.169
1414	811	0.257
1414	1405	0.195
1414	1432	0.196
1423	1116	0.292
1424	633	0.075
1424	811	0.135
1424	1400	0.138
1424	1412	0.132
1432	602	0.576
1432	603	0.227
1432	634	0.23
1432	636	0.208
1432	698	0.261
1432	867	0.363
1432	990	0.668
1432	1015	0.287
1432	1372	0.306
1432	1411	0.29
1432	1412	0.44
1432	1472	0.259
1432	1486	0.273
1432	1550	0.255
1432	1591	0.309
1432	1604	0.218
1443	604	0.309
1443	636	0.207
1443	867	0.302
1443	1060	0.192
1443	1455	0.668
1443	1525	0.668
1443	1540	0.346
1443	1603	0.152
1443	1610	0.173
1444	586	0.668
1444	610	0.668
1444	611	0.668
1444	636	0.668
1444	867	0.668
1444	1060	0.157
1444	1133	0.668
1444	1375	0.668
1444	1525	0.668
1444	1540	0.668
1444	1554	0.196
1444	1564	0.668
1444	1603	0.668
1444	1610	0.668
1444	1611	0.065
1454	1562	0.311
1469	634	0.337
1469	638	0.668
1469	697	0.226
1469	1586	0.24
1469	1587	0.244
1469	1591	0.394
1475	1116	0
1475	1496	0
1484	1396	0
1484	1467	0
1484	1496	0
1486	612	0.281
1487	1465	0
1501	1116	0.668
1507	1133	0.668
1515	897	0.135
1515	1604	0.24
1523	611	0
1523	811	0
1523	867	0
1523	1116	0
1523	1363	0
1523	1396	0
1523	1467	0
1523	1510	0.071
1523	1525	0
1525	769	0.668
1525	1352	0.668
1530	1392	0.197
1530	1464	0.668
1530	1465	0.228
1531	1392	0
1531	1400	0
1531	1552	0
1536	815	0.14
1536	1469	0.182
1538	1522	0.367
1540	871	0.38
1540	1443	0.346
1540	1444	0.668
1545	616	0.267
1546	616	0.668
1546	1540	0.668
1547	1524	0.398
1547	1545	0.271
1547	1625	0.249
1554	751	0.111
1554	769	0.109
1554	906	0.098
1554	1352	0.097
1554	1406	0.105
1554	1412	0.339
1554	1496	0.079
1561	661	0.215
1562	897	0.466
1562	1491	0.514
1562	1604	0.459
1571	615	0.519
1571	657	0.52
1579	908	0.668
1579	1618	0.332
1581	1401	0.312
1589	1443	0.668
1591	1250	0.308
1614	1133	0.412
1614	1618	0.481
1615	622	0.268
1616	610	0.189
1617	610	0.189
1618	1443	0.523
1618	1444	0.668
1619	1443	0.223
1619	1444	0.668
1625	1523	0
1634	1561	0.301
