1	55	0.559
1	55	0.559
1	57	0.624
1	58	0.539
1	249	0.506
1	843	0.455
4	430	0.472
4	681	0.619
4	683	0.699
5	529	0.352
6	162	0
6	308	0
6	648	0
8	121	0.652
8	146	0.63
8	378	0.656
8	471	0.644
8	489	0.588
8	558	0.535
8	559	0.417
8	698	0.679
8	815	0.357
8	956	0.532
9	49	0.114
9	81	0.02
9	271	0.612
11	367	0.459
13	28	0.286
14	724	0
16	196	0.394
17	242	0.369
18	71	0
18	376	0.352
19	445	0.401
21	579	0.447
22	17	0.582
22	55	0.706
22	55	0.706
22	91	0.568
22	91	0.568
22	144	0.663
22	249	0.592
22	279	0.49
22	301	0.483
22	307	0.699
22	308	0.683
22	308	0.683
22	312	0.415
22	335	0.598
22	350	0.622
22	351	0.616
22	352	0.587
22	413	0.626
22	421	0.515
22	434	0.419
22	440	0.691
22	458	0.58
22	493	0.622
22	560	0.729
22	560	0.729
22	572	0.641
22	623	0.59
22	636	0.603
22	653	0.36
22	688	0.52
22	724	0
22	843	0.657
22	915	0.461
22	920	0.565
22	921	0.565
22	956	0.446
22	1255	0.484
24	47	0.573
25	26	0.262
26	10	0.445
26	476	0.625
27	977	0.362
28	91	0.676
28	158	0.618
28	402	0.317
29	53	0.569
29	154	0.452
31	695	0.303
35	524	0.482
35	531	0.391
36	579	0.447
36	588	0.206
36	789	0.185
36	983	0.16
37	579	0.574
38	578	0.782
38	579	0.391
39	579	0.535
40	36	0.615
40	579	0.625
41	579	0.696
42	579	0.902
43	20	0.575
44	724	0
46	378	0.661
46	379	0.578
46	419	0.64
46	420	0.577
46	429	0.594
47	133	0.844
47	344	0.537
47	358	0.533
47	360	0.635
47	797	0
47	1079	0
48	8	0.635
48	66	0.658
48	67	0.633
48	126	0.743
48	127	0.752
48	237	0.541
48	445	0.726
48	448	0.483
48	484	0.676
48	484	0.676
49	81	0.305
49	81	0.305
49	91	0.265
50	48	0.782
50	66	0.569
50	126	0.782
50	127	0.728
50	237	0.62
50	484	0.59
50	537	0.567
50	556	0.743
52	71	0
53	154	0.618
53	307	0.607
53	421	0.43
53	915	0.435
54	853	0
54	857	0
55	56	0.715
55	57	0.701
55	58	0.688
55	58	0.688
55	59	0.662
55	59	0.662
55	91	0.722
55	1148	0.468
56	55	0.715
56	59	0.68
56	131	0.662
56	801	0.185
57	55	0.701
57	56	0.845
57	58	0.745
57	58	0.745
57	131	0.636
57	801	0.134
58	28	0.511
58	55	0.688
58	56	0.709
58	57	0.745
58	59	0.762
58	60	0.632
58	61	0.424
58	617	0.385
58	757	0.634
58	801	0.17
58	1234	0.156
58	1261	0.686
59	55	0.662
59	56	0.68
59	57	0.701
59	58	0.762
59	60	0.734
59	61	0.582
59	61	0.582
59	158	0.543
59	484	0.599
59	757	0.717
59	801	0.149
59	1146	0.548
59	1155	0.621
59	1261	0.705
60	56	0.713
60	57	0.78
60	801	0.167
60	1086	0
61	58	0.424
61	59	0.582
62	131	0.426
62	713	0.466
62	1327	0
63	302	0.639
63	697	0.689
63	1284	0.582
65	47	0.429
68	242	0.529
68	533	0.629
68	1284	0.705
69	154	0.322
69	154	0.322
70	569	0.839
70	1011	0.367
70	1014	0.705
71	76	0
71	78	0
71	80	0
71	105	0
71	134	0
71	135	0
71	180	0
71	278	0
71	447	0
71	448	0
71	458	0
71	522	0
71	523	0
71	528	0
71	541	0
71	552	0
71	722	0
71	734	0
71	766	0
71	767	0
71	768	0
71	774	0
71	814	0
71	818	0
71	872	0
71	939	0
71	1008	0
71	1016	0
71	1048	0
71	1061	0
71	1062	0
71	1065	0
71	1087	0
71	1169	0
72	323	0.468
72	765	0
73	342	0.225
74	72	0
74	447	0
74	457	0
75	57	0.316
75	60	0.328
75	72	0.308
75	91	0.275
75	233	0.36
75	554	0.234
75	572	0.264
75	579	0.291
75	646	0.336
75	648	0.391
75	703	0.33
75	737	0.201
75	907	0.288
75	948	0.126
75	1050	0.194
76	72	0.337
76	233	0.349
76	554	0.348
76	646	0.395
77	75	0.367
77	703	0.185
78	72	0.386
78	74	0
78	79	0.439
78	447	0.388
78	552	0.512
79	144	0.426
79	323	0.521
79	415	0.473
79	428	0.479
79	572	0.415
79	1062	0.324
80	144	0.6
80	648	0.418
81	212	0.254
81	521	0.236
81	521	0.236
81	583	0.291
81	773	0.262
81	984	0.245
81	1170	0.304
82	443	0.511
82	443	0.511
83	94	0.603
83	154	0.351
83	479	0.492
85	28	0.66
85	87	0.581
85	239	0.602
85	340	0.098
85	484	0.416
86	60	0.706
86	393	0.605
87	28	0.726
87	28	0.726
87	55	0.661
87	57	0.667
87	58	0.593
87	59	0.655
87	60	0.631
87	73	0.233
87	88	0.726
87	89	0.751
87	90	0.721
87	172	0.431
87	233	0.605
87	251	0.338
87	251	0.338
87	272	0.594
87	284	0.612
87	284	0.612
87	342	0.639
87	342	0.639
87	421	0.375
87	494	0.67
87	497	0.436
87	574	0.386
87	587	0.581
87	713	0.607
87	757	0.721
87	765	0
87	828	0.567
87	909	0
87	983	0.182
87	988	0
87	994	0.526
87	1127	0.706
87	1248	0.572
87	1259	0.388
88	87	0.726
88	342	0.769
88	393	0.488
88	393	0.488
88	394	0.7
88	395	0
88	493	0.35
89	73	0.268
89	73	0.268
89	91	0.636
89	233	0.429
89	342	0.819
89	497	0.323
89	909	0
89	988	0
90	46	0.618
90	46	0.618
90	60	0.611
90	85	0.658
90	87	0.721
90	340	0.247
90	425	0.302
90	585	0.775
90	988	0
90	1179	0
91	87	0.732
91	87	0.732
91	88	0.436
91	88	0.436
91	89	0.636
92	589	0.347
93	197	0.621
93	714	0.416
93	1161	0.615
93	1193	0.322
93	1196	0.705
94	133	0.624
94	154	0.472
94	211	0.627
94	216	0.64
94	305	0.56
94	389	0.502
94	483	0.511
94	961	0.713
94	1074	0.495
94	1312	0.238
96	118	0.458
96	119	0.657
96	120	0.548
96	122	0.374
96	187	0.518
97	118	0.538
98	187	0.74
98	574	0.653
98	574	0.653
99	574	0.469
100	574	0.469
101	574	0.694
105	144	0
105	368	0
106	664	0.821
106	666	0.759
107	482	0.585
108	714	0.704
111	389	0.739
112	118	0.454
112	118	0.454
113	119	0.706
113	122	0.484
114	118	0.454
115	101	0.65
115	187	0.491
116	279	0.433
116	421	0.507
116	434	0.309
116	493	0.671
116	706	0.479
116	915	0.37
116	920	0.386
116	921	0.386
116	1077	0.593
116	1128	0.462
116	1255	0.406
118	55	0.621
118	97	0.538
118	536	0.66
119	187	0.665
119	478	0.606
119	574	0.685
121	28	0.59
121	165	0.394
121	417	0.589
121	493	0.654
121	648	0.589
121	929	0
121	945	0.453
122	58	0.42
122	574	0.575
123	119	0.62
124	133	0.497
126	112	0.564
126	112	0.564
126	262	0
126	484	0.571
127	66	0.638
127	262	0
127	484	0.63
128	572	0.489
129	65	0.572
131	62	0.426
131	340	0.172
131	713	0.593
131	787	0.546
131	1241	0.636
132	87	0.64
132	89	0.552
133	144	0.813
133	757	0.512
133	1209	0.334
134	447	0.555
134	477	0.191
134	484	0.341
135	165	0.548
136	148	0.193
136	511	0.362
137	60	0.46
137	61	0.371
137	181	0
137	407	0.497
137	407	0.497
137	633	0.446
137	710	0.535
139	64	0.809
141	471	0.628
141	627	0.562
142	28	0.26
144	94	0.659
144	751	0.555
144	797	0
144	881	0.7
144	1075	0.251
144	1076	0.539
145	144	0.527
145	180	0.941
146	8	0.63
146	70	0.648
146	173	0.737
146	403	0.558
146	869	0.448
147	70	0.698
147	173	0.548
148	57	0.521
148	59	0.509
149	223	0.574
149	490	0.613
150	233	0.548
150	389	0.736
150	400	0.643
150	554	0.435
150	632	0.598
152	652	0.429
152	1297	0.529
153	66	0.585
154	94	0.472
154	319	0.499
154	652	0.452
154	695	0.544
154	897	0.683
154	897	0.683
154	1074	0.446
158	28	0.618
158	84	0.542
158	131	0.629
158	511	0.323
160	81	0
161	542	0
164	168	0.326
164	522	0
164	523	0.441
164	1016	0.35
165	121	0.394
165	481	0.423
165	540	0.33
165	993	0.375
166	46	0.714
166	379	0.491
167	101	0.549
167	154	0.326
167	187	0.66
167	413	0.548
167	478	0.943
167	621	0.471
168	522	0
169	424	0
170	513	0.165
171	710	0.564
171	1243	0.521
172	484	0.511
173	22	0.55
174	160	0
174	161	0
174	802	0
174	803	0
174	804	0
175	101	0.629
177	90	0.558
180	144	0.53
180	144	0.53
180	253	0.535
180	817	0
180	893	0.592
180	894	0.4
180	1209	0.314
181	307	0
181	308	0
182	527	0
183	572	0.529
183	757	0.591
185	471	0.42
187	60	0.634
187	175	0.878
187	471	0.689
187	574	0.726
187	574	0.726
187	611	0.661
187	757	0.634
187	1209	0.432
187	1261	0.584
187	1291	0.608
189	640	0.362
190	208	0.364
190	209	0.377
193	421	0.192
195	445	0.392
196	197	0.773
197	85	0.434
197	93	0.621
197	217	0.803
197	302	0.625
197	417	0.755
197	421	0.584
197	447	0.562
197	482	0.671
197	533	0.716
197	552	0.72
197	572	0.661
197	578	0.484
197	602	0.751
197	632	0.689
197	634	0.602
197	636	0.653
197	697	0.637
197	706	0.32
197	933	0.221
197	938	0.632
197	1015	0.569
197	1190	0.719
197	1313	0.28
199	55	0.495
199	1153	0.484
199	1154	0.397
201	206	0.703
201	208	0.828
201	208	0.828
203	202	0.756
203	202	0.756
203	351	0.491
205	206	0.77
206	590	0.699
207	206	0.955
207	590	0.73
210	202	0.838
211	133	0.872
211	253	0.915
211	1052	0
212	282	0
212	569	0.803
212	1011	0.422
214	602	0.424
217	302	0.678
217	515	0.686
217	533	0.737
217	602	0.787
217	632	0.668
217	1015	0.619
217	1071	0.268
217	1204	0.602
219	211	0.786
219	432	0.399
219	435	0.551
219	439	0.853
219	490	0.745
219	1113	0.55
219	1171	0.53
219	1257	0.647
220	91	0.649
220	94	0.606
220	133	0.773
220	144	0.824
220	197	0.726
220	198	0.517
220	211	0.785
220	219	0.913
220	253	0.786
220	378	0.813
220	408	0.798
220	409	0.333
220	432	0.408
220	435	0.556
220	439	0.821
220	490	0.812
220	507	0.43
220	518	0.226
220	528	0.645
220	591	0.806
220	635	0.539
220	648	0.315
220	652	0.524
220	894	0.326
220	909	0
220	922	0.461
220	945	0.242
220	946	0.559
220	989	0.467
220	1028	0.811
220	1033	0.552
220	1062	0.364
220	1113	0.546
220	1171	0.478
220	1257	0.572
221	414	0.768
221	490	0.814
221	1249	0.485
222	215	0
222	410	0
224	223	0.556
226	231	0.668
227	228	1
228	248	0.569
228	495	0.713
230	225	0.951
232	85	0.643
232	90	0.822
232	441	0.699
232	448	0.699
232	617	0.41
232	1179	0
233	220	0.685
233	260	0.635
233	302	0.607
233	361	0.67
233	470	0.666
233	515	0.663
233	533	0.667
233	554	0.46
233	602	0.647
233	632	0.734
233	734	0.384
233	1140	0.786
233	1203	0.461
233	1204	0.55
233	1300	0.697
234	618	0.673
238	237	1
241	90	0.463
241	239	0.331
242	166	0.671
242	197	0.522
242	232	0.633
242	243	0.806
242	355	0.589
242	448	0.501
242	585	0.658
242	603	0.502
243	242	0.806
243	242	0.806
247	315	0
248	374	0.668
249	243	0.594
249	757	0.59
252	9	0
253	133	0.916
255	307	0
255	308	0
256	181	0
256	264	0.224
256	529	0.224
256	529	0.224
256	756	0.46
257	258	0.54
260	154	0.47
260	163	0
260	533	0.777
260	602	0.78
260	635	0.495
260	737	0.452
260	900	0.491
260	948	0.463
260	1083	0.392
264	181	0
264	219	0.413
264	270	0.353
264	312	0.172
264	516	0.353
266	146	0.685
266	403	0.522
266	468	0.693
266	515	0.663
266	515	0.663
266	914	0.449
267	118	0.542
267	915	0.672
268	9	0.135
268	275	0.681
268	515	0.514
268	516	0.525
268	572	0.381
268	632	0.441
268	761	0.451
268	1012	0.406
268	1201	0.379
269	311	0.42
269	572	0.257
270	311	0.353
270	417	0.484
270	530	0.488
270	1283	0.363
274	330	0.366
274	633	0.663
275	268	0.681
275	283	0.517
275	312	0.748
275	515	0.588
276	311	0.068
278	277	0
279	421	0.716
280	202	0.695
282	202	0
282	311	0
282	364	0
282	468	0
282	494	0
282	560	0
282	565	0
282	572	0
282	579	0
283	22	0.639
283	35	0.448
283	36	0.529
283	572	0.597
283	578	0.579
284	91	0.416
284	724	0
285	695	0
286	521	0.459
287	288	0.708
288	346	0.509
288	515	0.507
289	9	0.148
289	97	0.258
289	270	0.727
289	419	0.508
289	443	0.462
289	530	0.38
289	1201	0.438
296	21	0.502
296	40	0.489
296	579	0.495
296	582	0.36
296	632	0.516
296	1015	0.477
296	1250	0.482
296	1285	0.5
296	1317	0.515
297	40	0.466
297	46	0.453
297	116	0.462
297	552	0.428
297	582	0.34
297	1010	0.226
298	164	0.31
298	530	0.375
299	27	0.246
300	306	0.557
301	430	0.35
301	515	0.392
302	93	0.643
302	219	0.71
302	266	0.736
302	533	0.759
302	572	0.696
302	602	0.781
302	625	0.83
302	630	0.474
302	698	0.78
302	706	0.426
302	818	0.301
302	1005	0.353
302	1033	0.455
302	1197	0
305	652	0.486
305	897	0.514
306	310	0
307	53	0.607
307	133	0.63
307	144	0.658
307	154	0.51
307	427	0.4
307	447	0.49
307	549	0.471
307	648	0.35
307	742	0.41
307	877	0.438
307	1188	0.253
308	22	0.683
308	53	0.637
308	98	0.43
308	154	0.563
308	202	0.409
308	307	0.764
308	616	0.53
308	648	0.437
309	310	0
310	306	0
311	170	0.137
311	282	0
311	417	0.249
311	421	0.216
311	481	0.333
311	488	0.305
311	493	0.338
311	532	0
311	534	0.413
311	539	0.345
311	560	0.27
311	565	0.388
311	572	0.264
311	572	0.264
311	579	0.272
311	587	0.319
311	706	0.399
311	707	0.283
311	708	0.45
312	219	0.473
312	219	0.473
312	220	0.503
312	264	0.172
312	275	0.748
312	373	0.377
312	421	0.549
312	533	0.493
312	572	0.354
312	593	0.417
312	602	0.457
313	60	0.81
313	91	0.611
313	91	0.611
313	1006	0.4
315	57	0
315	329	0
318	71	0
318	71	0
318	91	0.503
318	552	0.492
319	305	0.545
319	897	0.565
320	620	0.56
322	479	0.633
325	60	0.42
325	483	0.503
325	1153	0.496
325	1154	0.351
325	1261	0.521
331	202	0.529
332	87	0.553
332	166	0.548
332	801	0.276
333	413	0.362
333	695	0.318
334	28	0.124
334	1129	0.312
335	20	0.394
335	28	0.333
335	62	0.509
335	551	0.531
336	520	0.359
338	50	0.762
339	22	0
339	337	0
339	484	0
340	91	0.144
341	135	0.242
342	73	0.225
342	73	0.225
342	762	0.945
343	90	0.596
343	232	0.599
343	232	0.599
344	345	0.476
344	377	0.688
345	334	0.337
345	376	0.752
345	377	0.501
345	660	0.426
345	662	0.397
346	347	0.6
347	22	0.623
347	74	0
347	79	0.424
347	219	0.641
347	220	0.653
347	370	0.729
347	447	0.562
347	515	0.61
347	523	0.597
347	602	0.702
347	698	0.639
347	756	0.515
347	867	0.567
348	358	0.58
348	358	0.58
348	360	0.642
348	360	0.642
348	448	0.854
348	448	0.854
348	522	0
348	575	0.82
349	339	0
349	448	0.765
350	348	0.863
350	448	0.824
351	348	0.818
351	448	0.799
352	348	0.845
352	448	0.792
354	377	0.481
355	362	0.568
356	357	0.342
356	419	0.556
357	193	0.112
357	683	0.505
360	1224	0.464
361	1225	0.814
364	565	0.479
365	370	0.685
365	420	0.558
365	602	0.687
365	638	0.464
365	744	0.437
365	867	0.643
365	881	0.657
366	365	0
367	22	0.691
367	71	0
367	368	0.7
367	522	0
368	71	0
368	1172	0.507
369	643	0.848
369	644	0.844
369	664	0.737
369	666	0.71
369	683	0.891
370	219	0.669
370	302	0.737
370	515	0.72
370	938	0.543
372	1219	0.829
372	1315	0.745
373	62	0.329
373	87	0.486
373	253	0.418
373	515	0.537
373	577	0.215
373	713	0.458
374	219	0.498
374	233	0.669
374	249	0.399
374	377	0.551
374	552	0.584
374	602	0.455
374	602	0.455
374	876	0.609
376	377	0.577
376	602	0.593
376	634	0.536
376	635	0.77
376	636	0.485
376	1235	0.546
376	1313	0.158
376	1314	0.562
377	376	0.577
377	486	0
377	634	0.673
377	636	0.675
377	638	0.447
377	694	0.563
378	47	0.832
378	55	0.711
378	58	0.701
378	58	0.701
378	60	0.604
378	84	0.682
378	133	0.813
378	211	0.79
378	243	0.602
378	253	0.806
378	407	0.812
378	417	0.796
378	447	0.625
378	484	0.649
378	602	0.671
378	648	0.367
378	652	0.48
378	757	0.655
378	1152	0.538
378	1248	0.534
378	1299	0.178
379	378	0.803
379	405	0.847
379	407	0.917
379	482	0.74
379	881	0.592
379	1236	0.953
380	273	0.35
382	22	0
386	695	0.276
388	302	0.716
388	533	0.646
389	533	0.745
389	560	0.719
389	698	0.738
389	714	0.698
389	1161	0.663
389	1176	0.492
389	1213	0
390	391	0.313
391	26	0.382
392	28	0.49
392	142	0.44
392	792	0.777
399	259	0.593
400	68	0.665
400	468	0.678
400	533	0.691
400	572	0.702
400	602	0.738
400	697	0.662
400	1083	0.336
400	1149	0.499
400	1159	0.555
401	379	0.53
403	220	0.592
403	378	0.576
404	421	0.594
405	211	0.896
405	418	0.852
405	435	0.527
405	439	0.842
405	1113	0.574
405	1164	0.57
405	1247	0.87
405	1249	0.428
405	1257	0.579
406	124	0.371
406	823	0.445
407	47	0.873
407	133	0.88
407	219	0.756
407	253	0.919
407	253	0.919
407	261	0.578
407	282	0
407	358	0.546
407	360	0.643
407	377	0.524
407	426	0.428
407	447	0.778
407	484	0.443
407	490	0.84
407	552	0.488
407	602	0.683
407	1299	0.144
408	328	0.454
408	332	0.628
408	439	0.812
409	74	0
410	620	0.332
412	28	0.237
412	371	0.585
412	632	0.419
413	479	0.624
413	484	0.644
413	756	0.594
413	956	0.475
414	323	0.617
414	428	0.631
416	74	0
417	58	0.564
417	75	0.332
417	144	0.839
417	211	0.832
417	219	0.871
417	220	0.905
417	253	0.811
417	379	0.819
417	407	0.798
417	432	0.43
417	439	0.836
417	488	0.612
417	490	0.888
417	591	0.835
417	619	0.448
417	625	0.777
417	724	0
417	757	0.541
417	1196	0.723
417	1248	0.509
417	1257	0.581
418	144	0.82
418	219	0.883
418	220	0.921
418	332	0.566
418	417	0.946
419	378	0.808
419	405	0.897
419	406	0.661
419	482	0.775
420	378	0.757
420	405	0.879
420	406	0.611
420	448	0.708
420	482	0.783
420	1268	0.675
421	351	0.791
421	378	0.773
421	379	0.934
421	417	0.767
421	419	0.901
421	429	0.872
421	482	0.696
421	619	0.372
421	645	0.833
421	1039	0.427
421	1307	0.274
422	242	0.509
422	636	0.602
423	176	0.532
423	188	0.639
424	270	0.493
424	289	0.589
424	530	0.402
424	857	0
424	1072	0
428	414	0.631
429	378	0.808
429	407	0.889
429	1236	0.92
430	220	0.482
430	335	0.419
430	378	0.519
430	405	0.467
430	406	0.482
430	482	0.437
430	482	0.437
430	1268	0.479
431	554	0.332
432	431	0.436
432	438	0.567
432	442	0
432	931	0.154
432	1298	0.338
433	438	0.418
433	931	0.308
433	1298	0.197
434	379	0.565
434	420	0.533
434	429	0.554
435	208	0.506
438	442	0
439	144	0.824
439	201	0.48
439	1142	0.843
440	190	0.412
440	201	0.565
440	488	0.698
440	541	0.367
441	369	0.77
441	421	0.773
441	454	0.605
441	670	0.566
441	1229	0.779
443	97	0.517
443	118	0.561
446	478	0.405
447	243	0.501
447	414	0.636
448	94	0.625
448	219	0.749
448	234	0.398
448	243	0.546
448	340	0.29
448	344	0.629
448	348	0.854
448	350	0.824
448	352	0.792
448	358	0.545
448	360	0.656
448	361	0.664
452	463	0.788
453	572	0.534
454	350	0.605
454	351	0.603
454	421	0.678
454	938	0.577
455	652	0.459
455	897	0.361
457	152	0.394
457	579	0.461
457	949	0
458	501	0.529
458	501	0.529
459	465	0
460	348	0.622
460	417	0.61
460	572	0.55
461	1080	0.314
463	146	0.586
463	221	0.577
463	302	0.572
463	370	0.584
463	515	0.565
463	533	0.623
463	602	0.661
463	869	0.413
464	57	0.355
464	58	0.461
465	315	0
466	101	0.704
466	175	0.784
467	636	0.553
468	515	0.886
468	625	0.77
468	1266	0.887
470	70	0.549
470	146	0.667
471	187	0.689
471	413	0.655
471	515	0.391
471	574	0.698
472	122	0.658
473	120	0.729
474	578	0.712
474	580	0
475	270	0
475	270	0
475	307	0
475	307	0
476	44	0.404
476	45	0.404
476	96	0.557
476	101	0.556
476	118	0.725
476	119	0.679
476	119	0.679
476	120	0.614
476	130	0.541
476	261	0.578
476	500	0.583
476	525	0.299
478	119	0.606
479	427	0.439
479	464	0.489
479	484	0.664
482	47	0.764
482	71	0
482	124	0.502
482	133	0.751
482	211	0.797
482	407	0.766
482	408	0.813
482	414	0.805
482	417	0.813
482	418	0.792
482	435	0.493
482	439	0.807
482	447	0.631
482	483	0.565
482	547	0.58
482	574	0.485
482	619	0.459
482	627	0.512
482	634	0.56
482	909	0
482	922	0.442
482	989	0.436
482	1113	0.529
482	1164	0.555
482	1247	0.788
482	1249	0.46
482	1257	0.593
483	22	0.581
483	36	0.578
483	116	0.643
483	348	0.529
483	479	0.449
483	486	0
483	575	0.52
484	48	0.676
484	56	0.609
484	57	0.635
484	58	0.66
484	59	0.599
484	60	0.628
484	61	0.408
484	119	0.566
484	242	0.568
484	267	0.592
484	413	0.644
484	471	0.703
484	476	0.732
484	538	0.162
484	695	0.627
484	1154	0.484
484	1261	0.662
484	1291	0.717
487	572	0.441
488	55	0.556
488	145	0.523
488	308	0.528
488	590	0.566
488	594	0.55
488	823	0.572
488	1031	0
489	261	0.426
489	1291	0.634
490	48	0.604
490	50	0.509
490	55	0.636
490	55	0.636
490	144	0.811
490	443	0.462
490	823	0.371
491	209	0.88
492	678	0.565
493	8	0.674
493	44	0.643
493	45	0.645
493	55	0.561
493	379	0.668
493	392	0.789
493	417	0.718
493	421	0.683
493	432	0.469
493	438	0.336
493	483	0.522
493	560	0.688
493	579	0.599
493	1062	0.232
494	421	0.677
496	275	0.224
496	296	0.235
496	297	0.258
496	312	0.279
497	448	0.564
497	1129	0.425
499	518	0.262
500	120	0.517
501	81	0.277
502	783	0
504	502	0.723
506	367	0.602
506	515	0.67
506	593	0.386
506	634	0.542
506	636	0.574
507	22	0.522
508	22	0.549
508	22	0.549
508	507	0.779
508	522	0
510	103	0.294
510	157	0.303
510	219	0.42
510	222	0
510	632	0.289
511	64	0.692
511	64	0.692
511	139	0.774
511	158	0.323
511	1168	0.258
512	202	0.558
512	202	0.558
513	13	0.564
514	216	0.607
514	1312	0.261
515	22	0.602
515	22	0.602
515	104	0.136
515	116	0.62
515	221	0.619
515	244	0.409
515	294	0.458
515	417	0.687
515	448	0.622
515	482	0.62
515	518	0.378
515	552	0.534
515	572	0.612
515	697	0.765
515	876	0.428
515	981	0
515	982	0
515	1130	0.336
516	552	0.582
516	554	0.442
517	284	0.349
517	518	0.557
518	20	0.272
518	103	0.2
518	164	0.251
518	168	0.785
518	219	0.264
518	284	0.156
518	288	0.36
518	367	0.283
518	448	0.211
518	507	0.525
518	519	0.847
518	519	0.847
518	522	0
518	608	0.187
519	22	0.221
519	283	0.196
519	507	0.491
519	518	0.847
521	55	0.611
521	76	0.348
521	130	0.542
521	144	0.695
521	145	0.467
521	165	0.498
521	447	0.501
521	476	0.569
521	541	0.368
521	616	0.339
522	58	0
522	71	0
522	72	0
522	74	0
522	143	0
522	164	0
522	197	0
522	208	0
522	209	0
522	209	0
522	211	0
522	282	0
522	307	0
522	373	0
522	409	0
522	448	0
522	457	0
522	488	0
522	552	0
522	559	0
522	560	0
522	572	0
522	593	0
522	594	0
522	629	0
522	985	0
522	1285	0
522	1294	0
522	1307	0
523	8	0.633
523	58	0.576
523	208	0.543
523	307	0.631
523	370	0.597
523	409	0.415
523	424	0.366
523	457	0.577
523	530	0.614
523	551	0.612
523	560	0.724
523	721	0.646
523	722	0.625
523	726	0.475
523	737	0.392
523	754	0.591
523	796	0
523	810	0.322
523	818	0.281
523	834	0.344
523	847	0.283
523	855	0.323
523	865	0.38
523	883	0.358
523	900	0.511
523	907	0.201
523	908	0.338
523	917	0.453
523	929	0
523	948	0.354
523	953	0.304
523	989	0.404
523	991	0.313
523	1016	0.452
523	1017	0.402
523	1045	0.473
526	796	0
527	202	0.406
527	202	0.406
527	666	0.619
529	248	0.433
530	164	0.367
530	367	0.596
530	518	0.349
530	878	0
530	981	0
533	71	0
533	164	0.48
533	206	0.412
533	367	0.704
533	515	0.785
533	518	0.311
533	522	0
533	878	0
533	981	0
533	981	0
535	529	0.324
536	443	0.752
537	114	0.509
537	484	0.647
539	28	0.264
540	55	0.189
541	22	0.404
541	53	0.406
541	53	0.406
541	55	0.459
541	130	0.414
541	165	0.51
541	190	0.295
541	379	0.323
541	429	0.318
541	551	0.348
541	648	0.452
541	756	0.473
542	165	0.401
543	28	0.355
543	87	0.338
544	335	0.445
544	348	0.528
544	407	0.469
544	619	0.677
544	632	0.375
547	332	0.525
548	119	0.269
549	154	0.334
549	695	0.451
550	118	0.385
551	233	0.674
551	515	0.596
551	518	0.276
551	519	0.216
551	982	0
552	197	0.72
552	249	0.527
552	302	0.513
552	378	0.606
552	414	0.532
552	419	0.537
552	482	0.599
552	572	0.664
552	602	0.605
552	632	0.705
552	688	0.533
552	891	0.255
554	146	0.518
554	260	0.491
554	470	0.526
554	646	0.551
554	876	0.518
558	67	0.692
559	58	0.3
559	59	0.341
560	55	0.708
560	403	0.603
560	417	0.794
560	418	0.753
561	86	0.701
562	563	0.558
563	22	0.483
563	116	0.508
563	116	0.508
563	572	0.447
564	562	0.463
567	565	0.629
569	761	0.625
570	219	0.492
570	572	0.488
570	578	0.519
571	154	0.494
572	28	0.416
572	219	0.7
572	220	0.715
572	282	0
572	421	0.496
572	434	0.323
572	444	0.287
572	448	0.574
572	482	0.654
572	487	0.441
572	493	0.71
572	515	0.612
572	560	0.718
572	564	0.308
572	632	0.737
572	703	0.531
572	761	0.476
572	1135	0.335
572	1266	0.693
573	22	0.484
573	572	0.487
573	1014	0.634
574	96	0.567
574	97	0.707
574	101	0.694
574	175	0.631
574	187	0.726
574	449	0.397
574	538	0.227
575	362	0.618
576	34	0.679
576	374	0.445
576	704	0.555
578	412	0.374
578	587	0.653
578	724	0
579	233	0.625
579	282	0
579	348	0.49
579	378	0.483
579	412	0.491
579	522	0
579	554	0.466
579	588	0.571
579	724	0
579	1285	0.341
580	581	0
582	297	0.34
582	526	0.403
582	526	0.403
582	579	0.423
585	454	0.421
585	497	0.436
585	1303	0.27
586	611	0.45
587	392	0.626
587	431	0.353
587	432	0.549
587	433	0.373
587	438	0.461
587	442	0
587	1388	0.219
587	1434	0.443
588	392	0.618
588	433	0.435
588	438	0.457
588	796	0
588	799	0.544
588	1000	0.539
589	249	0.381
591	55	0.633
591	144	0.847
591	253	0.809
591	1455	0.398
595	49	0.076
596	578	0.338
597	610	0
597	657	0
599	264	0.068
599	270	0.421
599	312	0.461
600	228	0.621
600	229	0.53
602	219	0.765
602	302	0.781
602	515	0.748
602	572	0.616
602	625	0.828
602	1305	0.638
603	376	0.645
603	377	0.759
603	602	0.713
603	638	0.391
603	697	0.63
603	1133	0.521
603	1308	0.511
603	1314	0.49
603	1390	0.277
603	1469	0.631
604	266	0.651
604	302	0.762
604	417	0.686
604	515	0.755
604	554	0.533
604	554	0.533
604	630	0.407
604	1432	0.647
605	339	0
606	522	0
607	611	0.46
607	1116	0.25
607	1412	0.379
607	1498	0.342
607	1603	0.459
611	428	0.546
611	612	0.829
612	113	0.364
612	675	0.519
612	897	0.588
612	1133	0.638
612	1412	0.487
612	1442	0
612	1524	0.555
613	47	0.519
614	609	0.652
615	610	0.712
615	611	0.733
616	290	0.598
616	291	0.774
616	292	0.577
616	611	0.508
616	627	0.286
616	661	0.178
616	811	0.634
616	1361	0.324
616	1544	0.218
617	57	0.326
617	421	0.461
617	801	0.438
618	617	0.739
619	216	0.604
619	1189	0.685
619	1287	0.724
620	117	0.459
620	159	0.359
623	465	0
624	672	0.564
624	679	0.693
624	815	0.536
624	1033	0.434
624	1394	0.31
624	1465	0.162
624	1469	0.361
624	1604	0.345
625	311	0.297
625	572	0.711
625	1014	0.899
626	483	0.783
626	483	0.783
628	627	0.748
629	593	0.549
630	93	0.618
630	196	0.404
630	269	0.397
630	302	0.474
630	553	0.082
632	70	0.568
632	93	0.597
632	197	0.689
632	233	0.734
632	376	0.43
632	417	0.686
632	470	0.678
632	474	0.483
632	533	0.699
632	552	0.705
632	554	0.543
632	572	0.737
632	579	0.639
632	602	0.653
632	605	0.467
632	636	0.582
632	641	0.648
632	698	0.7
632	754	0.577
632	754	0.577
632	795	0
632	818	0.274
632	847	0.261
632	861	0.496
632	865	0.397
632	900	0.459
632	930	0.508
632	948	0.345
632	1033	0.462
632	1050	0.37
632	1130	0.377
632	1140	0.786
632	1363	0.37
632	1412	0.576
632	1432	0.476
632	1454	0.528
632	1469	0.645
632	1522	0.517
632	1564	0.37
632	1604	0.514
633	274	0.663
634	1232	0.591
635	1232	0.888
636	271	0.19
636	372	0.379
636	634	0.629
639	154	0.448
639	616	0.518
639	715	0.564
639	1400	0.542
639	1465	0.321
639	1469	0.467
639	1552	0
640	152	0.489
641	63	0.487
641	388	0.648
641	533	0.662
641	602	0.653
641	697	0.616
641	1083	0.344
641	1284	0.651
641	1308	0.599
643	419	0.93
643	454	0.666
643	455	0.541
643	482	0.738
643	645	0.945
644	645	0.938
645	378	0.77
645	379	0.851
645	417	0.788
645	419	0.876
645	420	0.854
645	429	0.843
645	454	0.657
645	455	0.541
645	616	0.354
645	643	0.945
645	1130	0.443
645	1454	0.563
650	282	0
651	471	0.477
653	551	0.34
653	551	0.34
654	28	0.24
654	287	0.337
654	374	0.14
655	28	0.339
655	287	0.228
655	374	0.292
656	657	0.729
657	610	0.697
657	611	0.686
657	645	0.474
657	658	0.721
657	1366	0.596
657	1409	0.72
657	1420	0.384
657	1526	0.323
658	643	0.432
658	657	0.721
658	659	0.626
658	1391	0
658	1406	0.213
658	1409	0.634
659	656	0.566
660	350	0.618
660	377	0.588
661	1133	0.409
670	672	0.6
670	673	0.391
672	379	0.635
672	679	0.76
673	681	0.373
674	551	0.397
679	232	0.642
679	585	0.686
679	681	0.725
681	46	0.651
681	46	0.651
681	125	0.349
681	348	0.644
681	396	0.351
681	417	0.619
681	425	0.291
681	425	0.291
681	448	0.603
681	484	0.553
681	645	0.708
681	787	0.701
681	1561	0.553
683	193	0.232
683	351	0.843
683	419	0.808
683	421	0.738
683	643	0.837
683	644	0.846
683	645	0.872
685	572	0.559
687	322	0.487
688	1323	0.352
689	688	0.661
689	1011	0.425
691	270	0.476
692	471	0.533
693	502	0.71
693	650	0.783
694	634	0.493
694	635	0.758
694	637	0.372
695	57	0.528
695	167	0.689
695	186	0.248
695	398	0.446
695	478	0.701
697	22	0.62
697	572	0.629
697	578	0.496
697	579	0.573
698	22	0.648
698	36	0.578
698	116	0.695
698	572	0.72
700	325	0.647
701	22	0.64
701	22	0.64
701	233	0.761
701	515	0.612
701	533	0.657
701	602	0.639
705	81	0.205
706	28	0.237
706	750	0.797
707	28	0.247
708	28	0.184
709	710	0.637
710	256	0.663
710	256	0.663
710	1465	0.415
711	20	0.348
711	28	0.411
711	335	0.493
712	465	0
713	62	0.466
713	87	0.607
713	89	0.574
713	91	0.691
713	91	0.691
713	131	0.593
713	378	0.695
713	643	0.672
713	645	0.649
713	1258	0.515
714	192	0.444
714	698	0.642
714	1083	0.357
714	1308	0.642
715	117	0.317
716	851	0.531
716	857	0
717	853	0
717	857	0
718	523	0
720	81	0.255
721	81	0.251
722	81	0.261
723	733	0.496
723	901	0.517
723	902	0.381
723	903	0.401
725	790	0.654
725	818	0.328
725	847	0.228
727	716	0
727	717	0
728	763	0
731	270	0.519
731	289	0.523
731	857	0
732	851	0.565
732	852	0.313
732	857	0
733	1047	0
736	1045	0.691
736	1069	0.131
737	1047	0
739	778	0
739	779	0
742	154	0.23
743	91	0.496
743	131	0.65
743	1265	0.573
744	93	0.57
744	698	0.695
746	745	0
747	745	0
749	745	0
750	724	0
752	58	0.079
752	560	0.14
753	58	0.55
753	59	0.599
753	90	0.612
754	18	0.529
754	54	0.576
754	270	0.515
754	803	0.489
754	902	0.49
754	924	0.479
754	1125	0.855
754	1133	0.426
755	1080	0.437
756	18	0.537
756	46	0.525
756	54	0.619
756	181	0
756	256	0.46
756	264	0.393
756	348	0.567
756	370	0.458
756	417	0.568
756	482	0.561
756	515	0.494
756	560	0.591
756	579	0.516
756	632	0.593
756	924	0.476
756	960	0.603
756	970	0.483
756	1133	0.571
756	1236	0.525
756	1236	0.525
756	1277	0
757	56	0.771
757	57	0.783
757	58	0.634
757	59	0.717
757	1148	0.702
757	1248	0.667
758	1037	0
759	270	0.542
759	289	0.542
759	851	0.542
759	857	0
760	759	0
761	403	0.618
761	417	0.651
761	418	0.667
763	1030	0
764	769	0.292
765	55	0
765	144	0
765	165	0
765	368	0
765	447	0
765	457	0
765	648	0
765	770	0
765	847	0
765	874	0
765	900	0
765	907	0
765	948	0
765	1060	0
765	1062	0
765	1083	0
766	368	0
766	409	0
766	432	0
766	457	0
766	530	0
766	573	0
766	720	0
766	726	0
766	729	0
766	754	0
766	765	0
766	769	0
766	770	0
766	771	0
766	803	0
766	806	0
766	823	0
766	880	0
766	917	0
766	928	0
766	948	0
766	955	0
766	962	0
766	963	0
766	964	0
766	991	0
766	1006	0
766	1014	0
766	1023	0
766	1026	0
766	1027	0
766	1030	0
766	1050	0
766	1084	0
769	144	0.584
769	457	0.362
769	573	0.548
769	645	0.576
769	737	0.547
769	894	0.453
769	907	0.147
769	953	0.338
769	994	0.506
769	1008	0
769	1024	0.332
769	1030	0.223
769	1035	0.337
769	1051	0.33
769	1062	0.556
769	1065	0.414
769	1067	0.551
769	1069	0.187
769	1078	0.434
769	1432	0.444
770	144	0.738
770	145	0.543
770	457	0.49
770	1062	0.399
771	22	0.497
771	79	0.599
771	770	0.453
772	79	0.512
772	769	0.449
772	770	0.498
773	1025	0.572
774	1014	0.45
775	447	0
775	648	0
775	740	0
775	811	0
775	877	0
775	991	0
775	1069	0
775	1073	0
777	260	0.539
778	851	0.508
778	852	0.73
778	857	0
779	851	0.454
779	852	0.583
779	857	0
780	146	0.416
780	197	0.402
780	260	0.415
780	302	0.439
780	389	0.361
780	515	0.355
780	602	0.423
780	632	0.369
780	698	0.504
780	1432	0.468
781	560	0.228
782	523	0
782	781	0
782	993	0
782	994	0
783	501	0
783	965	0
783	966	0
783	986	0
786	1064	0
787	87	0.583
787	89	0.535
787	90	0.777
787	131	0.546
787	1144	0.688
792	724	0
793	374	0.554
796	433	0
799	1083	0.362
800	857	0
800	953	0.655
801	28	0.198
802	851	0.545
802	853	0
802	857	0
803	851	0.489
803	852	0.334
803	854	0.297
803	857	0
804	302	0.477
804	851	0.508
804	852	0.365
804	857	0
806	1069	0.217
807	28	0
808	926	0
810	164	0.247
811	53	0.632
811	495	0.559
814	928	0.512
815	1015	0.439
816	851	0.53
816	852	0.397
816	857	0
820	202	0.495
820	648	0.301
820	1615	0.518
823	822	0.636
824	745	0
826	828	0.492
829	1392	0.514
829	1400	0.425
829	1469	0.503
829	1552	0
830	816	0.671
830	888	0.592
830	923	0.639
830	950	0.443
831	815	0.426
831	1015	0.549
832	831	0
833	611	0.425
835	154	0.501
836	374	0.694
838	851	0.467
838	853	0
838	854	0.499
838	857	0
840	270	0.554
840	857	0
841	853	0
841	857	0
842	765	0
844	208	0.819
846	848	0
847	785	0
848	852	0.512
848	857	0
850	270	0.543
851	721	0.664
851	722	0.62
853	720	0
853	721	0
853	722	0
854	720	0.483
854	722	0.499
856	846	0
857	370	0
857	515	0
857	530	0
857	720	0
857	721	0
857	754	0
857	860	0
857	890	0
857	953	0
857	997	0
857	1015	0
857	1069	0
858	1019	0.193
860	992	0
862	457	0.688
863	424	0
863	737	0
863	883	0
863	917	0
863	948	0
864	865	0
864	948	0
866	864	0
867	515	0.505
869	22	0.251
869	36	0.92
869	116	0.322
871	533	0.615
871	1408	0.318
871	1436	0.406
871	1540	0.348
872	934	0
873	1030	0.204
874	993	0.347
876	22	0.512
876	307	0.473
876	796	0
876	1130	0.305
877	993	0.316
878	368	0
880	1014	0.627
881	468	0.771
881	515	0.697
881	1272	0.71
882	378	0.538
882	379	0.625
882	429	0.599
882	482	0.491
882	573	0.499
882	812	0.258
882	921	0.618
882	1078	0.517
885	992	0
886	992	0
887	992	0
888	851	0.575
888	852	0.539
888	857	0
889	560	0.496
890	992	0
891	992	0
892	992	0
893	992	0
894	992	0
895	703	0.607
896	36	0.701
898	427	0.447
899	256	0.249
900	71	0
901	270	0.471
901	289	0.531
901	857	0
902	851	0.54
902	852	0.64
902	857	0
903	821	0
903	851	0.403
903	857	0
910	220	0.52
910	379	0.612
910	429	0.595
910	998	0.439
910	1250	0.549
911	482	0.498
912	482	0.577
913	379	0.612
914	379	0.584
914	429	0.556
914	911	0.725
914	1250	0.518
915	379	0.631
915	429	0.65
915	911	0.809
915	912	0.572
917	851	0.69
917	852	0.413
917	857	0
919	378	0.555
919	405	0.599
919	406	0.653
919	407	0.639
919	482	0.499
919	1236	0.659
919	1268	0.409
920	379	0.629
920	429	0.627
920	1002	0.373
921	379	0.629
922	208	0.501
923	851	0.539
923	852	0.406
923	857	0
925	220	0.453
925	403	0.432
928	1069	0.296
932	769	0.677
933	737	0.178
934	87	0.617
934	89	0.649
934	91	0.439
935	181	0
935	256	0.563
938	8	0.66
938	493	0.779
938	1264	0.684
940	54	0.432
940	731	0.478
940	732	0.561
943	1014	0.55
948	71	0
948	533	0.429
948	1034	0.428
949	977	0
950	851	0.486
950	852	0.637
950	857	0
952	217	0.475
953	71	0
954	55	0.575
954	370	0.428
954	447	0.405
954	560	0.584
954	761	0.497
954	792	0.517
954	843	0.455
954	956	0.386
954	1027	0
957	530	0
957	993	0
957	1042	0
958	959	0.172
959	270	0.389
959	851	0.432
959	852	0.486
959	857	0
960	270	0.474
960	857	0
961	1133	0.55
962	783	0
963	783	0
964	783	0
965	81	0.25
966	81	0.278
967	81	0.054
968	81	0.373
969	81	0
970	81	0.21
971	783	0
972	973	0.778
973	533	0.728
973	604	0.651
973	744	0.44
974	936	0
975	22	0.709
975	488	0.638
975	490	0.702
975	522	0
975	523	0.691
975	1028	0.685
975	1130	0.411
975	1282	0.68
976	1011	0.413
976	1013	0.522
977	783	0
979	917	0.444
980	133	0.667
980	154	0.397
981	22	0
981	87	0
981	90	0
981	91	0
981	164	0
981	284	0
981	706	0
981	749	0
981	754	0
981	818	0
981	860	0
981	991	0
981	1008	0
981	1030	0
982	22	0
982	523	0
982	698	0
982	749	0
982	876	0
982	975	0
982	1042	0
983	981	0
984	54	0.478
984	55	0.606
984	94	0.534
984	144	0.633
984	165	0.436
984	368	0.694
984	447	0.417
984	448	0.571
984	457	0.58
984	482	0.616
984	530	0.567
984	533	0.676
984	560	0.68
984	560	0.68
984	569	0.675
984	632	0.616
984	648	0.31
984	726	0.431
984	737	0.399
984	751	0.445
984	761	0.53
984	771	0.477
984	802	0.506
984	837	0.508
984	847	0.302
984	865	0.436
984	874	0.578
984	883	0.357
984	886	0.26
984	894	0.251
984	900	0.584
984	907	0.188
984	917	0.391
984	927	0.469
984	948	0.383
984	965	0.486
984	966	0.486
984	970	0.607
984	971	0.33
984	991	0.368
984	997	0.461
984	1008	0
984	1011	0.422
984	1025	0.442
984	1046	0.378
984	1051	0.408
984	1060	0.151
984	1062	0.29
984	1277	0
984	1278	0.396
985	954	0.513
985	1432	0.454
986	144	0.469
986	457	0.426
986	728	0.469
986	917	0.419
986	971	0.524
987	984	0.559
988	202	0
989	718	0
991	71	0
993	58	0.357
993	144	0.501
993	769	0.42
993	792	0.286
993	948	0.266
994	22	0.492
994	55	0.521
994	58	0.502
994	79	0.412
994	144	0.495
994	307	0.505
994	470	0.451
994	770	0.496
994	792	0.373
994	900	0.325
994	945	0.175
994	948	0.325
995	53	0.551
995	55	0.489
996	648	0.402
997	71	0
999	1033	0.467
1000	724	0
1000	981	0
1002	905	0
1003	365	0.526
1005	260	0.385
1005	389	0.369
1005	632	0.342
1007	1006	0.421
1008	1006	0
1009	260	0.371
1011	560	0.433
1011	564	0.368
1011	761	0.417
1012	569	0.526
1012	1011	0.427
1013	564	0.358
1013	1014	0.567
1014	515	0.777
1014	560	0.795
1014	564	0.667
1014	761	0.71
1014	1255	0.537
1015	22	0.541
1015	572	0.583
1015	1014	0.532
1016	1014	0.707
1017	1011	0.449
1017	1014	0.579
1019	302	0.337
1019	602	0.292
1020	270	0.485
1020	289	0.387
1020	851	0.418
1021	270	0.461
1022	560	0.512
1025	928	0.587
1025	954	0.582
1025	1006	0.742
1025	1008	0
1025	1045	0.708
1025	1065	0.739
1027	1014	0
1028	55	0.641
1028	144	0.849
1028	586	0.439
1028	823	0.38
1028	1031	0
1029	71	0
1030	71	0
1031	594	0
1032	1053	0
1033	94	0.489
1035	883	0.433
1038	758	0.256
1038	1037	0
1040	838	0
1040	839	0
1040	840	0
1040	841	0
1041	483	0.39
1042	377	0.423
1042	630	0.604
1042	734	0.365
1042	1019	0.231
1043	698	0.683
1044	59	0.615
1045	953	0.593
1046	722	0.402
1046	1045	0.63
1047	856	0
1047	860	0
1048	1030	0.654
1049	1011	0.476
1051	993	0.381
1053	936	0
1053	1054	0.832
1054	1037	0
1055	1057	0
1055	1058	0
1057	851	0.546
1057	852	0.501
1057	857	0
1058	851	0.528
1058	852	0.488
1058	857	0
1058	1042	0.418
1060	220	0.161
1060	1443	0.338
1060	1444	0.356
1061	1065	0
1062	724	0
1062	854	0.416
1065	900	0.485
1065	1029	0.512
1065	1069	0.449
1067	1014	0.474
1068	1069	0.153
1069	890	0.187
1069	953	0.187
1072	641	0
1074	633	0.541
1074	898	0.511
1077	44	0.741
1077	778	0.272
1078	22	0.505
1080	260	0.639
1080	370	0.586
1080	602	0.629
1080	881	0.578
1082	960	0.188
1083	818	0.222
1085	724	0
1086	56	0
1086	56	0
1086	57	0
1086	801	0
1088	374	0.683
1089	47	0.362
1090	256	0.63
1090	899	0.225
1113	208	0.48
1115	216	0.618
1115	1287	0.667
1125	756	0.626
1126	28	0.346
1126	801	0.34
1128	1483	0.521
1130	55	0.39
1130	55	0.39
1130	57	0.388
1130	91	0.435
1130	307	0.345
1130	688	0.315
1130	713	0.344
1130	843	0.351
1130	966	0.305
1132	28	0.474
1133	268	0.311
1133	289	0.324
1133	634	0.57
1133	843	0.489
1133	1140	0.403
1133	1488	0.533
1133	1614	0.394
1135	417	0.424
1135	1618	0.515
1137	22	0.544
1137	116	0.536
1137	493	0.528
1139	713	0.663
1140	471	0.373
1140	1133	0.403
1141	57	0.625
1143	28	0.891
1145	57	0.578
1147	801	0.189
1148	55	0.468
1148	56	0.526
1148	57	0.543
1148	60	0.649
1148	61	0.582
1148	757	0.702
1149	641	0.386
1150	90	0.826
1151	57	0
1152	58	0.562
1152	59	0.713
1152	1148	0.685
1152	1248	0.663
1153	58	0.67
1153	59	0.701
1154	58	0.553
1154	59	0.659
1155	801	0.161
1156	71	0
1156	417	0.517
1156	754	0.425
1156	1313	0.251
1157	57	0.384
1158	154	0.428
1159	468	0.702
1159	697	0.801
1160	1161	0.686
1162	1153	0.357
1163	710	0.579
1165	91	0.291
1166	154	0.249
1166	181	0
1167	60	0
1168	511	0.258
1169	55	0
1169	447	0
1171	1116	0.408
1171	1133	0.549
1171	1344	0.434
1171	1396	0.429
1171	1468	0.257
1171	1496	0.434
1171	1497	0.412
1171	1498	0.428
1172	71	0
1173	57	0.551
1173	59	0.547
1173	87	0.535
1174	1161	0.666
1175	1129	0.294
1176	515	0.412
1176	533	0.414
1176	697	0.548
1176	1308	0.628
1177	216	0.581
1177	710	0.442
1178	243	0.826
1180	28	0.644
1180	91	0.646
1182	57	0.619
1183	57	0.201
1184	1152	0.806
1185	379	0.547
1185	429	0.536
1189	216	0.743
1190	468	0.68
1191	90	0.136
1191	232	0.094
1192	1193	0.727
1192	1212	0.476
1193	533	0.555
1193	602	0.498
1193	1196	0.336
1193	1313	0.25
1194	90	0.631
1195	256	0.59
1195	710	0.594
1196	302	0.753
1196	604	0.667
1197	1271	0
1199	9	0.256
1200	504	0.284
1201	9	0.32
1201	9	0.32
1201	197	0.396
1201	515	0.453
1201	572	0.368
1201	754	0.393
1201	1207	0.516
1201	1283	0.311
1203	578	0.682
1205	471	0.363
1207	197	0.622
1208	560	0.503
1209	58	0.409
1209	59	0.559
1209	1148	0.553
1211	1129	0
1212	1192	0.476
1212	1193	0.368
1213	641	0
1214	603	0.368
1215	154	0.494
1216	181	0
1217	1218	0.69
1218	376	0.733
1218	694	0.689
1219	1231	0.81
1220	1221	0.855
1220	1222	0.532
1221	377	0.855
1221	694	0.717
1221	1224	0.855
1222	1224	0.776
1223	1235	0.534
1224	376	0.548
1224	1221	0.855
1224	1223	0.866
1225	376	0.537
1226	713	0.41
1227	652	0.465
1228	365	0.774
1229	683	0.663
1230	369	0.733
1230	1229	0.46
1233	533	0.637
1235	376	0.546
1236	47	0.866
1236	133	0.864
1236	447	0.744
1236	484	0.433
1236	602	0.71
1236	1299	0.167
1238	57	0.385
1240	154	0
1241	87	0.541
1241	89	0.63
1241	91	0.537
1242	1187	0.255
1243	53	0.443
1243	256	0.431
1243	710	0.382
1244	379	0.515
1244	429	0.517
1245	378	0.776
1245	407	0.869
1245	1236	0.885
1246	59	0.708
1247	332	0.53
1248	56	0.594
1248	57	0.582
1248	757	0.667
1248	801	0.165
1248	1155	0.611
1249	133	0.421
1250	221	0.727
1252	219	0.755
1252	220	0.784
1252	378	0.762
1252	407	0.887
1252	1236	0.9
1253	219	0.731
1253	220	0.759
1254	219	0.445
1254	220	0.45
1255	379	0.607
1255	429	0.603
1256	417	0.571
1256	418	0.596
1257	144	0.574
1257	201	0.529
1257	1142	0.508
1260	60	0.712
1261	56	0.746
1261	57	0.739
1261	58	0.686
1261	59	0.705
1261	1248	0.595
1262	743	0.673
1263	28	0
1264	724	0
1265	713	0.572
1265	743	0.573
1265	1206	0.566
1266	1271	0.288
1266	1279	0
1267	1209	0.255
1269	1266	0.582
1270	216	0.412
1270	1312	0.212
1271	1266	0.288
1272	1266	0.903
1273	219	0.405
1273	220	0.395
1276	181	0
1277	81	0
1278	1292	0.86
1280	612	0.555
1280	634	0.643
1281	55	0.544
1282	488	0.566
1282	1552	0
1283	164	0.386
1283	981	0
1283	981	0
1284	164	0.448
1287	216	0.652
1288	57	0.371
1289	543	0.941
1290	376	0.353
1290	634	0.359
1290	694	0.365
1291	57	0.802
1291	58	0.704
1291	59	0.69
1291	1148	0.611
1291	1248	0.639
1292	1202	0.989
1293	1240	0
1294	572	0.501
1295	216	0.984
1296	268	0.242
1296	270	0.354
1296	1199	0.371
1297	216	0.604
1300	302	0.533
1300	533	0.625
1300	602	0.574
1300	1197	0
1300	1271	0.254
1301	181	0
1301	256	0.592
1302	1138	0.059
1304	1115	0.541
1304	1312	0.329
1304	1441	0.454
1306	216	0.501
1309	154	0.431
1309	216	0.682
1310	365	0.4
1310	376	0.399
1310	377	0.449
1312	216	0.293
1312	1270	0.212
1313	476	0.205
1313	634	0.216
1315	1231	0.844
1317	697	0.628
1317	815	0.437
1318	216	0
1323	201	0.416
1323	488	0.425
1324	417	0.652
1324	418	0.652
1325	1154	0.295
1328	683	0.604
1330	713	0.344
1331	379	0.579
1331	429	0.606
1334	1396	0.494
1335	1116	0.545
1337	829	0.358
1337	1469	0.499
1352	1133	0.303
1356	1604	0.337
1360	1545	0.545
1360	1625	0.225
1366	611	0.536
1366	612	0.485
1366	1412	0.399
1370	1442	0
1376	1432	0.409
1377	811	0.401
1377	1412	0.431
1380	604	0.321
1380	710	0.249
1380	1441	0.155
1380	1567	0.511
1382	612	0.534
1386	1412	0.5
1387	811	0
1389	1391	0
1391	1133	0
1392	1460	0.497
1392	1461	0.387
1393	710	0.177
1414	811	0.507
1414	1405	0.405
1414	1432	0.411
1423	1116	0.407
1424	633	0.574
1424	811	0.658
1424	1400	0.727
1424	1412	0.399
1432	602	0.676
1432	603	0.596
1432	634	0.478
1432	636	0.435
1432	698	0.643
1432	867	0.474
1432	990	0.484
1432	1015	0.404
1432	1372	0.323
1432	1411	0.525
1432	1412	0.464
1432	1472	0.267
1432	1486	0.332
1432	1550	0.343
1432	1591	0.299
1432	1604	0.423
1443	604	0.178
1443	636	0.19
1443	867	0.159
1443	1060	0.338
1443	1455	0.776
1443	1525	0.35
1443	1540	0.271
1443	1603	0.287
1443	1610	0.322
1444	586	0.32
1444	610	0.242
1444	611	0.263
1444	636	0.196
1444	867	0.173
1444	1060	0.356
1444	1133	0.284
1444	1375	0.358
1444	1525	0.37
1444	1540	0.282
1444	1554	0.34
1444	1564	0.236
1444	1603	0.299
1444	1610	0.328
1444	1611	0.296
1454	1562	0.453
1469	634	0.574
1469	638	0.378
1469	697	0.577
1469	1586	0.318
1469	1587	0.311
1469	1591	0.416
1475	1116	0.481
1475	1496	0.525
1484	1396	0
1484	1467	0
1484	1496	0
1486	612	0.472
1487	1465	0.365
1501	1116	0.488
1507	1133	0.463
1515	897	0.266
1515	1604	0.363
1523	611	0.441
1523	811	0.429
1523	867	0.426
1523	1116	0.416
1523	1363	0.188
1523	1396	0.528
1523	1467	0.443
1523	1510	0.404
1523	1525	0.465
1525	769	0.454
1525	1352	0.363
1530	1392	0.564
1530	1464	0.535
1530	1465	0.37
1531	1392	0.465
1531	1400	0.46
1531	1552	0
1536	815	0.755
1536	1469	0.323
1538	1522	0.351
1540	871	0.348
1540	1443	0.271
1540	1444	0.282
1545	616	0.377
1546	616	0.178
1546	1540	0.25
1547	1524	0.894
1547	1545	0.138
1547	1625	0.309
1554	751	0.274
1554	769	0.251
1554	906	0.114
1554	1352	0.311
1554	1406	0.153
1554	1412	0.361
1554	1496	0.201
1561	661	0.465
1562	897	0.395
1562	1491	0.566
1562	1604	0.439
1571	615	0.633
1571	657	0.55
1579	908	0.189
1579	1618	0.265
1581	1401	0.456
1589	1443	0
1591	1250	0.517
1614	1133	0.394
1614	1618	0.586
1615	622	0.626
1616	610	0.392
1617	610	0.594
1618	1443	0.316
1618	1444	0.311
1619	1443	0.446
1619	1444	0.486
1625	1523	0.407
1634	1561	0.378
