1	55	0.64
1	55	0.64
1	57	0.665
1	58	0.609
1	249	0.654
1	843	0.66
4	430	0.502
4	681	0.59
4	683	0.563
5	529	0.385
6	162	0
6	308	0
6	648	0
8	121	0.601
8	146	0.506
8	378	0.577
8	471	0.499
8	489	0.578
8	558	0.586
8	559	0.581
8	698	0.5
8	815	1
8	956	0.488
9	49	0
9	81	0.743
9	271	0.291
11	367	0.147
13	28	0.658
14	724	0
16	196	0.57
17	242	0.762
18	71	0
18	376	0.452
19	445	0.522
21	579	0.593
22	17	0.612
22	55	0.634
22	55	0.634
22	91	0.592
22	91	0.592
22	144	0.51
22	249	0.575
22	279	0.754
22	301	0.53
22	307	0.678
22	308	0.681
22	308	0.681
22	312	0.487
22	335	0.715
22	350	0.729
22	351	0.697
22	352	0.583
22	413	0.675
22	421	0.717
22	434	0.737
22	440	0.591
22	458	0.459
22	493	0.71
22	560	0.757
22	560	0.757
22	572	0.592
22	623	0.581
22	636	0.588
22	653	0.521
22	688	0.554
22	724	0
22	843	0.566
22	915	0.581
22	920	0.584
22	921	0.584
22	956	0.514
22	1255	0.746
24	47	0.498
25	26	0.085
26	10	0.421
26	476	0.437
27	977	0.429
28	91	0.684
28	158	0.523
28	402	0.576
29	53	0.694
29	154	0.582
31	695	1
35	524	0.627
35	531	0.331
36	579	0.59
36	588	0.62
36	789	0.307
36	983	0.09
37	579	0.66
38	578	1
38	579	0.728
39	579	0.233
40	36	0.669
40	579	0.695
41	579	0.63
42	579	0.673
43	20	0.859
44	724	0
46	378	0.642
46	379	0.714
46	419	0.6
46	420	0.6
46	429	0.743
47	133	0.862
47	344	0.602
47	358	0.174
47	360	0.453
47	797	0
47	1079	0
48	8	0.616
48	66	0.621
48	67	0.499
48	126	0.749
48	127	0.781
48	237	0.547
48	445	0.618
48	448	0.587
48	484	0.6
48	484	0.6
49	81	0
49	81	0
49	91	0
50	48	0.755
50	66	0.625
50	126	0.739
50	127	0.741
50	237	0.547
50	484	0.558
50	537	0.74
50	556	1
52	71	0
53	154	0.735
53	307	0.586
53	421	0.664
53	915	0.615
54	853	0
54	857	0
55	56	0.676
55	57	0.721
55	58	0.597
55	58	0.597
55	59	0.697
55	59	0.697
55	91	0.72
55	1148	0.666
56	55	0.676
56	59	0.892
56	131	1
56	801	0
57	55	0.721
57	56	0.851
57	58	0.854
57	58	0.854
57	131	1
57	801	0
58	28	0.596
58	55	0.597
58	56	0.763
58	57	0.854
58	59	0.831
58	60	0.595
58	61	1
58	617	1
58	757	0.615
58	801	0
58	1234	0.592
58	1261	1
59	55	0.697
59	56	0.892
59	57	0.906
59	58	0.831
59	60	0.672
59	61	1
59	61	1
59	158	0.575
59	484	0.673
59	757	0.702
59	801	0
59	1146	0.796
59	1155	0.874
59	1261	1
60	56	0.744
60	57	0.646
60	801	0
60	1086	0.632
61	58	1
61	59	1
62	131	1
62	713	0.67
62	1327	0
63	302	0.676
63	697	0.625
63	1284	0.538
65	47	0.438
68	242	0.685
68	533	0.507
68	1284	0.536
69	154	0.557
69	154	0.557
70	569	0.839
70	1011	1
70	1014	0.728
71	76	0
71	78	0
71	80	0
71	105	0
71	134	0
71	135	0
71	180	0
71	278	0
71	447	0
71	448	0
71	458	0
71	522	0
71	523	0
71	528	0
71	541	0
71	552	0
71	722	0
71	734	0
71	766	0
71	767	0
71	768	0
71	774	0
71	814	0
71	818	0
71	872	0
71	939	0
71	1008	0
71	1016	0
71	1048	0
71	1061	0
71	1062	0
71	1065	0
71	1087	0
71	1169	0
72	323	0.229
72	765	0
73	342	0.787
74	72	0
74	447	0
74	457	0
75	57	0.63
75	60	0.635
75	72	0.229
75	91	0.763
75	233	0.564
75	554	0.603
75	572	0.562
75	579	0.622
75	646	0.524
75	648	0.567
75	703	0.657
75	737	0.455
75	907	0.595
75	948	0.518
75	1050	0.321
76	72	0.229
76	233	0.611
76	554	0.631
76	646	0.564
77	75	0.645
77	703	0.785
78	72	0.536
78	74	0
78	79	0.603
78	447	0.503
78	552	0.509
79	144	0.489
79	323	0.57
79	415	0.507
79	428	0.532
79	572	0.553
79	1062	0.688
80	144	0.702
80	648	0.702
81	212	1
81	521	1
81	521	1
81	583	1
81	773	1
81	984	1
81	1170	0.349
82	443	0
82	443	0
83	94	0.548
83	154	0.549
83	479	0.595
85	28	0.5
85	87	0.788
85	239	1
85	340	0.323
85	484	0.573
86	60	0.69
86	393	0.716
87	28	0.445
87	28	0.445
87	55	0.463
87	57	0.508
87	58	0.495
87	59	0.514
87	60	0.434
87	73	0.389
87	88	0.848
87	89	0.859
87	90	0.835
87	172	0.494
87	233	0.484
87	251	0.449
87	251	0.449
87	272	0
87	284	0.465
87	284	0.465
87	342	1
87	342	1
87	421	0.488
87	494	0.508
87	497	0.52
87	574	0.524
87	587	0.503
87	713	0.421
87	757	0.464
87	765	0
87	828	0.456
87	909	0
87	983	0.136
87	988	0
87	994	0.414
87	1127	0.607
87	1248	0.431
87	1259	0.416
88	87	0.848
88	342	1
88	393	0.662
88	393	0.662
88	394	0
88	395	0
88	493	0.642
89	73	0.426
89	73	0.426
89	91	0.829
89	233	0.566
89	342	1
89	497	0.63
89	909	0
89	988	0
90	46	0.482
90	46	0.482
90	60	0.447
90	85	0.929
90	87	0.835
90	340	0.28
90	425	0.561
90	585	0.561
90	988	0
90	1179	0.482
91	87	0.808
91	87	0.808
91	88	0.821
91	88	0.821
91	89	0.829
92	589	0.493
93	197	0.551
93	714	0.629
93	1161	0.642
93	1193	0.595
93	1196	0.5
94	133	0.776
94	154	0.672
94	211	0.655
94	216	0.648
94	305	0.701
94	389	0.482
94	483	0.494
94	961	0.758
94	1074	0.612
94	1312	0.623
96	118	1
96	119	1
96	120	1
96	122	1
96	187	1
97	118	0.548
98	187	0.704
98	574	0.762
98	574	0.762
99	574	0.705
100	574	0.705
101	574	0.778
105	144	0
105	368	0
106	664	0.567
106	666	0.726
107	482	0.224
108	714	0.588
111	389	0.636
112	118	0.544
112	118	0.544
113	119	0.571
113	122	0.654
114	118	0.544
115	101	0.662
115	187	0.692
116	279	0.665
116	421	0.649
116	434	0.561
116	493	0.593
116	706	0.615
116	915	0.567
116	920	0.428
116	921	0.428
116	1077	0.69
116	1128	0.502
116	1255	0.642
118	55	0.539
118	97	0.548
118	536	0.818
119	187	0.574
119	478	0.516
119	574	0.569
121	28	0.465
121	165	0.081
121	417	0.68
121	493	0.712
121	648	0.476
121	929	0
121	945	0.32
122	58	0.577
122	574	0.611
123	119	0.589
124	133	0.812
126	112	0.558
126	112	0.558
126	262	0
126	484	0.561
127	66	0.749
127	262	0
127	484	0.687
128	572	0.465
129	65	0.629
131	62	1
131	340	0.64
131	713	1
131	787	1
131	1241	1
132	87	0.472
132	89	0.593
133	144	0.894
133	757	0.535
133	1209	1
134	447	0.506
134	477	0.708
134	484	0.58
135	165	0.163
136	148	0.551
136	511	0.256
137	60	0.62
137	61	1
137	181	0
137	407	0.654
137	407	0.654
137	633	0.516
137	710	0.365
139	64	0.821
141	471	0.625
141	627	0.84
142	28	1
144	94	0.794
144	751	0.355
144	797	0
144	881	1
144	1075	0.548
144	1076	0.667
145	144	0.606
145	180	0.745
146	8	0.506
146	70	0.583
146	173	0.651
146	403	0.567
146	869	1
147	70	0.634
147	173	0.69
148	57	0.75
148	59	0.784
149	223	0.4
149	490	0.458
150	233	0.718
150	389	0.686
150	400	0.815
150	554	0.651
150	632	0.699
152	652	0.624
152	1297	0.624
153	66	0.617
154	94	0.672
154	319	0.633
154	652	0.652
154	695	1
154	897	0.607
154	897	0.607
154	1074	0.598
158	28	0.523
158	84	0.475
158	131	1
158	511	0.385
160	81	0
161	542	0
164	168	0.008
164	522	0
164	523	0.495
164	1016	0.209
165	121	0.081
165	481	0.27
165	540	0
165	993	0.094
166	46	0.667
166	379	0.592
167	101	0.462
167	154	0.462
167	187	0.462
167	413	0.462
167	478	0.462
167	621	0.531
168	522	0
169	424	0
170	513	0.809
171	710	0.559
171	1243	0.645
172	484	0.611
173	22	0.559
174	160	0
174	161	0
174	802	0
174	803	0
174	804	0
175	101	0.71
177	90	0.21
180	144	0.549
180	144	0.549
180	253	0.565
180	817	0
180	893	0.071
180	894	0.411
180	1209	0.73
181	307	0
181	308	0
182	527	0
183	572	1
183	757	1
185	471	0.227
187	60	0.679
187	175	0.802
187	471	0.638
187	574	0.835
187	574	0.835
187	611	0.699
187	757	0.713
187	1209	1
187	1261	1
187	1291	1
189	640	0
190	208	0.258
190	209	0.278
193	421	0.634
195	445	0.501
196	197	0.498
197	85	0.519
197	93	0.551
197	217	0.769
197	302	0.557
197	417	0.629
197	421	0.715
197	447	0.491
197	482	0.625
197	533	0.574
197	552	0.703
197	572	0.556
197	578	0.4
197	602	0.593
197	632	0.686
197	634	0.635
197	636	0.625
197	697	0.521
197	706	0.561
197	933	0.496
197	938	0.52
197	1015	0.539
197	1190	0.678
197	1313	0.462
199	55	0.617
199	1153	0.679
199	1154	0.651
201	206	0.512
201	208	0.563
201	208	0.563
203	202	0.765
203	202	0.765
203	351	0.569
205	206	0.788
206	590	0.763
207	206	0.806
207	590	0.936
210	202	0.756
211	133	0.725
211	253	0.87
211	1052	0
212	282	0
212	569	0.815
212	1011	1
214	602	0.488
217	302	0.575
217	515	0.598
217	533	0.554
217	602	0.59
217	632	0.676
217	1015	0.561
217	1071	0.53
217	1204	0.621
219	211	0.573
219	432	0.58
219	435	0.756
219	439	0.734
219	490	0.697
219	1113	0.756
219	1171	0.546
219	1257	0.619
220	91	0.593
220	94	0.502
220	133	0.523
220	144	0.505
220	197	0.672
220	198	0.603
220	211	0.564
220	219	0.806
220	253	0.595
220	378	0.697
220	408	0.848
220	409	0.524
220	432	0.695
220	435	0.839
220	439	0.852
220	490	0.838
220	507	0.784
220	518	0
220	528	0.377
220	591	0.747
220	635	0.66
220	648	0.575
220	652	0.593
220	894	0.514
220	909	0
220	922	0.305
220	945	0.448
220	946	0.587
220	989	1
220	1028	0.755
220	1033	0.56
220	1062	0.653
220	1113	0.839
220	1171	0.562
220	1257	0.737
221	414	0.538
221	490	0.621
221	1249	0.549
222	215	0
222	410	0
224	223	0.929
226	231	0
227	228	0
228	248	0.694
228	495	0.61
230	225	0.83
232	85	0.634
232	90	0.561
232	441	0.772
232	448	0.607
232	617	1
232	1179	0.629
233	220	0.709
233	260	0.709
233	302	0.616
233	361	0.57
233	470	0.72
233	515	0.675
233	533	0.589
233	554	0.581
233	602	0.579
233	632	0.77
233	734	0.573
233	1140	1
233	1203	0.559
233	1204	0.683
233	1300	0.701
234	618	0
238	237	0
241	90	0.731
241	239	1
242	166	0.703
242	197	0.716
242	232	0.688
242	243	0.783
242	355	0.705
242	448	0.697
242	585	0.695
242	603	0.762
243	242	0.783
243	242	0.783
247	315	0
248	374	0.738
249	243	0.687
249	757	0.662
252	9	0
253	133	0.767
255	307	0
255	308	0
256	181	0
256	264	0
256	529	0.36
256	529	0.36
256	756	0.587
257	258	1
260	154	0.538
260	163	0
260	533	0.489
260	602	0.728
260	635	0.613
260	737	0.467
260	900	0.5
260	948	0.506
260	1083	0.556
264	181	0
264	219	0
264	270	0.044
264	312	0.044
264	516	0.027
266	146	0.66
266	403	0.595
266	468	0.485
266	515	0.436
266	515	0.436
266	914	0.754
267	118	1
267	915	1
268	9	0.427
268	275	0.743
268	515	0.445
268	516	0.439
268	572	0.715
268	632	0.561
268	761	0.607
268	1012	0.632
268	1201	0.231
269	311	0.4
269	572	0.58
270	311	1
270	417	0.535
270	530	0.53
270	1283	0.575
274	330	0.611
274	633	0.764
275	268	0.743
275	283	0.706
275	312	1
275	515	0.484
276	311	0
278	277	0
279	421	0.833
280	202	0.215
282	202	0
282	311	0
282	364	0
282	468	0
282	494	0
282	560	0
282	565	0
282	572	0
282	579	0
283	22	0.545
283	35	0.554
283	36	0.543
283	572	0.568
283	578	0.4
284	91	0.639
284	724	0
285	695	0
286	521	0.163
287	288	0.568
288	346	0.591
288	515	0.472
289	9	0.362
289	97	0.36
289	270	0.886
289	419	0.421
289	443	0.228
289	530	0.242
289	1201	0.182
296	21	0.637
296	40	0.608
296	579	0.706
296	582	0.127
296	632	0.559
296	1015	0.559
296	1250	0.604
296	1285	0.259
296	1317	0.552
297	40	0.569
297	46	0.543
297	116	0.618
297	552	0.552
297	582	0.111
297	1010	0.569
298	164	0.281
298	530	0.288
299	27	0.405
300	306	0.1
301	430	0.486
301	515	0.442
302	93	0.701
302	219	0.559
302	266	0.667
302	533	0.647
302	572	0.568
302	602	0.748
302	625	0.544
302	630	1
302	698	0.573
302	706	0.592
302	818	0.743
302	1005	0.537
302	1033	0.711
302	1197	0
305	652	0.688
305	897	0.492
306	310	0
307	53	0.586
307	133	0.511
307	144	0.489
307	154	0.547
307	427	0.541
307	447	0.461
307	549	0.521
307	648	0.553
307	742	0
307	877	0.329
307	1188	0.566
308	22	0.681
308	53	0.679
308	98	0.682
308	154	0.627
308	202	0.534
308	307	0.805
308	616	0.501
308	648	0.574
309	310	0
310	306	0
311	170	0.208
311	282	0
311	417	0.464
311	421	0.464
311	481	0.4
311	488	0.464
311	493	0.464
311	532	0.322
311	534	0.4
311	539	0.4
311	560	0.464
311	565	1
311	572	1
311	572	1
311	579	1
311	587	0.464
311	706	0.4
311	707	0.4
311	708	0
312	219	0.4
312	219	0.4
312	220	0.408
312	264	0.044
312	275	1
312	373	0.4
312	421	0.464
312	533	0.4
312	572	1
312	593	0.45
312	602	0.4
313	60	0.623
313	91	0.779
313	91	0.779
313	1006	0.683
315	57	0
315	329	0
318	71	0
318	71	0
318	91	0.601
318	552	0.496
319	305	0.725
319	897	0.474
320	620	0.56
322	479	0.637
325	60	0.604
325	483	0.67
325	1153	0.699
325	1154	0.665
325	1261	1
331	202	0.36
332	87	0.473
332	166	0.686
332	801	0
333	413	0.605
333	695	1
334	28	0.95
334	1129	0.657
335	20	0.634
335	28	0.659
335	62	0.642
335	551	0.501
336	520	0.667
338	50	1
339	22	0
339	337	0
339	484	0
340	91	0.399
341	135	0
342	73	0.787
342	73	0.787
342	762	0.787
343	90	0.563
343	232	0.803
343	232	0.803
344	345	0.602
344	377	0.793
345	334	0.657
345	376	0.533
345	377	0.49
345	660	0.562
345	662	0.643
346	347	0.544
347	22	0.582
347	74	0
347	79	0.488
347	219	0.483
347	220	0.554
347	370	0.58
347	447	0.43
347	515	0.525
347	523	0.564
347	602	0.588
347	698	0.463
347	756	0.475
347	867	0.56
348	358	0.323
348	358	0.323
348	360	0.608
348	360	0.608
348	448	0.717
348	448	0.717
348	522	0
348	575	0.69
349	339	0
349	448	0.672
350	348	0.65
350	448	0.607
351	348	0.63
351	448	0.611
352	348	0.718
352	448	0.642
354	377	0.342
355	362	0.709
356	357	0.482
356	419	0.546
357	193	0.579
357	683	0.512
360	1224	0.503
361	1225	0.583
364	565	0.64
365	370	0.526
365	420	0.42
365	602	0.577
365	638	1
365	744	0.391
365	867	0.404
365	881	1
366	365	0
367	22	0.509
367	71	0
367	368	0.408
367	522	0
368	71	0
368	1172	0.642
369	643	0.594
369	644	0.58
369	664	0.533
369	666	0.566
369	683	0.612
370	219	0.506
370	302	0.602
370	515	0.413
370	938	0.627
372	1219	0.746
372	1315	0.687
373	62	0.602
373	87	0.439
373	253	0.602
373	515	0.429
373	577	0.457
373	713	0.553
374	219	0.596
374	233	0.634
374	249	0.625
374	377	0.537
374	552	0.52
374	602	0.517
374	602	0.517
374	876	0.657
376	377	0.74
376	602	0.576
376	634	0.58
376	635	0.659
376	636	0.67
376	1235	0.895
376	1313	0.449
376	1314	0.776
377	376	0.74
377	486	0
377	634	0.558
377	636	0.593
377	638	1
377	694	0.749
378	47	0.439
378	55	0.519
378	58	0.523
378	58	0.523
378	60	0.484
378	84	0.454
378	133	0.498
378	211	0.491
378	243	0.55
378	253	0.511
378	407	0.718
378	417	0.676
378	447	0.433
378	484	0.548
378	602	0.511
378	648	0.513
378	652	0.539
378	757	0.517
378	1152	1
378	1248	0.465
378	1299	0.358
379	378	0.698
379	405	0.898
379	407	0.738
379	482	0.765
379	881	1
379	1236	0.736
380	273	0.762
382	22	0
386	695	0.499
388	302	0.718
388	533	0.613
389	533	0.569
389	560	0.636
389	698	0.52
389	714	0.625
389	1161	0.567
389	1176	0.637
389	1213	0
390	391	0
391	26	0.518
392	28	0.63
392	142	1
392	792	1
399	259	0.572
400	68	0.808
400	468	0.431
400	533	0.596
400	572	0.576
400	602	0.635
400	697	0.56
400	1083	0.546
400	1149	0.808
400	1159	0.758
401	379	0.562
403	220	0.802
403	378	0.706
404	421	0.869
405	211	0.565
405	418	0.697
405	435	0.886
405	439	0.894
405	1113	0.886
405	1164	0.638
405	1247	0.87
405	1249	0.535
405	1257	0.76
406	124	0.616
406	823	0.64
407	47	0.476
407	133	0.561
407	219	0.823
407	253	0.607
407	253	0.607
407	261	0
407	282	0
407	358	0.374
407	360	0.561
407	377	0.537
407	426	0.576
407	447	0.514
407	484	0.601
407	490	0.659
407	552	0.518
407	602	0.509
407	1299	0.459
408	328	0.73
408	332	0.608
408	439	0.91
409	74	0
410	620	0.57
412	28	0.701
412	371	0.708
412	632	0.69
413	479	0.58
413	484	0.744
413	756	0.661
413	956	0.7
414	323	0.648
414	428	0.628
416	74	0
417	58	0.526
417	75	0.485
417	144	0.458
417	211	0.499
417	219	0.573
417	220	0.752
417	253	0.517
417	379	0.802
417	407	0.536
417	432	0.595
417	439	0.813
417	488	0.89
417	490	0.89
417	591	0.752
417	619	0.489
417	625	0.527
417	724	0
417	757	0.525
417	1196	0.456
417	1248	0.475
417	1257	0.702
418	144	0.454
418	219	0.551
418	220	0.684
418	332	0.556
418	417	0.915
419	378	0.543
419	405	0.663
419	406	0.663
419	482	0.533
420	378	0.543
420	405	0.663
420	406	0.663
420	448	0.707
420	482	0.533
420	1268	0.726
421	351	0.754
421	378	0.723
421	379	0.883
421	417	0.777
421	419	0.788
421	429	0.728
421	482	0.776
421	619	0.584
421	645	0.893
421	1039	0.668
421	1307	0.52
422	242	0.713
422	636	0.701
423	176	0.481
423	188	0.911
424	270	0.653
424	289	0.583
424	530	0.464
424	857	0
424	1072	0
428	414	0.628
429	378	0.548
429	407	0.572
429	1236	0.715
430	220	0.466
430	335	0.543
430	378	0.396
430	405	0.453
430	406	0.453
430	482	0.398
430	482	0.398
430	1268	0.498
431	554	0.636
432	431	0.552
432	438	1
432	442	0.394
432	931	0
432	1298	0
433	438	0.468
433	931	0
433	1298	0
434	379	0.808
434	420	0.576
434	429	0.698
435	208	0.636
438	442	0.658
439	144	0.529
439	201	0.643
439	1142	0.652
440	190	0.2
440	201	0.412
440	488	0.589
440	541	0.395
441	369	0.593
441	421	0.575
441	454	0.545
441	670	0.746
441	1229	0.607
443	97	0.431
443	118	0.349
446	478	0.687
447	243	0.531
447	414	0.728
448	94	0.716
448	219	0.634
448	234	0.667
448	243	0.725
448	340	0.398
448	344	0.602
448	348	0.717
448	350	0.607
448	352	0.642
448	358	0.332
448	360	0.63
448	361	0.645
452	463	0.102
453	572	0.633
454	350	0.766
454	351	0.75
454	421	0.864
454	938	0.543
455	652	0.624
455	897	0.499
457	152	0.497
457	579	0.382
457	949	0
458	501	0.337
458	501	0.337
459	465	0
460	348	0.558
460	417	0.645
460	572	0.514
461	1080	0
463	146	0.495
463	221	0.497
463	302	0.533
463	370	0.459
463	515	0.5
463	533	0.465
463	602	0.521
463	869	1
464	57	0.689
464	58	0.663
465	315	0
466	101	0.714
466	175	0.939
467	636	0.683
468	515	0.358
468	625	0.416
468	1266	0.344
470	70	0.686
470	146	0.701
471	187	0.638
471	413	0.649
471	515	0.419
471	574	0.651
472	122	0.58
473	120	0.567
474	578	0
474	580	0
475	270	0.121
475	270	0.121
475	307	0.153
475	307	0.153
476	44	0.246
476	45	0.509
476	96	1
476	101	0.513
476	118	0.499
476	119	0.437
476	119	0.437
476	120	0.476
476	130	0.41
476	261	0
476	500	0.417
476	525	0
478	119	0.516
479	427	0.542
479	464	0.585
479	484	0.647
482	47	0.438
482	71	0
482	124	0.57
482	133	0.496
482	211	0.494
482	407	0.701
482	408	0.788
482	414	0.5
482	417	0.811
482	418	0.744
482	435	0.766
482	439	0.792
482	447	0.445
482	483	0.517
482	547	0.82
482	574	0.572
482	619	0.483
482	627	0.539
482	634	0.508
482	909	0
482	922	0.305
482	989	1
482	1113	0.766
482	1164	0.577
482	1247	0.864
482	1249	0.502
482	1257	0.689
483	22	0.563
483	36	0.63
483	116	0.675
483	348	0.688
483	479	0.526
483	486	0
483	575	0.566
484	48	0.6
484	56	0.646
484	57	0.628
484	58	0.686
484	59	0.673
484	60	0.576
484	61	1
484	119	0.55
484	242	0.654
484	267	1
484	413	0.744
484	471	0.658
484	476	0.579
484	538	1
484	695	1
484	1154	0.635
484	1261	1
484	1291	1
487	572	0.569
488	55	0.596
488	145	0.604
488	308	0.69
488	590	0.685
488	594	0.668
488	823	0.662
488	1031	0
489	261	0
489	1291	1
490	48	0.767
490	50	0.768
490	55	0.589
490	55	0.589
490	144	0.494
490	443	0.429
490	823	0.654
491	209	0.712
492	678	0.668
493	8	0.645
493	44	0.342
493	45	0.64
493	55	0.611
493	379	0.906
493	392	0.873
493	417	0.796
493	421	0.848
493	432	0.726
493	438	1
493	483	0.659
493	560	0.906
493	579	0.633
493	1062	0.683
494	421	0.854
496	275	0.678
496	296	0.575
496	297	0.549
496	312	0.4
497	448	0.728
497	1129	0.574
499	518	0
500	120	0.446
501	81	1
502	783	0
504	502	0.12
506	367	0.413
506	515	0.52
506	593	0.369
506	634	0.524
506	636	0.541
507	22	0.688
508	22	0.703
508	22	0.703
508	507	0.866
508	522	0
510	103	0.485
510	157	0.556
510	219	0.655
510	222	0
510	632	0.583
511	64	0.621
511	64	0.621
511	139	0.709
511	158	0.385
511	1168	0.089
512	202	0.588
512	202	0.588
513	13	0.577
514	216	0.586
514	1312	0.75
515	22	0.663
515	22	0.663
515	104	0.458
515	116	0.464
515	221	0.423
515	244	0.289
515	294	0.397
515	417	0.702
515	448	0.502
515	482	0.651
515	518	0
515	552	0.606
515	572	0.445
515	697	0.445
515	876	0.712
515	981	0
515	982	0
515	1130	0.766
516	552	0.598
516	554	0.424
517	284	0.671
517	518	0
518	20	0
518	103	0
518	164	0
518	168	0
518	219	0
518	284	0
518	288	0
518	367	0
518	448	0
518	507	0
518	519	0
518	519	0
518	522	0
518	608	0
519	22	0.496
519	283	0.506
519	507	0.493
519	518	0
521	55	0.618
521	76	0.572
521	130	0.479
521	144	0.516
521	145	0.594
521	165	0.108
521	447	0.494
521	476	0.596
521	541	0.517
521	616	0.512
522	58	0
522	71	0
522	72	0
522	74	0
522	143	0
522	164	0
522	197	0
522	208	0
522	209	0
522	209	0
522	211	0
522	282	0
522	307	0
522	373	0
522	409	0
522	448	0
522	457	0
522	488	0
522	552	0
522	559	0
522	560	0
522	572	0
522	593	0
522	594	0
522	629	0
522	985	0
522	1285	0
522	1294	0
522	1307	0
523	8	0.643
523	58	0.583
523	208	0.527
523	307	0.774
523	370	0.506
523	409	0.524
523	424	0.538
523	457	0.393
523	530	0.494
523	551	0.436
523	560	0.849
523	721	0.344
523	722	0.363
523	726	0.481
523	737	0.451
523	754	0.677
523	796	0
523	810	0.252
523	818	0.654
523	834	1
523	847	0.181
523	855	1
523	865	0.431
523	883	0.055
523	900	0.487
523	907	0.537
523	908	1
523	917	0.235
523	929	0
523	948	0.492
523	953	0.498
523	989	1
523	991	1
523	1016	0.321
523	1017	0.327
523	1045	1
526	796	0
527	202	0.621
527	202	0.621
527	666	0.483
529	248	0.477
530	164	0.375
530	367	0.502
530	518	0
530	878	0
530	981	0
533	71	0
533	164	0.474
533	206	0.485
533	367	0.49
533	515	0.41
533	518	0
533	522	0
533	878	0
533	981	0
533	981	0
535	529	0.374
536	443	0.368
537	114	0.626
537	484	0.615
539	28	0.656
540	55	0.026
541	22	0.551
541	53	0.542
541	53	0.542
541	55	0.519
541	130	0.451
541	165	0.283
541	190	0.248
541	379	0.506
541	429	0.526
541	551	0.414
541	648	0.429
541	756	0.551
542	165	0.163
543	28	0.718
543	87	0.471
544	335	0.547
544	348	0.564
544	407	0.523
544	619	0.504
544	632	0.529
547	332	0.56
548	119	0.505
549	154	0.585
549	695	1
550	118	0.165
551	233	0.474
551	515	0.366
551	518	0
551	519	0.49
551	982	0
552	197	0.703
552	249	0.535
552	302	0.503
552	378	0.6
552	414	0.494
552	419	0.531
552	482	0.631
552	572	0.484
552	602	0.584
552	632	0.689
552	688	0.502
552	891	0.27
554	146	0.609
554	260	0.552
554	470	0.697
554	646	0.706
554	876	0.663
558	67	0.586
559	58	0.635
559	59	0.734
560	55	0.64
560	403	0.868
560	417	0.823
560	418	0.738
561	86	0.71
562	563	0.467
563	22	0.53
563	116	0.585
563	116	0.585
563	572	0.595
564	562	0.638
567	565	0.6
569	761	0.611
570	219	0.589
570	572	0.8
570	578	1
571	154	0.677
572	28	0.612
572	219	0.572
572	220	0.565
572	282	0
572	421	0.608
572	434	0.508
572	444	0.706
572	448	0.601
572	482	0.481
572	487	0.569
572	493	0.582
572	515	0.445
572	560	0.609
572	564	0.576
572	632	0.578
572	703	0.598
572	761	0.607
572	1135	0.592
572	1266	0.425
573	22	0.155
573	572	0.18
573	1014	0.137
574	96	1
574	97	0.676
574	101	0.778
574	175	0.698
574	187	0.835
574	449	0.752
574	538	1
575	362	0.513
576	34	0.171
576	374	0.159
576	704	0.109
578	412	0.4
578	587	0.464
578	724	0
579	233	0.59
579	282	0
579	348	0.624
579	378	0.486
579	412	0.684
579	522	0
579	554	0.609
579	588	0.64
579	724	0
579	1285	0.324
580	581	0
582	297	0.111
582	526	0.059
582	526	0.059
582	579	0.152
585	454	0.748
585	497	0.687
585	1303	0.772
586	611	0.557
587	392	0.927
587	431	0.669
587	432	0.765
587	433	0.468
587	438	1
587	442	0.513
587	1388	1
587	1434	0.582
588	392	0.822
588	433	0.468
588	438	1
588	796	0
588	799	0.611
588	1000	0.658
589	249	0.64
591	55	0.761
591	144	0.492
591	253	0.612
591	1455	1
595	49	0
596	578	0
597	610	0
597	657	0
599	264	0
599	270	0.445
599	312	0.208
600	228	0.576
600	229	0.811
602	219	0.515
602	302	0.748
602	515	0.529
602	572	0.5
602	625	0.475
602	1305	1
603	376	0.558
603	377	0.556
603	602	0.483
603	638	1
603	697	0.593
603	1133	0.562
603	1308	1
603	1314	0.649
603	1390	0.627
603	1469	0.583
604	266	0.66
604	302	0.58
604	417	0.463
604	515	0.419
604	554	0.507
604	554	0.507
604	630	1
604	1432	0.538
605	339	0
606	522	0
607	611	0.542
607	1116	0.618
607	1412	0.661
607	1498	0.717
607	1603	0.539
611	428	0.625
611	612	0.813
612	113	0.594
612	675	0.57
612	897	0.667
612	1133	0.742
612	1412	0.574
612	1442	0
612	1524	0.638
613	47	0.45
614	609	0.736
615	610	0.784
615	611	0.752
616	290	0.571
616	291	0.564
616	292	0.518
616	611	0.513
616	627	0.541
616	661	0.497
616	811	0.573
616	1361	1
616	1544	0.528
617	57	1
617	421	1
617	801	0
618	617	0
619	216	0.474
619	1189	0.541
619	1287	0.665
620	117	0.561
620	159	0.253
623	465	0
624	672	0.457
624	679	0.363
624	815	0.64
624	1033	0.646
624	1394	0.095
624	1465	0.475
624	1469	0.399
624	1604	0.351
625	311	0.4
625	572	0.535
625	1014	0.728
626	483	1
626	483	1
628	627	1
629	593	0.369
630	93	1
630	196	1
630	269	1
630	302	1
630	553	1
632	70	0.546
632	93	0.666
632	197	0.686
632	233	0.77
632	376	0.692
632	417	0.684
632	470	0.598
632	474	0.103
632	533	0.552
632	552	0.689
632	554	0.556
632	572	0.578
632	579	0.562
632	602	0.746
632	605	0.556
632	636	0.601
632	641	0.793
632	698	0.565
632	754	0.664
632	754	0.664
632	795	1
632	818	0.609
632	847	0.093
632	861	1
632	865	0.503
632	900	0.528
632	930	0.703
632	948	0.532
632	1033	0.606
632	1050	0.321
632	1130	0.714
632	1140	1
632	1363	0.577
632	1412	0.632
632	1432	0.57
632	1454	0.635
632	1469	0.704
632	1522	0.598
632	1564	0.631
632	1604	0.572
633	274	0.764
634	1232	1
635	1232	1
636	271	0.041
636	372	0.713
636	634	0.79
639	154	0.709
639	616	0.598
639	715	0.778
639	1400	0.696
639	1465	0.716
639	1469	0.679
639	1552	0.739
640	152	0.621
641	63	0.565
641	388	0.61
641	533	0.509
641	602	0.644
641	697	0.591
641	1083	0.576
641	1284	0.542
641	1308	1
643	419	0.784
643	454	0.616
643	455	0.59
643	482	0.505
643	645	0.589
644	645	0.568
645	378	0.723
645	379	0.858
645	417	0.781
645	419	0.617
645	420	0.617
645	429	0.612
645	454	0.844
645	455	0.772
645	616	0.497
645	643	0.589
645	1130	0.864
645	1454	0.679
650	282	0
651	471	0.579
653	551	0.337
653	551	0.337
654	28	1
654	287	1
654	374	1
655	28	1
655	287	1
655	374	1
656	657	0.597
657	610	0.658
657	611	0.592
657	645	0.695
657	658	0.865
657	1366	0.539
657	1409	0.724
657	1420	0.474
657	1526	0.469
658	643	0.47
658	657	0.865
658	659	0.873
658	1391	0.498
658	1406	0.46
658	1409	0.775
659	656	0.585
660	350	0.623
660	377	0.573
661	1133	0.562
670	672	0.621
670	673	0.682
672	379	0.663
672	679	0.612
673	681	0.637
674	551	0.393
679	232	0.643
679	585	0.764
679	681	0.634
681	46	0.645
681	46	0.645
681	125	0.555
681	348	0.69
681	396	0.521
681	417	0.544
681	425	0.561
681	425	0.561
681	448	0.578
681	484	0.669
681	645	0.587
681	787	0.647
681	1561	0.523
683	193	0.525
683	351	0.55
683	419	0.68
683	421	0.673
683	643	0.534
683	644	0.523
683	645	0.549
685	572	0.579
687	322	0.072
688	1323	0.576
689	688	0.778
689	1011	1
691	270	0.728
692	471	0.606
693	502	0.201
693	650	0.636
694	634	0.568
694	635	0.686
694	637	0
695	57	1
695	167	0.462
695	186	0
695	398	1
695	478	1
697	22	0.536
697	572	0.578
697	578	0.4
697	579	0.635
698	22	0.534
698	36	0.623
698	116	0.592
698	572	0.579
700	325	0.548
701	22	0.605
701	22	0.605
701	233	0.635
701	515	0.584
701	533	0.51
701	602	0.599
705	81	0.538
706	28	0.669
706	750	0.487
707	28	0.72
708	28	0
709	710	0.602
710	256	0.547
710	256	0.547
710	1465	0.633
711	20	0.609
711	28	0.584
711	335	0.565
712	465	0
713	62	0.67
713	87	0.421
713	89	0.555
713	91	0.63
713	91	0.63
713	131	1
713	378	0.527
713	643	0.714
713	645	0.615
713	1258	0.633
714	192	0
714	698	0.621
714	1083	0.597
714	1308	1
715	117	0.536
716	851	0.621
716	857	0
717	853	0
717	857	0
718	523	0
720	81	0
721	81	0.659
722	81	0.659
723	733	0.238
723	901	0.215
723	902	0.047
723	903	0
725	790	0.695
725	818	0.857
725	847	0.24
727	716	0
727	717	0
728	763	0
731	270	0.295
731	289	0.207
731	857	0
732	851	0.278
732	852	0.271
732	857	0
733	1047	0
736	1045	0
736	1069	0
737	1047	0
739	778	0
739	779	0
742	154	0
743	91	0.648
743	131	1
743	1265	0.572
744	93	0.574
744	698	0.608
746	745	0
747	745	0
749	745	0
750	724	0
752	58	0.691
752	560	0.841
753	58	1
753	59	1
753	90	1
754	18	0.392
754	54	0.41
754	270	0.467
754	803	0.449
754	902	0.047
754	924	0.382
754	1125	0.599
754	1133	0.533
755	1080	0
756	18	0.487
756	46	0.593
756	54	0.497
756	181	0
756	256	0.587
756	264	0
756	348	0.706
756	370	0.604
756	417	0.557
756	482	0.522
756	515	0.46
756	560	0.601
756	579	0.568
756	632	0.574
756	924	0.469
756	960	0.6
756	970	0.546
756	1133	0.669
756	1236	0.507
756	1236	0.507
756	1277	0
757	56	0.783
757	57	0.673
757	58	0.615
757	59	0.702
757	1148	0.789
757	1248	0.599
758	1037	0
759	270	1
759	289	0.621
759	851	0.621
759	857	0
760	759	0
761	403	0.845
761	417	0.801
761	418	0.726
763	1030	0
764	769	0.621
765	55	0
765	144	0
765	165	0
765	368	0
765	447	0
765	457	0
765	648	0
765	770	0
765	847	0
765	874	0
765	900	0
765	907	0
765	948	0
765	1060	0
765	1062	0
765	1083	0
766	368	0
766	409	0
766	432	0
766	457	0
766	530	0
766	573	0
766	720	0
766	726	0
766	729	0
766	754	0
766	765	0
766	769	0
766	770	0
766	771	0
766	803	0
766	806	0
766	823	0
766	880	0
766	917	0
766	928	0
766	948	0
766	955	0
766	962	0
766	963	0
766	964	0
766	991	0
766	1006	0
766	1014	0
766	1023	0
766	1026	0
766	1027	0
766	1030	0
766	1050	0
766	1084	0
769	144	0.534
769	457	0.432
769	573	0.245
769	645	0.799
769	737	0.538
769	894	0.607
769	907	0.662
769	953	0.603
769	994	0.673
769	1008	0.649
769	1024	1
769	1030	0.619
769	1035	0.581
769	1051	0.627
769	1062	0.723
769	1065	0.569
769	1067	0.343
769	1069	0.665
769	1078	0.142
769	1432	0.588
770	144	0
770	145	0
770	457	0
770	1062	0
771	22	0.505
771	79	0.554
771	770	0
772	79	0.503
772	769	0.617
772	770	0
773	1025	0.583
774	1014	0.145
775	447	0
775	648	0
775	740	0
775	811	0
775	877	0
775	991	0
775	1069	0
775	1073	0
777	260	0.551
778	851	0.379
778	852	0.379
778	857	0
779	851	0
779	852	0
779	857	0
780	146	1
780	197	1
780	260	1
780	302	1
780	389	1
780	515	1
780	602	1
780	632	1
780	698	1
780	1432	1
781	560	0.367
782	523	0
782	781	0
782	993	0
782	994	0
783	501	0
783	965	0
783	966	0
783	986	0
786	1064	0
787	87	0.451
787	89	0.63
787	90	0.459
787	131	1
787	1144	0.581
792	724	0
793	374	0.639
796	433	0
799	1083	0.577
800	857	0
800	953	0
801	28	0
802	851	0.399
802	853	0
802	857	0
803	851	0.369
803	852	0.341
803	854	0.367
803	857	0
804	302	0.532
804	851	0.412
804	852	0.369
804	857	0
806	1069	0.621
807	28	0
808	926	0
810	164	0.031
811	53	0.736
811	495	0.607
814	928	1
815	1015	1
816	851	0.444
816	852	0.393
816	857	0
820	202	0.524
820	648	0.533
820	1615	0.631
823	822	0.318
824	745	0
826	828	0.931
829	1392	0.623
829	1400	0.888
829	1469	0.735
829	1552	0.716
830	816	0.507
830	888	0.507
830	923	0.445
830	950	0.587
831	815	1
831	1015	0.619
832	831	0
833	611	0.525
835	154	0.54
836	374	0.835
838	851	0.476
838	853	0
838	854	0.457
838	857	0
840	270	0.213
840	857	0
841	853	0
841	857	0
842	765	0
844	208	0.563
846	848	0
847	785	0
848	852	0.391
848	857	0
850	270	0.702
851	721	0.104
851	722	0.112
853	720	0
853	721	0
853	722	0
854	720	0
854	722	0.096
856	846	0
857	370	0
857	515	0
857	530	0
857	720	0
857	721	0
857	754	0
857	860	0
857	890	0
857	953	0
857	997	0
857	1015	0
857	1069	0
858	1019	0.151
860	992	0
862	457	1
863	424	0
863	737	0
863	883	0
863	917	0
863	948	0
864	865	0
864	948	0
866	864	0
867	515	0.431
869	22	1
869	36	1
869	116	1
871	533	0.516
871	1408	0.628
871	1436	0.625
871	1540	0.598
872	934	0.646
873	1030	0
874	993	0.566
876	22	0.712
876	307	0.838
876	796	0
876	1130	0.895
877	993	0.329
878	368	0
880	1014	0.728
881	468	1
881	515	1
881	1272	1
882	378	0.461
882	379	0.577
882	429	0.561
882	482	0.442
882	573	0.196
882	812	0
882	921	0.34
882	1078	0.126
885	992	0
886	992	0
887	992	0
888	851	0.453
888	852	0.4
888	857	0
889	560	0.557
890	992	0
891	992	0
892	992	0
893	992	0
894	992	0
895	703	0
896	36	0.668
898	427	0.634
899	256	0.563
900	71	0
901	270	0.297
901	289	0.297
901	857	0
902	851	0.426
902	852	0.426
902	857	0
903	821	0
903	851	0
903	857	0
910	220	0.865
910	379	0.935
910	429	0.763
910	998	0.635
910	1250	0.935
911	482	0.792
912	482	0.792
913	379	0.935
914	379	1
914	429	0.698
914	911	0.933
914	1250	1
915	379	0.814
915	429	0.592
915	911	0.776
915	912	0.776
917	851	0.189
917	852	0.162
917	857	0
919	378	0.255
919	405	0.348
919	406	0.348
919	407	0.278
919	482	0.287
919	1236	0.276
919	1268	0.336
920	379	0.701
920	429	0.439
920	1002	0.271
921	379	0.701
922	208	0.305
923	851	0.418
923	852	0.385
923	857	0
925	220	0.584
925	403	0.573
928	1069	0.675
932	769	0.749
933	737	0.44
934	87	0.473
934	89	0.675
934	91	0.648
935	181	0
935	256	1
938	8	0.494
938	493	0.581
938	1264	0.644
940	54	0.475
940	731	0.235
940	732	0.443
943	1014	0.728
948	71	0
948	533	0.473
948	1034	0.578
949	977	0
950	851	0.544
950	852	0.471
950	857	0
952	217	0
953	71	0
954	55	0.598
954	370	0.646
954	447	0.514
954	560	0.608
954	761	0.607
954	792	1
954	843	0.619
954	956	0.552
954	1027	1
957	530	0
957	993	0
957	1042	0
958	959	0.538
959	270	0.399
959	851	0.376
959	852	0.292
959	857	0
960	270	0.625
960	857	0
961	1133	0.577
962	783	0
963	783	0
964	783	0
965	81	0
966	81	1
967	81	1
968	81	0.507
969	81	0.148
970	81	1
971	783	0
972	973	0.648
973	533	0.485
973	604	0.426
973	744	0.424
974	936	0
975	22	0.665
975	488	0.71
975	490	0.718
975	522	0
975	523	0.714
975	1028	0.677
975	1130	0.747
975	1282	0.714
976	1011	1
976	1013	0.437
977	783	0
979	917	0.23
980	133	0.482
980	154	0.52
981	22	0
981	87	0
981	90	0
981	91	0
981	164	0
981	284	0
981	706	0
981	749	0
981	754	0
981	818	0
981	860	0
981	991	0
981	1008	0
981	1030	0
982	22	0
982	523	0
982	698	0
982	749	0
982	876	0
982	975	0
982	1042	0
983	981	0
984	54	0.452
984	55	0.604
984	94	0.469
984	144	0.506
984	165	0.091
984	368	0.424
984	447	0.485
984	448	0.576
984	457	0.382
984	482	0.654
984	530	0.477
984	533	0.533
984	560	0.698
984	560	0.698
984	569	0.503
984	632	0.624
984	648	0.565
984	726	0.435
984	737	0.446
984	751	0.422
984	761	0.688
984	771	0.413
984	802	0.422
984	837	0.551
984	847	0.134
984	865	0.428
984	874	0.496
984	883	0.048
984	886	0.555
984	894	0.479
984	900	0.479
984	907	0.522
984	917	0.204
984	927	0.691
984	948	0.483
984	965	0
984	966	0.482
984	970	0.542
984	971	0.098
984	991	1
984	997	0.476
984	1008	0.525
984	1011	1
984	1025	0.549
984	1046	0.55
984	1051	0.505
984	1060	0.144
984	1062	0.66
984	1277	0
984	1278	0.2
985	954	0.614
985	1432	0.585
986	144	0.551
986	457	0.619
986	728	0
986	917	0.256
986	971	0.312
987	984	0.579
988	202	0
989	718	0
991	71	0
993	58	0.6
993	144	0.541
993	769	0.66
993	792	1
993	948	0.539
994	22	0.526
994	55	0.62
994	58	0.582
994	79	0.596
994	144	0.488
994	307	0.525
994	470	0.713
994	770	0
994	792	1
994	900	0.505
994	945	0.453
994	948	0.516
995	53	0.666
995	55	0.532
996	648	0.582
997	71	0
999	1033	0.608
1000	724	0
1000	981	0
1002	905	0.502
1003	365	0.462
1005	260	0.518
1005	389	0.581
1005	632	0.549
1007	1006	0.505
1008	1006	0.623
1009	260	0.536
1011	560	1
1011	564	1
1011	761	1
1012	569	0.527
1012	1011	1
1013	564	0.696
1013	1014	0.728
1014	515	0.728
1014	560	0.728
1014	564	0.728
1014	761	0.728
1014	1255	0.728
1015	22	0.559
1015	572	0.57
1015	1014	0.728
1016	1014	0.324
1017	1011	0.621
1017	1014	0.349
1019	302	0.342
1019	602	0.687
1020	270	0.688
1020	289	0.382
1020	851	0.394
1021	270	0.428
1022	560	0.685
1025	928	0.711
1025	954	0.593
1025	1006	0.685
1025	1008	0.623
1025	1045	1
1025	1065	0.536
1027	1014	0.728
1028	55	0.698
1028	144	0.473
1028	586	0.555
1028	823	0.572
1028	1031	0
1029	71	0
1030	71	0
1031	594	0
1032	1053	0
1033	94	0.502
1035	883	0.03
1038	758	0.633
1038	1037	0
1040	838	0
1040	839	0
1040	840	0
1040	841	0
1041	483	0.541
1042	377	1
1042	630	1
1042	734	1
1042	1019	0.342
1043	698	0.701
1044	59	0.598
1045	953	1
1046	722	0.439
1046	1045	1
1047	856	0
1047	860	0
1048	1030	0.498
1049	1011	1
1051	993	0.567
1053	936	0
1053	1054	1
1054	1037	0
1055	1057	0
1055	1058	0
1057	851	0.426
1057	852	0.426
1057	857	0
1058	851	0.409
1058	852	0.361
1058	857	0
1058	1042	1
1060	220	0.233
1060	1443	0.253
1060	1444	0.344
1061	1065	0.667
1062	724	0
1062	854	0.419
1065	900	0.462
1065	1029	0.096
1065	1069	0.501
1067	1014	0.071
1068	1069	0.352
1069	890	0.522
1069	953	0.516
1072	641	0
1074	633	0.775
1074	898	0.753
1077	44	0.238
1077	778	0
1078	22	0.082
1080	260	0.38
1080	370	0.224
1080	602	0.272
1080	881	0.702
1082	960	0.369
1083	818	0.703
1085	724	0
1086	56	0.717
1086	56	0.717
1086	57	0.701
1086	801	0
1088	374	0.757
1089	47	0.425
1090	256	1
1090	899	0.44
1113	208	0.636
1115	216	0.57
1115	1287	0.739
1125	756	0.599
1126	28	0.475
1126	801	0
1128	1483	1
1130	55	0.664
1130	55	0.664
1130	57	0.652
1130	91	0.645
1130	307	0.815
1130	688	0.642
1130	713	0.691
1130	843	0.648
1130	966	0.546
1132	28	0.604
1133	268	0.575
1133	289	0.331
1133	634	0.768
1133	843	0.675
1133	1140	1
1133	1488	0.577
1133	1614	0.626
1135	417	0.83
1135	1618	0.8
1137	22	0.543
1137	116	0.564
1137	493	0.609
1139	713	0.585
1140	471	1
1140	1133	1
1141	57	0.68
1143	28	1
1145	57	0.83
1147	801	0
1148	55	0.666
1148	56	0.993
1148	57	0.83
1148	60	0.741
1148	61	1
1148	757	0.789
1149	641	0.861
1150	90	0.499
1151	57	0
1152	58	1
1152	59	1
1152	1148	1
1152	1248	1
1153	58	0.756
1153	59	0.876
1154	58	0.734
1154	59	0.84
1155	801	0
1156	71	0
1156	417	0.353
1156	754	0.344
1156	1313	0.353
1157	57	0.277
1158	154	0.568
1159	468	0.343
1159	697	0.343
1160	1161	0.606
1162	1153	0.678
1163	710	0.158
1165	91	0.566
1166	154	0.251
1166	181	0
1167	60	0
1168	511	0.089
1169	55	0
1169	447	0
1171	1116	0.622
1171	1133	0.576
1171	1344	0.598
1171	1396	0.572
1171	1468	0.572
1171	1496	0.575
1171	1497	1
1171	1498	0.613
1172	71	0
1173	57	0.794
1173	59	0.829
1173	87	0.512
1174	1161	1
1175	1129	0.48
1176	515	0.47
1176	533	0.568
1176	697	0.696
1176	1308	1
1177	216	0.622
1177	710	0.425
1178	243	0.857
1180	28	0.923
1180	91	0.759
1182	57	0.475
1183	57	0.649
1184	1152	0
1185	379	0.902
1185	429	0.757
1189	216	0.827
1190	468	0.501
1191	90	0.475
1191	232	0.58
1192	1193	0.512
1192	1212	0.568
1193	533	0.493
1193	602	0.606
1193	1196	0.464
1193	1313	0.445
1194	90	0.394
1195	256	0.848
1195	710	0.38
1196	302	0.691
1196	604	0.506
1197	1271	0
1199	9	0.28
1200	504	0
1201	9	0.373
1201	9	0.373
1201	197	0.128
1201	515	0.218
1201	572	0.226
1201	754	0.229
1201	1207	0
1201	1283	0.276
1203	578	0.4
1205	471	0.076
1207	197	0.186
1208	560	0.607
1209	58	1
1209	59	1
1209	1148	1
1211	1129	0
1212	1192	0.568
1212	1193	0.59
1213	641	0
1214	603	0.696
1215	154	0.55
1216	181	0
1217	1218	0.589
1218	376	0.533
1218	694	0.536
1219	1231	0.678
1220	1221	1
1220	1222	0.621
1221	377	1
1221	694	1
1221	1224	1
1222	1224	0.661
1223	1235	0.395
1224	376	0.506
1224	1221	1
1224	1223	0.637
1225	376	0.46
1226	713	1
1227	652	1
1228	365	0.501
1229	683	0.575
1230	369	0.838
1230	1229	0.767
1233	533	0.496
1235	376	0.895
1236	47	0.421
1236	133	0.485
1236	447	0.433
1236	484	0.549
1236	602	0.496
1236	1299	0.376
1238	57	0.573
1240	154	1
1241	87	0.466
1241	89	0.6
1241	91	0.693
1242	1187	0.568
1243	53	0.572
1243	256	0.592
1243	710	0.391
1244	379	0.83
1244	429	0.718
1245	378	0.186
1245	407	0.191
1245	1236	0.189
1246	59	0.714
1247	332	0.568
1248	56	0.8
1248	57	0.876
1248	757	0.599
1248	801	0
1248	1155	0.781
1249	133	0.801
1250	221	0.727
1252	219	0.114
1252	220	0.144
1252	378	0.124
1252	407	0.114
1252	1236	0.114
1253	219	0.135
1253	220	0.144
1254	219	0.567
1254	220	0.559
1255	379	0.804
1255	429	0.644
1256	417	0.666
1256	418	0.489
1257	144	0.491
1257	201	0.509
1257	1142	0.547
1260	60	0.743
1261	56	1
1261	57	1
1261	58	1
1261	59	1
1261	1248	1
1262	743	0.852
1263	28	1
1264	724	0
1265	713	0.561
1265	743	0.572
1265	1206	0.569
1266	1271	1
1266	1279	1
1267	1209	1
1269	1266	0.92
1270	216	0.455
1270	1312	0.582
1271	1266	1
1272	1266	0.861
1273	219	0.501
1273	220	0.503
1276	181	0
1277	81	0
1278	1292	0
1280	612	0.625
1280	634	0.573
1281	55	0.494
1282	488	0.853
1282	1552	0.625
1283	164	0.549
1283	981	0
1283	981	0
1284	164	0.489
1287	216	0.69
1288	57	0.711
1289	543	0
1290	376	0.525
1290	634	0.54
1290	694	0.526
1291	57	1
1291	58	1
1291	59	1
1291	1148	1
1291	1248	1
1292	1202	0
1293	1240	1
1294	572	0.339
1295	216	0.466
1296	268	0.514
1296	270	0.503
1296	1199	0.446
1297	216	0.458
1300	302	0.566
1300	533	0.527
1300	602	0.592
1300	1197	0
1300	1271	1
1301	181	0
1301	256	0.632
1302	1138	0
1304	1115	0.748
1304	1312	0.709
1304	1441	0.637
1306	216	0.51
1309	154	0.657
1309	216	0.537
1310	365	1
1310	376	1
1310	377	1
1312	216	0.456
1312	1270	0.582
1313	476	0.37
1313	634	0.478
1315	1231	0.689
1317	697	0.646
1317	815	1
1318	216	0
1323	201	0.56
1323	488	0.57
1324	417	0.788
1324	418	0.701
1325	1154	1
1328	683	0.184
1330	713	0
1331	379	0.785
1331	429	0.713
1334	1396	0.645
1335	1116	0.526
1337	829	0.649
1337	1469	0.608
1352	1133	0.592
1356	1604	0.554
1360	1545	0.666
1360	1625	0.615
1366	611	0.533
1366	612	0.551
1366	1412	0.555
1370	1442	0
1376	1432	0.525
1377	811	0.697
1377	1412	0.675
1380	604	0.512
1380	710	0.422
1380	1441	0.599
1380	1567	0.602
1382	612	0.603
1386	1412	0.681
1387	811	0
1389	1391	0.574
1391	1133	0.584
1392	1460	0.588
1392	1461	0.572
1393	710	0.492
1414	811	0.655
1414	1405	0.619
1414	1432	0.541
1423	1116	0.491
1424	633	0.181
1424	811	0.268
1424	1400	0.319
1424	1412	0.26
1432	602	0.653
1432	603	0.503
1432	634	0.529
1432	636	0.576
1432	698	0.542
1432	867	0.545
1432	990	1
1432	1015	0.538
1432	1372	0.591
1432	1411	0.546
1432	1412	0.646
1432	1472	0.559
1432	1486	0.481
1432	1550	0.549
1432	1591	0.554
1432	1604	0.537
1443	604	0.474
1443	636	0.595
1443	867	0.589
1443	1060	0.253
1443	1455	1
1443	1525	1
1443	1540	0.528
1443	1603	0.517
1443	1610	0.528
1444	586	1
1444	610	1
1444	611	1
1444	636	1
1444	867	1
1444	1060	0.344
1444	1133	1
1444	1375	1
1444	1525	1
1444	1540	1
1444	1554	0.512
1444	1564	1
1444	1603	1
1444	1610	1
1444	1611	0.593
1454	1562	0.617
1469	634	0.62
1469	638	1
1469	697	0.616
1469	1586	0.559
1469	1587	0.559
1469	1591	0.662
1475	1116	0
1475	1496	0
1484	1396	0
1484	1467	0
1484	1496	0
1486	612	0.598
1487	1465	0
1501	1116	1
1507	1133	1
1515	897	0.479
1515	1604	0.572
1523	611	0.018
1523	811	0.051
1523	867	0.103
1523	1116	0.059
1523	1363	0.082
1523	1396	0.103
1523	1467	0.069
1523	1510	0.066
1523	1525	0.206
1525	769	1
1525	1352	1
1530	1392	0.488
1530	1464	1
1530	1465	0.543
1531	1392	0.221
1531	1400	0.306
1531	1552	0.3
1536	815	0.23
1536	1469	0.141
1538	1522	0.598
1540	871	0.598
1540	1443	0.528
1540	1444	1
1545	616	0.557
1546	616	1
1546	1540	1
1547	1524	0.634
1547	1545	0.63
1547	1625	0.583
1554	751	0.233
1554	769	0.281
1554	906	0.326
1554	1352	0.237
1554	1406	0.323
1554	1412	0.406
1554	1496	0.285
1561	661	0.518
1562	897	0.653
1562	1491	0.734
1562	1604	0.683
1571	615	0.7
1571	657	0.657
1579	908	1
1579	1618	0.725
1581	1401	0.647
1589	1443	1
1591	1250	0.689
1614	1133	0.626
1614	1618	0.717
1615	622	0.664
1616	610	0.512
1617	610	0.512
1618	1443	0.645
1618	1444	1
1619	1443	0.533
1619	1444	1
1625	1523	0.069
1634	1561	0.577
