723	902	0.0146090768785
723	903	0.678595882173
723	733	0.995076168711
723	901	0.339374123533
693	502	0.931260548003
693	650	0.198179828916
1140	1133	0.154909477361
1140	471	0.749070846783
507	22	0.27165391274
429	407	0.318968042701
429	378	0.903789385155
429	1236	0.263969080781
1525	1352	0.607001654267
1525	769	0.361416110251
344	345	0.775695736681
344	377	0.516005673751
345	334	0.551930647337
345	376	0.0263551474129
345	662	0.137679901836
345	377	0.653835223434
345	660	0.348417148206
346	347	0.780339366402
347	756	0.189587345996
347	22	0.252436461432
347	602	0.0554192866848
347	698	0.061813433117
347	447	0.17895537351
347	867	0.70715341895
347	219	0.718109900322
347	74	0.376418541438
347	523	0.287583127154
347	370	0.554749224126
347	515	0.345577268759
347	79	0.543667166551
347	220	0.789208519199
340	91	0.0607512238767
341	135	0.604330656585
342	762	0.611842332737
342	73	0.221032948823
343	90	0.137370071906
343	232	0.690804816974
810	164	0.88987499126
811	495	0.637414480101
811	53	0.301874739117
814	928	0.427508689831
815	1015	0.051427872137
816	857	0.511620430995
816	851	0.362632271668
816	852	0.132102581073
1260	60	0.686719239591
739	779	0.370758468787
739	778	0.0110555605584
1250	221	0.886070133115
718	523	0.52519340302
717	857	0.223701914909
717	853	0.849127157593
716	857	0.887106676649
716	851	0.921532128121
715	117	0.379352268499
714	1083	0.854169368836
714	698	0.80305044859
714	1308	0.909277359399
714	192	0.0133885097539
713	62	0.946971295652
713	131	0.322430848391
713	378	0.575320788966
713	643	0.597085035499
713	89	0.0464147877142
713	645	0.717216301885
713	91	0.920885800203
713	87	0.982821734444
713	1258	0.072251523468
712	465	0.909996947652
711	335	0.113386350183
711	20	0.308393324305
711	28	0.658486351148
710	1465	0.562245300691
710	256	0.244281041006
618	617	0.605938546363
915	379	0.107440120509
915	429	0.446545036401
915	911	0.839052403027
915	912	0.391542992877
661	1133	0.670309611776
660	377	0.353949731128
660	350	0.0133207463161
655	28	0.287341280404
655	374	0.367138001744
655	287	0.500679425956
423	176	0.0338218286721
423	188	0.173625822776
1069	890	0.254088340294
1069	953	0.353627319636
1068	1069	0.813612107397
1061	1065	0.0255875220148
1060	1444	0.30987330033
1060	1443	0.321375315683
1060	220	0.745044293473
1062	854	0.742742104511
1062	724	0.202550521401
1065	1069	0.428228201356
1065	900	0.108385325386
1065	1029	0.378594879149
1067	1014	0.851915104291
1392	1461	0.939242974768
1392	1460	0.517987548082
913	379	0.961328472456
298	164	0.0661581679808
298	530	0.348614298695
299	27	0.579653134204
296	1285	0.525926921759
296	1317	0.49588048318
296	632	0.154821966082
296	582	0.406855863303
296	21	0.117051918524
296	579	0.0806967350856
296	40	0.958987188859
296	1250	0.161998522946
296	1015	0.583409279578
297	582	0.488490768982
297	46	0.175321603753
297	40	0.870154600615
297	552	0.0824796630941
297	116	0.861634007486
297	1010	0.40869853814
912	482	0.846883333299
1086	57	0.0987632727057
1086	56	0.357626960934
1086	801	0.37513078509
1085	724	0.625119102823
595	49	0.441044173731
597	657	0.689583671277
597	610	0.553593256034
1080	370	0.939166902015
1080	881	0.697385593128
1080	260	0.0751764581838
1080	602	0.223591078706
195	445	0.39575876215
197	217	0.841866010338
197	578	0.039152332621
197	602	0.385847238589
197	572	0.547197237227
197	706	0.455635430048
197	552	0.867427942205
197	634	0.75198836447
197	85	0.43570134939
197	697	0.520202962874
197	1190	0.00289454887953
197	938	0.656325664263
197	421	0.405068873356
197	1015	0.359391621293
197	632	0.391983906097
197	1313	0.489209097306
197	636	0.636521485124
197	302	0.111817380094
197	447	0.843697665983
197	933	0.355031515035
197	93	0.964396299924
197	482	0.154008269891
197	417	0.382495980986
197	533	0.721742886578
196	197	0.239135732101
190	209	0.693596912799
190	208	0.301081492069
193	421	0.587853828932
270	311	0.137646314434
270	417	0.812775155638
270	1283	0.253709717591
270	530	0.490294628238
274	633	0.609591382164
274	330	0.521081792275
275	312	0.889932205136
275	283	0.343090652715
275	268	0.728802345596
275	515	0.514442593333
276	311	0.206708735862
278	277	0.0449857655045
279	421	0.314903718877
694	634	0.987216576704
694	635	0.310076882342
694	637	0.00652094966839
526	796	0.313835850678
527	666	0.44323904853
527	202	0.194789052226
521	144	0.793945273843
521	145	0.315402739712
521	55	0.223583743405
521	616	0.779046522656
521	447	0.470813617604
521	130	0.270594595289
521	76	0.369866701462
521	541	0.272372839421
521	476	0.0197726311646
521	165	0.409816811571
522	593	0.555628312222
522	1307	0.92047466711
522	559	0.898326881709
522	594	0.343505909066
522	211	0.701468666389
522	572	0.462421531866
522	197	0.94153564828
522	457	0.521065335492
522	209	0.403403776519
522	282	0.41055459604
522	629	0.785946103648
522	409	0.525909849014
522	448	0.271735980706
522	143	0.58233102799
522	560	0.200698643469
522	208	0.118346502317
522	307	0.238328642826
522	74	0.306201819316
522	552	0.368928100694
522	72	0.603768468089
522	71	0.135155748263
522	488	0.403405231178
522	164	0.614757981989
522	985	0.933597403837
522	1285	0.0276556967808
522	58	0.528496473456
522	1294	0.656621286327
522	373	0.465480932298
523	883	0.411705342531
523	989	0.386474138337
523	948	0.135849443071
523	551	0.161221540607
523	457	0.0362706089488
523	796	0.491385977831
523	834	0.539121827189
523	953	0.609501992345
523	818	0.696722767815
523	737	0.245300026208
523	810	0.315270424258
523	8	0.258378131721
523	917	0.767800669207
523	1017	0.23650962719
523	424	0.628669376882
523	409	0.321012233585
523	991	0.406746669697
523	754	0.422641038348
523	560	0.191443892362
523	208	0.624316613848
523	530	0.357320772802
523	307	0.5904621346
523	1016	0.693621436445
523	58	0.157803608423
523	847	0.00560307052952
523	900	0.149056206249
523	907	0.696220708327
523	1045	0.349014215727
523	908	0.460342786692
523	865	0.717611089633
523	855	0.884674222243
523	726	0.291455697639
523	929	0.175764719882
523	722	0.368582109857
523	721	0.0354810149074
523	370	0.0965305299179
1014	560	0.826274109337
1014	515	0.621659629845
1014	761	0.62625463054
1014	564	0.560351243683
1014	1255	0.240912452502
1015	1014	0.968414801893
1015	572	0.964592040901
1015	22	0.592650718961
1016	1014	0.493802273595
1017	1014	0.262320255958
1017	1011	0.468447517426
529	248	0.112020441289
1012	569	0.102690732333
1012	1011	0.064781634804
1013	1014	0.646924470641
1013	564	0.487848224995
1235	376	0.370263251336
1236	602	0.507011493616
1236	47	0.0233756581759
1236	447	0.337403158407
1236	133	0.440273867959
1236	1299	0.485281524875
1236	484	0.268574444999
448	219	0.226381447023
448	344	0.898123969802
448	340	0.375955850115
448	352	0.908250049329
448	243	0.989728205248
448	350	0.156531681518
448	234	0.989855357428
448	358	0.675626249186
448	348	0.434190113328
448	94	0.954815322904
448	360	0.335747188105
448	361	0.169053182235
1230	1229	0.853738135107
1230	369	0.957622659086
1233	533	0.931291168737
443	118	0.180058273622
443	97	0.1178517096
441	421	0.91692044696
441	454	0.464369506571
441	670	0.379090988063
441	1229	0.235056718122
441	369	0.411137181527
440	201	0.676762390677
440	541	0.837471507607
440	190	0.16439290355
440	488	0.661978671304
447	414	0.0859511901375
447	243	0.0059824560617
446	478	0.507351513719
47	797	0.960405514029
47	133	0.0329177135586
47	1079	0.311403022579
47	344	0.219065007696
47	360	0.755577954409
47	358	0.737311369378
108	714	0.0530814212602
691	270	0.425742116524
588	796	0.172677061221
588	799	0.112139902836
588	392	0.713231370803
588	438	0.0299656083657
588	433	0.582081175995
588	1000	0.671758861644
100	574	0.386055686135
101	574	0.500296657734
106	666	0.341020785083
106	664	0.857949440996
107	482	0.150824180686
105	144	0.308530309227
105	368	0.64960427169
902	857	0.324927714115
902	851	0.879323993359
902	852	0.780889262417
903	857	0.341381454879
903	821	0.0251269718044
903	851	0.307990954366
39	579	0.924833296391
38	579	0.623357464763
38	578	0.685223124403
420	1268	0.272392260758
420	378	0.475446070532
420	406	0.830717527566
420	405	0.70150800115
420	448	0.266852702321
420	482	0.661544984872
31	695	0.60644559329
37	579	0.585433280534
36	983	0.823018871593
36	579	0.237618891784
36	789	0.449386242616
36	588	0.454835462458
35	524	0.744037341834
35	531	0.590265970717
1241	91	0.136610766995
1241	89	0.859347643808
1241	87	0.450339870216
640	152	0.831983914844
1243	256	0.609078182501
1243	53	0.545890341292
1243	710	0.491980043075
1242	1187	0.220646115845
645	379	0.253885663531
645	616	0.861910687072
645	1130	0.240329045882
645	454	0.249764956824
645	455	0.703207147287
645	429	0.0361738958825
645	378	0.541934219226
645	643	0.959306607873
645	417	0.898030050271
645	1454	0.301064830209
645	420	0.884472584395
645	419	0.290271604695
644	645	0.127358972609
1247	332	0.21854056662
1249	133	0.43404122131
434	379	0.635812959104
434	420	0.143996174168
434	429	0.866894926286
435	208	0.913476827124
432	442	0.17363307633
432	931	0.411825926958
432	1298	0.559667491516
432	438	0.316313235006
432	431	0.348118140586
433	931	0.610097688256
433	1298	0.576203869239
433	438	0.507260969851
430	1268	0.687957114018
430	378	0.054928990358
430	335	0.481244207895
430	406	0.646736915199
430	405	0.538107869902
430	482	0.658870322748
430	220	0.788182637461
431	554	0.174808318424
826	828	0.228908862028
339	337	0.577856665045
339	484	0.634603298997
339	22	0.117401620294
338	50	0.038078701075
335	551	0.0832536743088
335	62	0.766353863371
335	28	0.724930111479
335	20	0.545845597439
334	1129	0.193832841956
334	28	0.628506431068
336	520	0.0366822286338
331	202	0.972102200368
333	413	0.141064173419
333	695	0.311697974683
332	801	0.126993519541
332	166	0.745735848513
332	87	0.50395272691
1189	216	0.0513026438895
559	59	0.942933927853
559	58	0.0553968826468
854	722	0.959773466214
854	720	0.343865621544
856	846	0.302698947956
857	890	0.133478844745
857	1069	0.103786422902
857	997	0.973183900557
857	754	0.0168070674386
857	860	0.176282631837
857	953	0.79213136413
857	721	0.802155252995
857	370	0.218945335401
857	720	0.894543093044
857	530	0.490598459476
857	1015	0.421543697964
857	515	0.378345175024
850	270	0.409984964267
851	722	0.0829528179708
851	721	0.456109682519
853	722	0.929187393955
853	720	0.683215051264
853	721	0.0564118341359
42	579	0.496989472703
858	1019	0.962663587863
540	55	0.934548267679
6	308	0.965704021075
6	648	0.474148248489
6	162	0.917247381152
1162	1153	0.550498389658
547	332	0.799916677614
43	20	0.151282949936
99	574	0.179286542016
98	187	0.730160800229
98	574	0.149121591963
8	146	0.277124404715
8	559	0.61353442433
8	558	0.46766183597
8	121	0.811172541196
8	698	0.968352500761
8	956	0.552218667707
8	378	0.811815873096
8	471	0.316734092795
8	489	0.488318042375
8	815	0.457006706943
91	88	0.111087318484
91	89	0.206481027781
91	87	0.562998122645
90	988	0.455224931979
90	585	0.380016396861
90	46	0.770841580615
90	1179	0.283083848094
90	60	0.704205731893
90	340	0.907363598907
90	425	0.519700217075
90	87	0.358633507815
90	85	0.637463833386
93	197	0.171396643143
93	714	0.935026998822
93	1193	0.630116742525
93	1161	0.593251123822
93	1196	0.0422279921136
92	589	0.411870217909
94	216	0.592237402584
94	154	0.638578986184
94	211	0.856882927947
94	1074	0.84485896938
94	305	0.0952855718774
94	133	0.81149452804
94	961	0.663506454908
94	389	0.66879722723
94	483	0.53920606296
94	1312	0.537836501906
97	118	0.22284945646
96	120	0.077722241998
96	122	0.831677734242
96	119	0.850459356561
96	118	0.451722112447
96	187	0.918501983453
150	554	0.884257764286
150	632	0.20193081218
150	400	0.560711975842
150	233	0.126742529897
150	389	0.457128791743
424	270	0.408558046464
424	289	0.882910381404
424	857	0.354668271218
424	1072	0.0722679866548
424	530	0.712179315545
1625	1523	0.232815599698
348	358	0.103620820983
348	448	0.407531544651
348	522	0.23442813254
348	575	0.370309414864
348	360	0.814537615013
349	448	0.245377515853
349	339	0.327908747721
153	66	0.73278268303
1317	697	0.0341208210734
1317	815	0.809291529123
742	154	0.820159447506
743	91	0.401363940469
743	131	0.551092812737
743	1265	0.70192042412
744	93	0.0120762013009
744	698	0.0544500731673
558	67	0.189633577771
746	745	0.926726931002
747	745	0.219236939223
554	146	0.0891552604185
554	876	0.60245562568
554	470	0.970588531268
554	260	0.51955919218
554	646	0.0984423095567
551	519	0.823778182297
551	518	0.4551582329
551	982	0.638234520073
551	515	0.600947532545
551	233	0.486169506267
550	118	0.722927934639
552	891	0.296511270378
552	632	0.0897231076253
552	602	0.394164432762
552	302	0.736132684231
552	572	0.221160487567
552	197	0.867497518484
552	419	0.454511672551
552	414	0.0882935120209
552	378	0.681933225539
552	688	0.0419664874304
552	249	0.400473310368
552	482	0.113709870649
238	237	0.329934438042
234	618	0.903573811514
1313	476	0.012396027822
1313	634	0.774174930989
230	225	0.887034532128
232	448	0.0389992185828
232	441	0.47610029432
232	617	0.274469832376
232	1179	0.700098792481
232	90	0.902370617022
232	85	0.395420442676
233	632	0.49299527581
233	1300	0.446520356927
233	602	0.533157952968
233	554	0.308608322974
233	302	0.324407507166
233	1140	0.0510243850262
233	1203	0.0493885747898
233	470	0.316421388192
233	260	0.23036339305
233	533	0.776951307527
233	734	0.315520110739
233	1204	0.256797379292
233	361	0.848516139751
233	515	0.33536607652
233	220	0.488234612557
1051	993	0.2056170977
1053	1054	0.937014181236
1053	936	0.935984377295
1054	1037	0.000508265079308
1055	1058	0.357753362218
1055	1057	0.714831992994
1057	857	0.444438724317
1057	851	0.712053545221
1057	852	0.273929185748
1058	1042	0.743646933967
1058	857	0.585824897107
1058	851	0.0756966805026
1058	852	0.094081507399
1190	468	0.959890117986
1193	533	0.270106344374
1193	602	0.71379466347
1193	1313	0.29284331067
1193	1196	0.204313866692
1192	1212	0.607318632986
1192	1193	0.586149986745
1195	256	0.372746091747
1195	710	0.769299744093
1194	90	0.573211367972
1197	1271	0.658994586938
1196	604	0.58337226547
1196	302	0.585800499804
1	55	0.690195466841
1	249	0.885689169104
1	57	0.71515186663
1	843	0.602010255375
1	58	0.173215743369
146	869	0.698591771151
146	8	0.735712108883
146	403	0.916973233528
146	173	0.0851953861391
146	70	0.365252947365
147	173	0.154742770023
147	70	0.41154412509
144	797	0.296641426676
144	751	0.785794554226
144	1076	0.232642122065
144	1075	0.896341477113
144	881	0.586043721387
144	94	0.560653465142
145	144	0.643873940677
145	180	0.406400515215
142	28	0.640155761261
1172	71	0.752850023324
1171	1133	0.874407224859
1171	1497	0.415263081247
1171	1344	0.940379507477
1171	1468	0.858015482781
1171	1496	0.746121499496
1171	1116	0.480438956257
1171	1498	0.32161588575
1171	1396	0.924578291825
141	471	0.392337211034
141	627	0.463908680521
612	897	0.988150059732
612	1133	0.912403529121
612	675	0.2900188097
612	1524	0.0740628525481
612	1442	0.77110853513
612	113	0.862393043121
612	1412	0.234036429219
613	47	0.89903707701
611	612	0.685559732037
611	428	0.724765135102
616	1544	0.197483785256
616	627	0.587419706819
616	611	0.877701305737
616	661	0.39227488435
616	1361	0.37628169283
616	811	0.289007101122
616	292	0.217303197008
616	290	0.337340166877
616	291	0.761417630959
617	421	0.761979069964
617	57	0.249957822511
617	801	0.18214759948
148	57	0.796758391098
148	59	0.555408556631
149	223	0.685313534267
149	490	0.0609269778043
511	158	0.253244141111
511	139	0.00726960839396
511	1168	0.408610659735
511	64	0.996516185461
1276	181	0.209817895209
154	319	0.298457213697
154	695	0.769540487061
154	1074	0.606095439904
154	897	0.345681023281
154	652	0.167872939146
154	94	0.566502299413
513	13	0.205522557656
1284	164	0.990897985756
1287	216	0.502390283497
900	71	0.0289260609128
1281	55	0.326102056355
1280	612	0.46924300671
1280	634	0.383924515972
948	533	0.133666302769
948	71	0.621289216782
948	1034	0.626345852628
949	977	0.706911005712
515	981	0.69194653903
515	221	0.351447355653
515	697	0.0778120266483
515	22	0.254508634132
515	244	0.857470861708
515	876	0.285169606012
515	572	0.925063411952
515	982	0.417051248319
515	1130	0.658494801582
515	552	0.164285080797
515	518	0.358339360863
515	417	0.269924800735
515	116	0.987962723329
515	448	0.0368832952551
515	294	0.603490751617
515	482	0.183835481992
515	104	0.641557609139
1289	543	0.291269254188
943	1014	0.190609104348
940	731	0.321703323998
940	54	0.667362539901
940	732	0.915379378344
514	216	0.265853384675
514	1312	0.293735624202
1191	90	0.318251801846
1191	232	0.446069318799
1579	908	0.0875385031292
1579	1618	0.272861773817
548	119	0.106394032284
689	688	0.0936896969416
689	1011	0.661733787174
688	1323	0.676586068283
1475	1496	0.789905028852
1475	1116	0.0720601314237
685	572	0.223360875246
687	322	0.49334771149
516	554	0.94411791595
516	552	0.730896677342
681	448	0.442399000154
681	787	0.053614416541
681	46	0.23590548662
681	425	0.960528589544
681	417	0.249826073895
681	645	0.524117275775
681	125	0.282340930432
681	1561	0.435468165562
681	484	0.0690336199191
681	348	0.876349704955
681	396	0.0122167288801
683	193	0.487127791079
683	643	0.366192598807
683	645	0.0107189380266
683	644	0.977020072215
683	351	0.453554631515
683	421	0.412601127602
683	419	0.868600214216
1304	1115	0.135451905496
1304	1312	0.967820320135
1304	1441	0.0954882673226
623	465	0.871840388803
1306	216	0.915143943064
1300	1271	0.387342753956
1300	302	0.370409188428
1300	533	0.280925554105
1300	1197	0.468701387167
1300	602	0.0564471712854
1301	181	0.873767938782
1301	256	0.203315361938
1302	1138	0.83419899024
133	757	0.402578775451
133	144	0.684466478615
133	1209	0.56225447017
132	89	0.559486267229
132	87	0.705966980039
131	1241	0.328958941643
131	340	0.280935858805
131	62	0.07011417689
131	787	0.8807491197
131	713	0.462975885259
137	60	0.447546699275
137	633	0.881593707165
137	710	0.340044607582
137	407	0.712901574233
137	61	0.826231970376
137	181	0.0966923591744
136	511	0.0898338496082
136	148	0.245883457713
135	165	0.157518599464
134	484	0.329428221701
134	447	0.960358199787
134	477	0.792620735862
494	421	0.248713069347
139	64	0.194679063238
497	1129	0.800714148169
497	448	0.462322722471
490	144	0.132026519934
490	48	0.221580487385
490	55	0.48275325974
490	50	0.136715628104
490	443	0.376744773982
490	823	0.790120769328
491	209	0.00505395743342
492	678	0.878384873539
493	579	0.0177727201002
493	45	0.588370945488
493	392	0.384941097077
493	560	0.731219715152
493	432	0.470571329729
493	44	0.649870928248
493	1062	0.650387679604
493	379	0.0555041735754
493	55	0.808967531775
493	417	0.356554765828
493	438	0.754462533512
493	421	0.28717706061
493	8	0.344574725972
493	483	0.432198454414
24	47	0.154579700714
25	26	0.98834453422
26	10	0.802382338869
26	476	0.21241183506
27	977	0.567262790721
21	579	0.22806167932
22	458	0.414524158188
22	623	0.427721355456
22	335	0.278628509724
22	572	0.0679168510969
22	279	0.324738155622
22	493	0.840013610453
22	956	0.576551869218
22	1255	0.532121078587
22	653	0.8471538481
22	312	0.535028363531
22	915	0.816638845739
22	352	0.64771769338
22	308	0.241043126694
22	144	0.33309853694
22	636	0.635438716324
22	560	0.0495025913351
22	301	0.219920438618
22	440	0.408555282759
22	307	0.0294778425124
22	421	0.0792190329449
22	91	0.274053529617
22	249	0.594091562436
22	843	0.509955130136
22	17	0.52950412284
22	350	0.328040401238
22	55	0.367782301113
22	724	0.69461733166
22	688	0.801207785714
22	351	0.209865355337
22	413	0.901723369764
22	920	0.45294708656
22	921	0.301572844375
22	434	0.812270988304
1029	71	0.290059144159
1220	1222	0.305969921057
1220	1221	0.615828517708
28	91	0.433056695503
28	158	0.378039513629
28	402	0.112495178198
29	154	0.432647629972
29	53	0.204403695359
820	648	0.607415512424
820	202	0.304454698561
820	1615	0.0665889009508
407	282	0.580328356615
407	602	0.506419075384
407	47	0.801244864147
407	447	0.705133132657
407	219	0.641575291383
407	133	0.353699579937
407	261	0.834211056462
407	1299	0.398810962713
407	552	0.874145389344
407	360	0.673808681827
407	358	0.241428869217
407	253	0.655238822502
407	484	0.927316765001
407	490	0.845088631059
407	377	0.0514046248518
407	426	0.385753964376
1370	1442	0.0395658521164
1377	811	0.918595761523
1377	1412	0.300045885572
400	1083	0.382854578657
400	697	0.850342987121
400	602	0.894619079743
400	572	0.863650103068
400	1149	0.660310298522
400	533	0.899486208578
400	68	0.357315298728
400	1159	0.841820526326
400	468	0.960760317184
933	737	0.129762978319
932	769	0.272767021337
452	463	0.74619649628
409	74	0.145366491553
408	328	0.65811572523
408	332	0.344467074189
408	439	0.258907546989
453	572	0.963291506055
454	421	0.112424774027
454	938	0.36173932512
454	351	0.192956250781
454	350	0.345499578644
455	652	0.190724335547
455	897	0.0433912940235
158	511	0.60253340445
158	131	0.837812189929
158	28	0.928951691724
158	84	0.661858241022
457	579	0.508470462298
457	152	0.651950287455
457	949	0.69771796071
183	572	0.528487059281
183	757	0.0322450281469
379	1236	0.761140062827
379	881	0.63283080634
379	407	0.709873512796
379	378	0.747979164165
379	405	0.235389503916
379	482	0.317790252637
378	60	0.710679745191
378	417	0.679580366119
378	757	0.672229479681
378	58	0.939722404785
378	211	0.693358779092
378	55	0.153708397564
378	47	0.663266337734
378	602	0.572316676864
378	447	0.629479347282
378	1152	0.436529591646
378	133	0.585923926398
378	1299	0.501457525863
378	652	0.3803166969
378	243	0.524797993534
378	407	0.119561025656
378	648	0.75393287391
378	484	0.358720400052
378	253	0.998054595192
378	1248	0.493502060276
378	84	0.675252760028
829	1552	0.0592714737168
829	1469	0.824118523306
829	1400	0.695977302514
829	1392	0.256519658252
44	724	0.680293033764
370	302	0.063872567364
370	938	0.394140585517
370	515	0.803788250513
370	219	0.261996105842
373	577	0.42391908886
373	713	0.468570942488
373	62	0.609189653142
373	253	0.633385214922
373	515	0.673954925805
373	87	0.564856209058
372	1315	0.643193532475
372	1219	0.593428922577
374	602	0.691443166349
374	876	0.313308718518
374	552	0.146550404245
374	219	0.547171083919
374	249	0.280339522996
374	377	0.949056058382
374	233	0.747319443052
377	634	0.135883912616
377	636	0.546785380621
377	694	0.0727665793014
377	638	0.178656336656
377	486	0.532582462636
377	376	0.401270925888
376	1235	0.345783407946
376	1314	0.584355364732
376	634	0.832059430297
376	635	0.803167324651
376	636	0.0656893481195
376	602	0.0961309303926
376	1313	0.707747276102
376	377	0.537163233399
1278	1292	0.0642908227573
708	28	0.44678313673
709	710	0.132649926612
1176	515	0.574458154992
1176	533	0.0129604327428
1176	697	0.0697933008315
1176	1308	0.55080564788
705	81	0.417818772275
706	750	0.940092390472
706	28	0.450008789391
707	28	0.331862229844
700	325	0.395627724821
1175	1129	0.895303298032
392	28	0.887158850131
392	142	0.562483360506
392	792	0.603665583083
88	342	0.391449266958
88	393	0.261506433317
88	395	0.386594471715
88	394	0.17393158624
88	87	0.13093055543
88	493	0.19406207961
619	216	0.762215643827
619	1287	0.603295664419
619	1189	0.386695823977
1487	1465	0.815653755297
1486	612	0.112389241365
82	443	0.316388270158
83	479	0.0108246230238
83	94	0.68041520913
83	154	0.451794020912
80	648	0.184641835218
80	144	0.522657899022
81	212	0.979777499993
81	583	0.714676447823
81	773	0.658654083408
81	1170	0.414472744295
81	984	0.747865403314
81	521	0.567683478593
86	60	0.0501506602673
86	393	0.39457487568
87	988	0.801436005902
87	587	0.160356671695
87	983	0.0990159376456
87	574	0.342072181019
87	60	0.625395145605
87	272	0.518234365672
87	89	0.5212421333
87	494	0.304989863838
87	497	0.669456782643
87	172	0.927874103375
87	233	0.58939015219
87	251	0.849209113698
87	28	0.945012362401
87	342	0.256128737108
87	421	0.0948050540545
87	284	0.880057597387
87	1259	0.916839677788
87	994	0.805340484732
87	757	0.887607751463
87	713	0.880316299976
87	73	0.0844661570878
87	90	0.313940207816
87	1127	0.541580143984
87	59	0.614986811498
87	58	0.983123567817
87	55	0.96771653278
87	57	0.916865961292
87	909	0.440737457527
87	88	0.745968540881
87	828	0.146053560401
87	765	0.357515233153
87	1248	0.742606929741
85	28	0.237060474662
85	484	0.275896908977
85	340	0.193480018375
85	87	0.574391056384
85	239	0.635529041584
796	433	0.727483983884
793	374	0.115150937442
792	724	0.388213600113
749	745	0.43742015953
799	1083	0.775217854266
1270	216	0.186078758606
1270	1312	0.732768887485
1271	1266	0.961608495013
410	620	0.704843288895
170	513	0.0162306611507
1272	1266	0.841837763567
1246	59	0.341090835989
586	611	0.551858648976
587	1434	0.0460909042992
587	442	0.267221911719
587	392	0.0659390120445
587	1388	0.754632661996
587	438	0.705745633181
587	432	0.0250643442259
587	433	0.290496775402
587	431	0.387779476514
1139	713	0.624386006508
585	497	0.986851655767
585	454	0.591444246302
585	1303	0.858143052844
582	297	0.711447973457
582	526	0.920579269386
582	579	0.446739346626
580	581	0.0371612505289
1133	1140	0.486548937212
1133	268	0.854392072477
1133	634	0.883612870679
1133	1614	0.928745073973
1133	289	0.858610842976
1133	843	0.333850403595
1133	1488	0.640294846412
1132	28	0.676015384823
1130	966	0.348414959867
1130	843	0.136360366364
1130	55	0.622138621675
1130	57	0.502968834729
1130	713	0.958471093284
1130	307	0.984216994475
1130	688	0.249569086174
1130	91	0.635016911238
1137	116	0.975414770848
1137	22	0.299426273236
1137	493	0.246303052186
1135	417	0.134993588374
1135	1618	0.0210441926144
589	249	0.106982565579
247	315	0.676665296953
241	90	0.0156650804643
241	239	0.997355129374
614	609	0.508323827731
243	242	0.301507482483
242	585	0.124743938198
242	603	0.33959618312
242	197	0.942298349114
242	355	0.0241205067622
242	448	0.755887384936
242	243	0.11075642611
242	166	0.659255297632
242	232	0.487182593796
615	610	0.849770140296
615	611	0.257729438657
249	757	0.874884752016
249	243	0.800332295672
248	374	0.923954816894
923	857	0.819988456949
923	851	0.0233324233039
923	852	0.914920758121
1432	1550	0.131766664161
1432	634	0.834605214342
1432	603	0.43276541931
1432	636	0.626982460384
1432	602	0.43931639456
1432	698	0.0585258224133
1432	1604	0.108711342093
1432	867	0.721182664844
1432	1472	0.504436153839
1432	1372	0.304306061712
1432	1591	0.506889094926
1432	1486	0.595946020441
1432	1015	0.525975195509
1432	1411	0.793693176178
1432	1412	0.594680426178
1432	990	0.813522482805
1240	154	0.987049085487
1380	604	0.98015532715
1380	710	0.52987545329
1380	1441	0.876354615615
1380	1567	0.248888451655
419	378	0.773018672329
419	405	0.867663866266
419	482	0.497656627064
419	406	0.327324448037
519	507	0.720855986535
519	283	0.0156839702503
519	22	0.733157774499
519	518	0.167428442957
518	448	0.563790788373
518	20	0.147547873465
518	608	0.732972819086
518	219	0.350774232282
518	519	0.899227497267
518	288	0.354540124675
518	168	0.411311718329
518	522	0.654220149406
518	367	0.346638271906
518	164	0.968533337196
518	507	0.640097080293
518	103	0.0233676806434
518	284	0.61992833283
1009	260	0.50146326805
1008	1006	0.344083336932
1007	1006	0.829531187357
510	103	0.361904670079
510	632	0.290838223473
510	222	0.366870759375
510	157	0.159193827333
510	219	0.834199898869
1005	389	0.523255700586
1005	632	0.267903902487
1005	260	0.835915580915
512	202	0.814057501814
1003	365	0.372999870261
1002	905	0.351216339464
517	518	0.255017939279
517	284	0.917818334011
1000	724	0.393757320529
1000	981	0.242147904393
458	501	0.94959300586
459	465	0.716255447328
1225	376	0.444072447467
1224	1223	0.76498588418
1224	1221	0.525067690595
1224	376	0.679912816138
626	483	0.868144460971
625	1014	0.674345874086
625	572	0.772120690068
625	311	0.90801515657
624	679	0.106785292911
624	1604	0.34077645466
624	672	0.00690838595634
624	1469	0.193136307662
624	1465	0.588892759564
624	1033	0.508954647283
624	1394	0.908407568779
624	815	0.656345931958
629	593	0.194778197968
628	627	0.284775214152
1229	683	0.630864083273
1228	365	0.335335309654
177	90	0.461230086589
199	55	0.163803174835
199	1154	0.427860605795
199	1153	0.222892854102
175	101	0.349007339874
174	803	0.681573956998
174	802	0.040929582133
174	160	0.821105032793
174	161	0.378653685038
174	804	0.119781462083
173	22	0.601005806907
172	484	0.850328547327
171	1243	0.375097842347
171	710	0.809811817037
977	783	0.891874070038
182	527	0.835989917345
975	22	0.462388863513
975	1282	0.553079906418
975	1130	0.965126454811
975	1028	0.59634734047
975	522	0.822021596814
975	488	0.354580464075
975	490	0.0829840501188
975	523	0.225875813776
974	936	0.469745622785
973	604	0.953656298587
973	744	0.29340052564
973	533	0.987229009449
972	973	0.0346567704667
971	783	0.65109455917
970	81	0.141041565261
596	578	0.592083858807
180	144	0.695978005001
180	893	0.575413642732
180	894	0.827002530329
180	253	0.53229161594
180	1209	0.278436720776
180	817	0.792640738545
979	917	0.967288177611
656	657	0.76536111926
657	1420	0.782968352477
657	610	0.494011163019
657	611	0.0858659085572
657	1409	0.825040894059
657	1366	0.181054519418
657	1526	0.497230033402
657	645	0.586588172843
657	658	0.440602494932
654	28	0.545604457834
654	374	0.660629344358
654	287	0.998698838637
181	308	0.01040438731
181	307	0.373242357171
653	551	0.560904433912
650	282	0.326497498878
185	471	0.75597862784
189	640	0.902346099259
658	643	0.446769057314
658	657	0.0837064522686
658	1409	0.233759399453
658	1406	0.161467443961
658	1391	0.171152477854
658	659	0.0717102329882
187	757	0.987535843176
187	1261	0.885264996623
187	611	0.463104695813
187	574	0.789696705135
187	60	0.283721031645
187	471	0.572439104526
187	1209	0.28622548764
187	175	0.645891101587
187	1291	0.155246253011
1561	661	0.651326323792
651	471	0.293069610535
1125	756	0.0155191009609
1148	757	0.918483307525
1148	55	0.91791426391
1148	57	0.704619862517
1148	56	0.0607053811664
1148	60	0.851927006564
1148	61	0.634837041305
602	1305	0.510887808481
602	625	0.979631043992
602	572	0.0669524385964
602	302	0.223285358842
602	219	0.703776047143
602	515	0.899799651323
1089	47	0.609722075655
1088	374	0.20091153159
1227	652	0.162167682713
1113	208	0.671387773759
11	367	0.238382429112
13	28	0.621474226673
919	1236	0.496901272496
919	1268	0.809842489511
919	378	0.368821002194
919	407	0.711324569169
919	406	0.328497649037
919	405	0.225782262589
919	482	0.715488782742
14	724	0.664102113556
17	242	0.359093705957
16	196	0.345796766624
19	445	0.436275886302
18	71	0.526940632138
18	376	0.376017535227
863	883	0.482424671902
863	917	0.78995910725
863	737	0.0533596004733
863	424	0.447912789719
863	948	0.566636305177
862	457	0.399136897237
864	865	0.0600703171252
864	948	0.968369416087
867	515	0.823172755973
866	864	0.951047420259
659	656	0.714569465506
1226	713	0.00893466906697
882	379	0.333840376732
882	1078	0.947681672854
882	573	0.768058689817
882	429	0.0663982509031
882	378	0.990524966522
882	921	0.966557593523
882	812	0.286810843602
882	482	0.674965906588
881	1272	0.0859441925957
881	515	0.775148400853
881	468	0.129795259991
880	1014	0.0918268534464
887	992	0.967581387454
886	992	0.0140837055845
885	992	0.270196043324
569	761	0.125557135211
889	560	0.833852168714
888	857	0.0863293959203
888	851	0.31040424676
888	852	0.133297986557
1288	57	0.865465505782
1292	1202	0.932356101259
756	579	0.463395565769
756	1236	0.49630346883
756	960	0.382981732662
756	370	0.929662843124
756	46	0.683128231644
756	54	0.124298166406
756	264	0.982585459914
756	1133	0.61565163745
756	632	0.613171268086
756	348	0.713103402232
756	560	0.273907134544
756	924	0.23497204166
756	417	0.76180776012
756	256	0.0753520628087
756	18	0.359365539363
756	181	0.0316476990977
756	970	0.942896659298
756	1277	0.200413783561
756	515	0.925100413788
756	482	0.99101397134
1618	1444	0.714973855528
1618	1443	0.680642488387
1619	1444	0.819556367576
1619	1443	0.659361550563
1616	610	0.270326586066
599	270	0.0266961827526
599	312	0.193801462378
599	264	0.695953460225
1614	1133	0.563819187855
1614	1618	0.754731487975
1615	622	0.303048872453
322	479	0.010827906263
320	620	0.284559329031
354	377	0.641431570743
325	60	0.855522407481
325	1154	0.165346913471
325	1261	0.622936987485
325	483	0.752429486137
325	1153	0.537499780346
562	563	0.0719444033278
201	208	0.78725319365
201	206	0.862483741087
774	1014	0.857913170212
203	202	0.0402728551913
203	351	0.206021410914
205	206	0.786808727489
770	144	0.652734815134
770	145	0.492473033034
770	1062	0.525817043059
770	457	0.148071937559
773	1025	0.673865853234
206	590	0.0300857806643
350	448	0.881746467411
350	348	0.0652239230001
779	857	0.295737607788
779	851	0.307375291231
779	852	0.973497765989
778	857	0.141447434045
778	851	0.329870739817
778	852	0.464484122041
679	585	0.133848629527
679	681	0.877784252869
679	232	0.361094299287
77	75	0.878213728181
77	703	0.741769478583
76	554	0.80259332004
76	233	0.994068111037
76	72	0.0110485848986
76	646	0.417307935397
75	1050	0.599022439921
75	579	0.923463152479
75	907	0.130255233204
75	948	0.794956832928
75	554	0.679962068968
75	57	0.937869110544
75	703	0.814848258356
75	60	0.789887196145
75	72	0.638014050498
75	737	0.842481839021
75	646	0.864113457631
75	91	0.998319048506
75	648	0.852775460163
75	572	0.416053626919
75	233	0.709260096405
74	447	0.703501105535
74	72	0.182686412272
74	457	0.199289954965
73	342	0.0211667681953
72	323	0.710789203353
72	765	0.805940497349
71	458	0.978205386391
71	1087	0.429368540054
71	768	0.334344815219
71	1048	0.29800535042
71	766	0.778738532434
71	767	0.603412524129
71	552	0.0988229953924
71	135	0.341425230363
71	134	0.485442611158
71	278	0.892751539958
71	80	0.673943327859
71	872	0.0537842240384
71	180	0.260808002003
71	818	0.65453885
71	939	0.715785924429
71	541	0.311593185574
71	734	0.123485784985
71	522	0.923019432653
71	523	0.751569388207
71	1016	0.609806740354
71	78	0.127484285565
71	528	0.637091673916
71	774	0.697895407258
71	448	0.710455527963
71	447	0.434382082901
71	1169	0.728397978409
71	76	0.0360533046563
71	105	0.918615155854
71	1061	0.169803276386
71	814	0.154785686715
71	1062	0.675535935964
71	1065	0.828223445376
71	722	0.826172189263
71	1008	0.00294264833845
70	1014	0.17438152194
70	569	0.426117223152
70	1011	0.201802123043
1501	1116	0.479829703961
567	565	0.544186241027
1571	657	0.724006151632
1571	615	0.750757418192
79	144	0.320567977417
79	323	0.0437024424853
79	572	0.0541897949835
79	1062	0.388262753729
79	415	0.246161033165
79	428	0.165400579226
78	74	0.123633881899
78	447	0.361313924634
78	72	0.19406793472
78	79	0.979575900952
78	552	0.513929948053
1043	698	0.0625347875597
1042	630	0.610007848401
1042	734	0.0556654414971
1042	377	0.675380885449
1042	1019	0.723775251758
1041	483	0.204556982735
1040	838	0.131814586757
1040	839	0.0538053767098
1040	841	0.352716633743
1040	840	0.509049218866
1047	860	0.381380506658
1047	856	0.377111919689
1046	722	0.938360624728
1046	1045	0.166250117996
1045	953	0.91607500146
1044	59	0.620979013167
1048	1030	0.615952496226
1222	1224	0.769062425503
804	302	0.925594416226
804	857	0.817225150686
804	851	0.543568878956
804	852	0.533851214849
50	484	0.218811721396
50	66	0.492785329067
50	48	0.499244412841
50	556	0.139613086935
50	537	0.627724412294
50	126	0.419598187175
50	127	0.782578705413
50	237	0.803170202706
1143	28	0.344981302721
1269	1266	0.814882680175
1141	57	0.608994383201
1147	801	0.540404542315
1145	57	0.333172882148
1263	28	0.84824690496
1262	743	0.918989212717
1261	1248	0.282144651391
1261	57	0.537162039882
1261	56	0.434732191564
1261	59	0.747214878398
1261	58	0.336954189046
1149	641	0.977037705775
1267	1209	0.122801362934
1266	1271	0.356723708602
1266	1279	0.225745593645
1265	713	0.294869569224
1265	1206	0.72148653221
1265	743	0.848488986021
1264	724	0.59590612013
1221	1224	0.843405276502
1221	377	0.526901589149
1221	694	0.921946579038
1507	1133	0.753949027235
1033	94	0.832893183449
1214	603	0.149674604452
692	471	0.921497060243
1547	1524	0.229402577924
1547	1545	0.989694521617
1547	1625	0.654889831553
1545	616	0.154017649765
697	572	0.0294637729672
697	579	0.338500623302
697	578	0.447824403977
697	22	0.931275810389
1540	1444	0.657876777453
1540	1443	0.110866642955
1540	871	0.251543397362
695	478	0.535616084123
695	167	0.299146671819
695	186	0.23468651454
695	57	0.788003794326
695	398	0.878864235966
1297	216	0.552167871371
698	572	0.440635083992
698	116	0.478487377875
698	36	0.521293268917
698	22	0.202587401472
222	215	0.817401549607
222	410	0.479040779362
542	165	0.00980175695196
543	28	0.0907807401323
543	87	0.530248444049
541	379	0.231814952257
541	756	0.331117045738
541	22	0.90854094596
541	55	0.121532142331
541	551	0.863214165343
541	190	0.309773348684
541	53	0.740793699275
541	429	0.567676225308
541	130	0.35225678127
541	165	0.982343665423
541	648	0.799557752554
1469	634	0.824091736027
1469	697	0.762713239942
1469	638	0.0484688770068
1469	1586	0.596091755758
1469	1587	0.8876249689
1469	1591	0.0147125085599
544	335	0.758702020121
544	407	0.515848826151
544	632	0.166836196071
544	619	0.330081348618
544	348	0.0645441470817
549	154	0.467521326415
549	695	0.0618805508825
1019	302	0.42981917119
1019	602	0.797891131746
995	55	0.62309501427
995	53	0.565179831167
869	116	0.778973203006
869	36	0.845106800314
869	22	0.0793509361965
1315	1231	0.131761481838
996	648	0.622932757035
991	71	0.950484042259
1312	216	0.74828942899
1312	1270	0.333133794453
993	144	0.809809278756
993	769	0.761514989821
993	58	0.326123756707
993	948	0.494131821047
993	792	0.335183337107
1310	365	0.00309057079711
1310	377	0.831167295595
1310	376	0.860983896928
369	666	0.41060204813
369	643	0.0346447909361
369	664	0.133902181087
369	644	0.108229296563
369	683	0.680298833838
999	1033	0.452636846619
1318	216	0.862238273
121	945	0.196807777064
121	28	0.601612857042
121	929	0.510108299416
121	417	0.894916187923
121	648	0.268267120235
121	165	0.902334903406
121	493	0.151650909214
122	58	0.3573290601
122	574	0.166417289161
123	119	0.817078920663
124	133	0.639094406843
126	262	0.560087737692
126	484	0.175541231884
126	112	0.986159128858
127	262	0.262478999284
127	484	0.777048156281
127	66	0.715990726355
128	572	0.52779753702
129	65	0.676406281729
765	847	0.654049417453
765	144	0.711706855411
765	1083	0.0858633344739
765	770	0.468778946274
765	948	0.246277189196
765	55	0.49339604777
765	1060	0.0458342738196
765	874	0.215134229023
765	1062	0.82380259051
765	447	0.561789178658
765	900	0.708611396344
765	457	0.0206547280487
765	368	0.059161692448
765	165	0.66986408805
765	648	0.498604445502
765	907	0.791486007865
777	260	0.0651373616182
1128	1483	0.829083507807
563	572	0.227041437782
563	116	0.729461071774
563	22	0.034839903909
404	421	0.974840324506
1011	560	0.844526732352
1011	761	0.383303467898
1011	564	0.187608535773
928	1069	0.854328584523
416	74	0.237723380239
417	591	0.0554937076538
417	379	0.00396582122637
417	144	0.499103898895
417	619	0.122244608917
417	757	0.787211250636
417	58	0.554258122156
417	625	0.505377941635
417	211	0.98057502479
417	432	0.95418358009
417	439	0.806118028538
417	75	0.00977657655531
417	253	0.905968917248
417	219	0.614626208623
417	407	0.222817996653
417	1257	0.508692428353
417	724	0.475690904363
417	488	0.947663311252
417	1248	0.486679498612
417	1196	0.829301356674
417	490	0.0303392809475
417	220	0.340081703641
1389	1391	0.788018501933
412	371	0.845914732061
412	632	0.478990460982
412	28	0.04808733542
413	479	0.583748169552
413	756	0.727981932948
413	484	0.895271047432
413	956	0.277941086885
920	379	0.865072761197
920	429	0.444556249432
920	1002	0.086457636066
921	379	0.691298780228
922	208	0.0147541936716
1387	811	0.228621195006
925	403	0.717105710166
925	220	0.752052323066
1382	612	0.50890709674
499	518	0.77955015186
319	305	0.652611702307
319	897	0.665217656008
318	91	0.146104841228
318	71	0.694364291939
318	552	0.111961990592
313	60	0.252526881864
313	91	0.113276221581
313	1006	0.792013181603
312	593	0.944047026706
312	602	0.336133093979
312	572	0.153436749537
312	219	0.701384986832
312	533	0.429090687113
312	275	0.464049881035
312	264	0.987971472018
312	421	0.538439860521
312	373	0.711067129391
312	220	0.966302399482
311	170	0.602456521873
311	587	0.210393289756
311	579	0.805214801446
311	417	0.217932032602
311	708	0.14633042072
311	560	0.324829086762
311	572	0.346704596386
311	706	0.461644273625
311	707	0.898418890728
311	565	0.292986619379
311	534	0.888171620945
311	532	0.104727281727
311	488	0.825239007678
311	421	0.0685350028732
311	282	0.139123437657
311	481	0.366403040499
311	539	0.0576358130108
311	493	0.721825880713
310	306	0.440253678432
315	57	0.646490579116
315	329	0.987713377161
1028	55	0.416990051199
1028	586	0.389383475858
1028	144	0.588585921627
1028	1031	0.302947255872
1028	823	0.318907242824
603	1314	0.595090998176
603	697	0.992118276839
603	602	0.81068555851
603	638	0.614707598068
603	1308	0.570085107036
603	1133	0.979896572926
603	1469	0.856813547166
603	376	0.425363402108
603	377	0.899586833651
603	1390	0.48200494644
1177	216	0.866593688487
1177	710	0.627491301801
475	270	0.729012192065
475	307	0.441446932362
496	296	0.507954592435
496	297	0.65779786684
496	275	0.883483400767
496	312	0.970969443861
670	672	0.900286120138
670	673	0.499787204737
832	831	0.71665639377
833	611	0.926273644015
830	950	0.661891876553
830	888	0.0736384082748
830	923	0.869372463539
830	816	0.868968834596
831	1015	0.432331149567
831	815	0.555833888283
836	374	0.0644221662756
835	154	0.139390513993
838	854	0.0190281003645
838	857	0.253667383941
838	851	0.578447163754
838	853	0.780404744341
1335	1116	0.263016267839
725	818	0.766063849172
725	847	0.0251698006936
725	790	0.552077445831
1255	379	0.0763644203398
1255	429	0.121502816171
368	1172	0.324563218648
368	71	0.77441187555
1334	1396	0.240082924028
366	365	0.11623192689
367	22	0.318789544688
367	71	0.853134643212
367	522	0.582989686615
367	368	0.933098530607
364	565	0.484160261447
365	881	0.116047653067
365	744	0.643684305726
365	602	0.923138353466
365	638	0.591225827479
365	867	0.4203072035
365	370	0.725862747549
365	420	0.389748377065
1337	829	0.291523652308
1337	1469	0.403470141925
360	1224	0.230384755324
361	1225	0.543314026405
1331	379	0.553420102303
1331	429	0.602597756416
1330	713	0.830513216619
380	273	0.152786498163
382	22	0.353093102061
1252	407	0.602611783503
1252	378	0.447003928517
1252	1236	0.641220627172
1252	219	0.0723502658869
1252	220	0.0383057179574
386	695	0.188642436433
388	302	0.892069357242
388	533	0.49732918908
389	1176	0.522592555829
389	1161	0.0566770814508
389	1213	0.846562498068
389	560	0.574648830707
389	698	0.965775584365
389	714	0.305435742054
389	533	0.595342497178
786	1064	0.555040922317
787	90	0.51518273383
787	131	0.752597845254
787	89	0.342845339953
787	87	0.222683167494
787	1144	0.763990032256
780	146	0.0357855141525
780	632	0.374281678579
780	1432	0.576725531292
780	602	0.186341781732
780	302	0.389767892953
780	698	0.615999466018
780	260	0.610926745941
780	389	0.394674434737
780	515	0.661763970464
780	197	0.666575081236
781	560	0.950096333169
782	994	0.690623125002
782	781	0.401538051659
782	993	0.264034450007
782	523	0.772815338157
783	965	0.0802417497926
783	966	0.68845411828
783	986	0.344016165597
783	501	0.238464777337
1174	1161	0.531197215314
860	992	0.659022234635
630	302	0.956490027066
630	196	0.187629958158
630	269	0.027763277314
630	93	0.697738789581
630	553	0.435918649701
405	1164	0.46850606145
405	211	0.616480611694
405	1257	0.158549147884
405	1113	0.612965885201
405	1247	0.194878611567
405	439	0.727988075263
405	1249	0.433642633798
405	435	0.956210968866
405	418	0.102553619743
1077	44	0.852264825007
1077	778	0.893594965083
114	118	0.0262684592822
1223	1235	0.75319059708
579	1285	0.758704494197
579	522	0.648491873935
579	554	0.838654230509
579	588	0.116330262835
579	378	0.295476821924
579	724	0.760476570941
579	412	0.143459517931
579	282	0.806443578695
579	348	0.321993496531
579	233	0.852455284867
578	587	0.200052984533
578	724	0.986778332103
578	412	0.134837213307
468	515	0.282038982011
468	1266	0.0697629457276
468	625	0.567110807856
1165	91	0.0276383566628
573	1014	0.811597937204
573	572	0.29550923442
573	22	0.0229857176936
572	282	0.899650438081
572	632	0.554701158546
572	448	0.33965211648
572	560	0.837030778851
572	28	0.908043349104
572	761	0.153736509169
572	564	0.58152465473
572	1266	0.212548396191
572	1135	0.732443941575
572	703	0.427920271664
572	487	0.894862492311
572	220	0.0998660327676
572	421	0.22819344015
572	219	0.508507960769
572	434	0.577944044337
572	444	0.107241977473
572	515	0.8281803025
572	482	0.909732849323
572	493	0.389536528845
571	154	0.588264152676
570	572	0.125588437211
570	578	0.500597882168
570	219	0.581791524396
576	704	0.430132196552
576	374	0.11617063789
576	34	0.258381893178
575	362	0.826370514475
574	449	0.701685188268
574	96	0.860281157636
574	187	0.644036644628
574	175	0.707140013839
574	101	0.458536520351
574	97	0.0672187370892
574	538	0.997449909377
60	1086	0.906884248086
60	57	0.662088033473
60	56	0.178790633322
60	801	0.0224010915438
61	59	0.327148879508
61	58	0.500682104296
65	47	0.233731648859
252	9	0.854289996214
69	154	0.482700372092
256	264	0.0138326051687
256	181	0.0798569547584
256	529	0.248239523011
256	756	0.61875596206
257	258	0.44600463073
600	229	0.443692094992
600	228	0.382276443162
1423	1116	0.692931566841
1589	1443	0.672332051273
406	124	0.745078890396
406	823	0.196320775402
1581	1401	0.291348588696
731	270	0.729352869286
731	289	0.199210183784
731	857	0.977567900757
733	1047	0.443917185738
938	8	0.557999558354
938	493	0.488295327479
938	1264	0.158926549935
508	507	0.0905968254701
508	22	0.261120200916
508	522	0.106645514447
736	1069	0.334415612672
736	1045	0.664848659385
1032	1053	0.46563328485
403	378	0.566469457109
403	220	0.292777411795
1030	71	0.378150126036
1031	594	0.59061778159
502	783	0.561811597399
500	120	0.66877552649
501	81	0.349605648694
1212	1193	0.351619861363
1212	1192	0.0372411991585
1213	641	0.991823992572
632	605	0.820408790364
632	579	0.267392984618
632	602	0.109106997452
632	554	0.242634509543
632	197	0.320281907244
632	1140	0.21161948528
632	552	0.970623522708
632	233	0.0021079834012
632	1050	0.964815125455
632	641	0.308474630335
632	795	0.520674148467
632	698	0.143077037885
632	818	0.233545866319
632	1469	0.603856756361
632	1522	0.934228744989
632	572	0.923559610428
632	1033	0.109212219277
632	930	0.529946556719
632	1564	0.457843799108
632	636	0.676994299254
632	754	0.700234211021
632	1130	0.645840698722
632	70	0.482857269807
632	93	0.664985412847
632	847	0.708332229102
632	900	0.21766704405
632	1432	0.927681533337
632	948	0.631773521518
632	861	0.205298281707
632	865	0.0393553429347
632	1604	0.569450019237
632	1454	0.205972853549
632	470	0.447639155701
632	417	0.76953279916
632	533	0.901249833883
632	1363	0.578414349925
632	474	0.000862868719929
632	1412	0.391726064083
632	376	0.618280727007
633	274	0.523600044839
634	1232	0.522712383985
401	379	0.599195208123
636	271	0.616433687691
636	372	0.766740096671
636	634	0.118905619777
1352	1133	0.24980001131
1218	694	0.378516955684
1218	376	0.353792936949
1219	1231	0.682692353541
461	1080	0.692375521724
1356	1604	0.181211483629
463	146	0.341220444819
463	869	0.30960590348
463	602	0.373040779501
463	302	0.890499060696
463	533	0.353211478123
463	370	0.773583926586
463	515	0.111647111832
463	221	0.129656305506
901	270	0.260515458734
901	289	0.260539527233
901	857	0.255799252145
168	522	0.674142801981
169	424	0.343767736977
164	1016	0.973675200139
164	168	0.915466362428
164	522	0.827861876
164	523	0.200528368194
165	121	0.32773161084
165	540	0.656693203578
165	481	0.960660342283
165	993	0.277967981073
166	46	0.312015463415
166	379	0.762481104614
167	621	0.749779173371
167	154	0.0206977533185
167	187	0.218263826058
167	413	0.881621145
167	478	0.223615673263
167	101	0.718260334931
160	81	0.861648861162
161	542	0.568049716216
964	783	0.225449774
965	81	0.476004246552
966	81	0.413945591563
967	81	0.845233292325
960	270	0.603558833065
960	857	0.255902495474
961	1133	0.552337240392
962	783	0.802948892367
963	783	0.785298006448
968	81	0.508396706851
969	81	0.933448491716
1454	1562	0.478555875344
935	181	0.0422033915066
935	256	0.0687518421959
1515	1604	0.507153531875
1515	897	0.630860983869
934	91	0.522188702254
934	89	0.735771727169
934	87	0.83475355641
1159	468	0.569859804527
1159	697	0.393354840371
800	953	0.840768606418
800	857	0.145271304959
641	1284	0.198495220641
641	1083	0.398154405369
641	697	0.93280481288
641	602	0.254467676242
641	1308	0.907607099228
641	63	0.131329521847
641	533	0.397240307477
641	388	0.56716889465
878	368	0.0825535457944
1536	1469	0.254107148912
1536	815	0.59781335396
876	796	0.815822043782
876	1130	0.132023701332
876	22	0.955286748167
876	307	0.297762245466
877	993	0.0691798142903
874	993	0.699188192673
872	934	0.79372191951
873	1030	0.637856112374
871	1436	0.514867712658
871	1408	0.422982664871
871	533	0.542854927299
871	1540	0.517477956966
1155	801	0.0692470313626
488	308	0.77117445495
488	590	0.990269116835
488	145	0.266602323546
488	594	0.912757727239
488	55	0.26987905674
488	1031	0.53069722555
488	823	0.930003677889
1154	59	0.904952546073
1154	58	0.315177358146
9	271	0.758812281069
9	81	0.164695389404
9	49	0.726318265232
1245	407	0.740922202182
1245	378	0.224721040307
1245	1236	0.386323889931
1244	379	0.855227682807
1244	429	0.193251999453
890	992	0.481583257205
891	992	0.215041537597
892	992	0.0881678351832
893	992	0.541246738508
894	992	0.010860881486
896	36	0.641189335248
898	427	0.136918344587
899	256	0.709614830782
1530	1465	0.995733982727
1530	1464	0.897608660357
1530	1392	0.0244396750234
255	308	0.834868741777
255	307	0.583897270186
1199	9	0.211164183281
1153	59	0.531104684187
1153	58	0.459040191703
1277	81	0.698068738541
1248	1155	0.777363621413
1248	57	0.352585205359
1248	56	0.564027754999
1248	757	0.0562911380276
1248	801	0.0342530657716
1152	1248	0.633650195016
1152	1148	0.0531748944865
1152	59	0.911892171585
1152	58	0.220738171542
1273	219	0.0812570150083
1273	220	0.131304678736
1173	57	0.14607491091
1173	59	0.638721545265
1173	87	0.0586187469768
1393	710	0.0911295852333
357	193	0.644418837566
357	683	0.21271240682
356	357	0.253612806568
356	419	0.663177649176
355	362	0.380172780895
808	926	0.712760094108
352	448	0.730164406877
352	348	0.997153400755
351	448	0.793569710392
351	348	0.241516424708
1617	610	0.473081375648
803	854	0.446238731649
803	857	0.654804478541
803	851	0.79382952652
803	852	0.946624753183
801	28	0.546726062636
1538	1522	0.611695164549
807	28	0.640265805809
806	1069	0.615845614488
639	1552	0.575913338892
639	154	0.890130400166
639	715	0.111593607158
639	616	0.670076072189
639	1469	0.77192976861
639	1465	0.176944518416
639	1400	0.7253703683
217	632	0.746532946348
217	602	0.122156256786
217	1204	0.377776572698
217	302	0.785197908039
217	1071	0.738134736143
217	533	0.307048557825
217	1015	0.351074832918
217	515	0.430936604792
214	602	0.127128947008
769	1069	0.986987125605
769	994	0.0546219182642
769	144	0.677643318946
769	894	0.387862408835
769	907	0.303151920235
769	1078	0.20899066352
769	1024	0.634904781833
769	573	0.741579594951
769	953	0.822318388651
769	1062	0.373290830584
769	1065	0.119528901502
769	1067	0.516087596575
769	457	0.703564632514
769	1051	0.396017537233
769	645	0.564134148556
769	737	0.792157886256
769	1008	0.563121481342
769	1432	0.701412510112
769	1030	0.590166646025
769	1035	0.917840489028
212	569	0.812313120029
212	282	0.809846225716
212	1011	0.863542085528
210	202	0.341337238699
211	133	0.724036917253
211	253	0.2912600575
211	1052	0.343392938603
763	1030	0.820042414876
760	759	0.35699590485
761	403	0.765159172684
761	417	0.0608073531248
761	418	0.125912938965
766	769	0.202432751798
766	573	0.645910910321
766	457	0.788944229472
766	1084	0.0917938321572
766	771	0.151599134551
766	1050	0.304192451611
766	928	0.278503171601
766	955	0.275648781015
766	368	0.151196340995
766	1014	0.779450961201
766	917	0.0219867966425
766	409	0.674800647015
766	991	0.161497529087
766	770	0.626407190741
766	754	0.37914983066
766	765	0.530313877706
766	1030	0.268334460109
766	964	0.637103724153
766	1027	0.885162295213
766	1026	0.215311120031
766	948	0.713842982623
766	962	0.0499502130825
766	963	0.0529057672218
766	432	0.187693274402
766	726	0.545807743502
766	1023	0.219540862332
766	720	0.920907649084
766	530	0.776043823399
766	803	0.0645824331892
766	1006	0.329005550256
766	880	0.165689194293
766	806	0.587541211811
766	823	0.693591737735
766	729	0.75131495307
764	769	0.90846856151
219	1171	0.336468247308
219	211	0.0492243895732
219	490	0.312030002282
219	1257	0.90920341149
219	1113	0.996803219464
219	439	0.847751379157
219	435	0.185657736107
219	432	0.584710063427
40	579	0.771378039315
40	36	0.633151138421
41	579	0.333668377185
1309	216	0.909097628512
1309	154	0.492186810849
1169	55	0.745291451286
1169	447	0.0280467587449
438	442	0.512639085378
1078	22	0.901962172395
643	454	0.962757955488
643	455	0.586576811619
643	645	0.0858795943498
643	482	0.775991359429
643	419	0.0166710115476
1074	898	0.751632782085
1074	633	0.518430695413
1072	641	0.514672009354
289	443	0.116112769562
289	1201	0.96072393879
289	270	0.378086404235
289	530	0.00774452480943
289	9	0.607074757555
289	419	0.45512668595
289	97	0.568769587873
288	346	0.798478906174
288	515	0.503658914885
4	681	0.394874964304
4	430	0.457509664277
4	683	0.428178967117
280	202	0.468827398538
283	572	0.383915980674
283	578	0.577625255737
283	22	0.162142537102
283	35	0.836796477208
283	36	0.934161899523
282	579	0.604004725212
282	202	0.808695996558
282	468	0.629381896546
282	560	0.947367682785
282	572	0.246134897906
282	311	0.740405457989
282	565	0.820172514143
282	494	0.434028809659
282	364	0.715772563383
285	695	0.815495636736
284	91	0.00962039422912
284	724	0.612739994999
287	288	0.709696078537
439	201	0.640700590607
439	1142	0.613031101132
439	144	0.0100968915679
1083	818	0.346847402379
1158	154	0.543621565581
674	551	0.235632210674
1157	57	0.598826745438
1156	417	0.398675712606
1156	1313	0.452465545973
1156	71	0.397175094602
1156	754	0.0379315744803
1151	57	0.31495786532
1150	90	0.205037458226
672	379	0.494225510776
672	679	0.278519839546
673	681	0.414601469776
260	900	0.246442770844
260	1083	0.996554866008
260	154	0.710893616177
260	948	0.332845265019
260	602	0.410162311457
260	533	0.404816080231
260	737	0.54444079409
260	635	0.953733311034
260	163	0.702546072147
267	915	0.533293891913
267	118	0.811029131016
266	146	0.118417568267
266	403	0.310569165015
266	515	0.150941275809
266	468	0.036072987218
266	914	0.340849362632
1178	243	0.782190827521
264	270	0.00592645239143
264	312	0.839230022652
264	181	0.374505293385
264	219	0.160513363428
264	516	0.103293888909
286	521	0.352018092396
269	572	0.923782435952
269	311	0.360912187191
268	632	0.859957050584
268	572	0.0742028133368
268	761	0.0718722853742
268	1201	0.21309461549
268	275	0.0309601116182
268	9	0.105093849321
268	515	0.394744402896
268	1012	0.748907888265
268	516	0.990816079963
1290	634	0.476062609691
1290	694	0.941376693348
1290	376	0.194581154473
58	1234	0.915071180682
58	59	0.880860433268
58	55	0.415480668805
58	57	0.312033741719
58	56	0.274620119142
58	28	0.623394218847
58	617	0.803116074702
58	60	0.833874116573
58	61	0.270130569969
58	757	0.400724791287
58	801	0.884850422641
58	1261	0.136688784032
1082	960	0.0120072271306
59	757	0.0650771765185
59	58	0.798359481358
59	61	0.128671441945
59	55	0.739678017987
59	158	0.882297019507
59	57	0.232444509585
59	56	0.552597673271
59	60	0.482791141665
59	1155	0.252694148276
59	1146	0.821934962051
59	801	0.213426908632
59	484	0.944561827407
59	1261	0.40703680959
1554	751	0.0382782444296
1554	769	0.184029454543
1554	906	0.556299203094
1554	1352	0.908252690609
1554	1496	0.177503217522
1554	1412	0.58327632677
1554	1406	0.400271784846
1215	154	0.983410272487
55	59	0.578868858559
55	58	0.304950011254
55	57	0.810083836349
55	56	0.501453504731
55	91	0.788236147059
55	1148	0.288688195256
54	857	0.331630578002
54	853	0.368072482028
57	55	0.806607275154
57	801	0.0306763328823
57	56	0.285863372008
57	131	0.45292391611
57	58	0.848545835145
56	55	0.616473573538
56	131	0.760220332484
56	59	0.508882164379
56	801	0.232814662451
62	131	0.637127166091
62	713	0.115491524962
62	1327	0.718094316193
53	421	0.965980533255
53	915	0.271024397032
53	154	0.471586352986
53	307	0.403848289886
52	71	0.0759831086069
537	114	0.625812598956
537	484	0.674917176384
536	443	0.297914750984
535	529	0.657142519078
63	1284	0.905249553651
63	302	0.961815058106
63	697	0.379676669133
533	522	0.11939734397
533	878	0.959495195439
533	206	0.0867060576057
533	981	0.367024633558
533	518	0.266614831065
533	71	0.306977848938
533	164	0.203683333758
533	367	0.594584501517
533	515	0.390975474565
530	164	0.0187195236792
530	367	0.154368417593
530	981	0.938920460541
530	878	0.519879046179
530	518	0.412173652173
1295	216	0.840514286728
1414	811	0.593196908157
1414	1432	0.0521345124189
1414	1405	0.74597379676
152	652	0.52378214725
152	1297	0.503600684175
539	28	0.957517636185
775	740	0.0796774169555
775	1069	0.448613306361
775	991	0.130480985869
775	877	0.670089795163
775	447	0.554697466855
775	1073	0.589096501553
775	648	0.701237255314
775	811	0.823444714355
988	202	0.312841268822
989	718	0.262533232686
1324	417	0.200423116922
1324	418	0.8117681576
1325	1154	0.546057617578
982	1042	0.110154947381
982	975	0.265868305863
982	22	0.200479680076
982	876	0.506153199884
982	749	0.890650648421
982	698	0.0181796153316
982	523	0.965770264761
983	981	0.113979588058
980	133	0.464751417562
980	154	0.752484310462
981	87	0.315008093992
981	991	0.336996664187
981	22	0.193691400911
981	754	0.516266096949
981	749	0.500657189879
981	706	0.257290961259
981	860	0.907369306911
981	818	0.357981147096
981	91	0.911320283469
981	1008	0.959303278012
981	164	0.222254847037
981	90	0.246012269016
981	1030	0.119611209166
981	284	0.176518547524
986	728	0.659798899964
986	144	0.340809057241
986	917	0.374519285687
986	971	0.688131296141
986	457	0.553805674028
987	984	0.934716020159
984	883	0.81385220482
984	886	0.840686975811
984	54	0.0751999967474
984	761	0.124829041513
984	997	0.877519442311
984	457	0.0707116856617
984	144	0.148655758867
984	894	0.060979067534
984	771	0.452807475769
984	1051	0.511838517728
984	837	0.689090860714
984	971	0.769817215649
984	970	0.661863904932
984	874	0.649535837534
984	482	0.478719936683
984	737	0.797738715876
984	917	0.701196181648
984	751	0.723906096461
984	1011	0.248089154202
984	1278	0.509060010834
984	569	0.889918461421
984	632	0.176131843226
984	448	0.0347177718835
984	991	0.709294403383
984	368	0.905008061814
984	560	0.180283663435
984	530	0.54847220963
984	447	0.0922312995384
984	900	0.424529144349
984	1277	0.866931521836
984	802	0.477530717489
984	165	0.84090808632
984	94	0.11090685425
984	907	0.824761975182
984	1025	0.999209586158
984	965	0.676742569754
984	966	0.340464398979
984	1046	0.187955683706
984	948	0.654213340208
984	55	0.0745623059893
984	1060	0.739548127834
984	1062	0.479704480792
984	865	0.189565498127
984	847	0.641905417581
984	726	0.78379201051
984	533	0.767456807767
984	1008	0.245960553497
984	648	0.917177169446
984	927	0.992294519442
985	1432	0.08445178958
985	954	0.980964041459
115	101	0.335992356049
115	187	0.21138902747
68	1284	0.86537985401
68	533	0.352450773908
68	242	0.127776232736
116	1128	0.380516264112
116	1077	0.584026913234
116	706	0.430172054203
116	421	0.744942385081
116	920	0.905152700386
116	1255	0.782864532324
116	279	0.635377327474
116	915	0.454873659072
116	921	0.514904957298
116	434	0.294229997696
116	493	0.388800456174
111	389	0.0466398019333
113	122	0.157675855912
113	119	0.821206212556
253	133	0.329288835048
771	22	0.468668049378
771	79	0.302861508811
771	770	0.798960307007
5	529	0.551811953233
119	478	0.492893861667
119	187	0.312900120393
119	574	0.826128516051
118	55	0.486754300716
118	536	0.951120427318
118	97	0.442440054446
1531	1552	0.711787709069
1531	1400	0.754224857517
1531	1392	0.143932914784
207	590	0.537101251445
207	206	0.66117737507
772	769	0.928081020117
772	770	0.221297409764
772	79	0.768699051633
1257	201	0.708180991574
1257	1142	0.789089699939
1257	144	0.732900229339
1254	219	0.214275247563
1254	220	0.0575796627645
1253	219	0.225348767672
1253	220	0.841778727555
1523	1396	0.0631678036678
1523	611	0.371194655275
1523	867	0.970068445958
1523	1525	0.0834444094933
1523	1363	0.0920760205514
1523	1116	0.679528052026
1523	811	0.272657258871
1523	1467	0.318339765722
1523	1510	0.973225297204
421	379	0.863624910965
421	619	0.538648436935
421	419	0.309188175044
421	429	0.0615915683271
421	378	0.48376588734
421	1039	0.690230395665
421	645	0.11297869698
421	1307	0.737258771741
421	351	0.295836128605
421	417	0.89583764708
421	482	0.00887836374761
914	379	0.428879684521
914	429	0.591908827356
914	911	0.101488292305
914	1250	0.730656901254
917	857	0.566037006918
917	851	0.933966243996
917	852	0.738829019846
422	636	0.777387977164
422	242	0.769833209568
911	482	0.766234465661
910	379	0.682022514167
910	429	0.828494122474
910	998	0.669423024551
910	1250	0.0826440651172
910	220	0.108181595154
1391	1133	0.0890803048376
308	202	0.230593247747
308	154	0.0504006121375
308	22	0.269419117246
308	616	0.762751330638
308	53	0.136840522885
308	307	0.547330560882
308	98	0.529651651095
308	648	0.173154723655
309	310	0.239262335812
460	572	0.996438990127
460	417	0.877839025862
460	348	0.628126797995
300	306	0.479431188243
301	515	0.0539491165044
301	430	0.175194209519
302	630	0.702256474898
302	625	0.925536990153
302	602	0.552423445411
302	572	0.892297624006
302	698	0.549192420169
302	706	0.293597354219
302	1197	0.255314385149
302	219	0.0892860147718
302	818	0.992782832958
302	533	0.824959591999
302	266	0.144361362925
302	1033	0.899145982961
302	1005	0.920336658465
302	93	0.176450841053
305	652	0.856997040888
305	897	0.826214012936
306	310	0.415814319461
307	144	0.28346169943
307	154	0.0305754347626
307	1188	0.921120002884
307	877	0.806029550841
307	447	0.491781780541
307	742	0.378754431009
307	53	0.916375923367
307	133	0.402481311516
307	648	0.897569952847
307	549	0.533340782109
307	427	0.436863358071
895	703	0.443745826578
824	745	0.281450333753
1376	1432	0.0260274321559
418	219	0.521659456206
418	144	0.762810652952
418	417	0.904173352089
418	220	0.904872285549
418	332	0.65409639213
847	785	0.364256623045
846	848	0.666771490576
844	208	0.98849267081
842	765	0.626309787478
841	857	0.809814702454
841	853	0.528563359395
840	270	0.814995765067
840	857	0.810881130578
1090	899	0.663352821253
1090	256	0.0596030412926
1126	801	0.603051436743
1126	28	0.250574893215
848	857	0.967309758991
848	852	0.626613229841
823	822	0.851793016163
1209	1148	0.803565069772
1209	59	0.404572350869
1209	58	0.808715271618
1323	201	0.541148539486
1323	488	0.576343619213
1283	164	0.359713517373
1283	981	0.360413466048
1484	1396	0.852662885124
1484	1467	0.867324165595
1484	1496	0.883916502213
472	122	0.139579985374
1208	560	0.707645928478
1634	1561	0.682210757605
390	391	0.762531630758
1282	1552	0.920089952952
1282	488	0.0525557253727
1038	758	0.446412218236
1038	1037	0.010800351004
1238	57	0.65629300989
1328	683	0.0168982951402
1166	181	0.470489228642
1166	154	0.877958903575
391	26	0.744027595365
753	90	0.00781601566945
753	59	0.872417891737
753	58	0.635628474077
752	560	0.105935955438
752	58	0.174747384847
750	724	0.713783464369
757	59	0.42185681863
757	58	0.0434714983262
757	57	0.223715132769
757	56	0.254026542481
757	1248	0.954240605921
757	1148	0.123049669485
737	1047	0.228968234187
755	1080	0.403142459694
754	902	0.699398322962
754	1133	0.707321467392
754	54	0.428643628035
754	1125	0.819768427831
754	270	0.454710418169
754	18	0.0262752007846
754	803	0.843727812215
754	924	0.544245279906
560	55	0.057131991535
560	403	0.106940121191
560	417	0.962931419822
560	418	0.802019009502
561	86	0.23283796603
759	270	0.314201178227
759	289	0.428633814509
759	857	0.46050936357
759	851	0.346336725434
758	1037	0.34365941168
564	562	0.761047290039
701	515	0.65124743154
701	233	0.528986577445
701	533	0.55647499618
701	22	0.616756466563
701	602	0.842771284062
506	367	0.36653999432
506	593	0.792361539239
506	634	0.951577561995
506	515	0.249807714554
506	636	0.968784219186
1256	417	0.283898977757
1256	418	0.918315577959
1591	1250	0.0841174206976
228	495	0.127479487433
228	248	0.0475034820687
227	228	0.21646149115
226	231	0.253387476642
224	223	0.337297195695
504	502	0.826797064521
221	414	0.471553201873
221	1249	0.215859732474
221	490	0.225839666031
220	591	0.97624641772
220	989	0.174629863812
220	198	0.655634748112
220	211	0.822974446394
220	197	0.735979831025
220	219	0.378920161869
220	133	0.788435250452
220	909	0.638107228373
220	253	0.368970466741
220	490	0.307259922969
220	378	0.876873147896
220	1257	0.361247028371
220	1113	0.31410914086
220	652	0.317660913338
220	507	0.669948117683
220	528	0.91241599524
220	409	0.530570226371
220	408	0.234501536371
220	144	0.456341264364
220	894	0.522592046031
220	635	0.881884919901
220	1171	0.064671695603
220	1062	0.582287094419
220	1033	0.427082753259
220	91	0.399666458149
220	94	0.551004296575
220	946	0.735615732261
220	945	0.542069945362
220	1028	0.0315905399886
220	518	0.709572333282
220	439	0.477933594783
220	648	0.281401250644
220	922	0.963383319697
220	435	0.00628229010483
220	432	0.0590726333345
1025	1045	0.900925483466
1025	1065	0.790411737081
1025	954	0.237196497277
1025	928	0.158415148218
1025	1008	0.189256733708
1025	1006	0.245175748508
1027	1014	0.560311240438
1021	270	0.378015028956
1020	270	0.134871017019
1020	289	0.0366858724885
1020	851	0.599365974116
1022	560	0.511760804387
1184	1152	0.412194006001
1185	379	0.43593285607
1185	429	0.0195590286911
1182	57	0.592172466756
1183	57	0.233604896681
1180	91	0.686494020364
1180	28	0.0323545377413
727	717	0.963532325851
727	716	0.709340466109
89	988	0.468464648347
89	909	0.436059435376
89	73	0.357849812275
89	342	0.227278531948
89	91	0.0967514475406
89	497	0.225177172766
89	233	0.786263050237
722	81	0.773447421286
1386	1412	0.718485579463
720	81	0.739225314856
721	81	0.275063499366
1035	883	0.703525762261
1167	60	0.413969271224
1049	1011	0.228006899925
728	763	0.929315477627
605	339	0.0283465842317
604	630	0.898831582555
604	1432	0.218333656472
604	554	0.779176751009
604	302	0.289743724732
604	417	0.68950759139
604	266	0.53527189494
604	515	0.101152771345
607	1498	0.776561175322
607	1412	0.166493892778
607	611	0.792594919982
607	1603	0.25495754457
607	1116	0.107643210406
606	522	0.417953383645
1160	1161	0.778559330217
994	144	0.214130746066
994	58	0.345295442006
994	948	0.00991529962561
994	55	0.693187193754
994	945	0.986037968676
994	22	0.26819527706
994	900	0.0474767159214
994	307	0.101980407089
994	470	0.26387313989
994	770	0.071972117871
994	79	0.859787290104
994	792	0.459683978445
1163	710	0.184739935734
1205	471	0.619881722258
1207	197	0.538614489987
112	118	0.993439288041
1168	511	0.91486629573
1200	504	0.642783149635
1203	578	0.842123846777
1211	1129	0.93240836811
976	1011	0.0813708897794
976	1013	0.319064527966
1216	181	0.969467538403
1443	604	0.800690919696
1443	1540	0.180070543777
1443	636	0.873335397336
1443	1525	0.164959486964
1443	1060	0.875138264065
1443	1603	0.958911556762
1443	867	0.836145906921
1443	1455	0.929846877101
1443	1610	0.972622213378
399	259	0.491693348555
635	1232	0.206589712121
959	270	0.609161704362
959	857	0.100233670016
959	851	0.213391501612
959	852	0.363240727291
958	959	0.229455381357
997	71	0.857637421909
48	448	0.631291228388
48	66	0.0415901588479
48	67	0.924565566016
48	445	0.972935096045
48	126	0.88683006046
48	127	0.338332712027
48	8	0.175554470719
48	484	0.365860941605
48	237	0.230161793753
49	91	0.494303868137
49	81	0.563723388541
46	379	0.614479954395
46	378	0.872071695857
46	429	0.122554281315
46	419	0.0565667770289
46	420	0.387434874918
950	857	0.517338059334
950	851	0.630925916778
950	852	0.822396454545
953	71	0.0543930384698
952	217	0.855180684925
954	1027	0.578712395016
954	843	0.733772519288
954	792	0.452188154593
954	55	0.973505501236
954	761	0.702029142702
954	447	0.773233353351
954	956	0.61185465373
954	560	0.588210307082
954	370	0.232896911134
957	1042	0.804986095594
957	993	0.293543338196
957	530	0.238458558353
465	315	0.962007428233
802	857	0.650888166467
802	851	0.484458406351
802	853	0.454895829219
1444	586	0.049244647895
1444	1540	0.247202366388
1444	636	0.509904285362
1444	1133	0.710080479957
1444	1060	0.664668207294
1444	610	0.120217222524
1444	611	0.554435972192
1444	867	0.259451353926
1444	1611	0.0997592577044
1444	1525	0.988845056891
1444	1375	0.277815684712
1444	1610	0.614870818628
1444	1564	0.647117456437
1444	1603	0.0978041124204
1444	1554	0.432542333884
1115	216	0.9237614997
1115	1287	0.600519055637
464	57	0.10679714789
464	58	0.256715879491
620	159	0.308628005651
620	117	0.819287642992
1293	1240	0.139540099679
1562	1491	0.74453642471
1562	1604	0.226332266253
1562	897	0.295834893092
1291	1248	0.280651811758
1291	57	0.852754718519
1291	59	0.0679367237431
1291	58	0.913600007338
1291	1148	0.434737440482
1296	270	0.679750868657
1296	1199	0.689927358053
1296	268	0.749187118595
467	636	0.156725996817
1294	572	0.696935131091
466	175	0.0742628577009
466	101	0.191482821135
474	578	0.0391806416505
474	580	0.591809836424
591	55	0.718549369848
591	253	0.526984401239
591	144	0.249259905843
591	1455	0.56862582273
1424	811	0.552605414087
1424	1412	0.470588859775
1424	633	0.0293563236719
1424	1400	0.298010409291
1217	1218	0.669215622542
489	261	0.660347060142
489	1291	0.847908255763
414	323	0.793695352081
414	428	0.448890751125
487	572	0.289803090163
484	59	0.758665162573
484	58	0.149692473873
484	48	0.917050094912
484	695	0.21594303143
484	1154	0.457657694833
484	57	0.873723432737
484	56	0.894832772746
484	60	0.356282579495
484	61	0.35093814324
484	471	0.477409965454
484	267	0.127709158042
484	413	0.256432265476
484	242	0.599333866104
484	476	0.147921343156
484	1291	0.317134611943
484	119	0.740837031524
484	1261	0.305761117972
484	538	0.440225812245
483	22	0.974001616979
483	36	0.453915964022
483	575	0.358956876782
483	116	0.93694336075
483	486	0.18196599532
483	479	0.981880698887
483	348	0.504617525437
482	1164	0.726014429661
482	989	0.105092055421
482	627	0.929284081966
482	211	0.120391224751
482	574	0.955517199191
482	133	0.284395821601
482	47	0.906144105778
482	407	0.449931882621
482	1257	0.494899119487
482	1113	0.876298447767
482	547	0.863296628946
482	408	0.376910466773
482	619	0.445801117083
482	634	0.86579221422
482	447	0.29780907936
482	124	0.771196105592
482	71	0.432497904807
482	483	0.57607556875
482	909	0.899958899331
482	414	0.0483928843775
482	417	0.395033452372
482	1247	0.865839658498
482	439	0.447754157229
482	1249	0.1840170097
482	922	0.397714501
482	435	0.321603927847
482	418	0.137899756774
1546	616	0.848731567748
1546	1540	0.30513741329
732	857	0.279059786379
732	851	0.332249022274
732	852	0.212570259428
1201	1283	0.753245894264
1201	754	0.161031723435
1201	572	0.320879114523
1201	197	0.125840112473
1201	9	0.368076243337
1201	515	0.444679464944
1201	1207	0.607079646351
1366	612	0.807084852326
1366	1412	0.926286990264
1366	611	0.641237040958
473	120	0.369395423659
470	146	0.679098150735
470	70	0.728769880003
471	413	0.396894889532
471	515	0.538173538499
471	187	0.741921391103
471	574	0.811938843508
476	44	0.393688084748
476	45	0.0572916553633
476	120	0.0424436031219
476	525	0.049045378914
476	261	0.575727190831
476	130	0.867563992629
476	101	0.17162615286
476	119	0.337796029034
476	118	0.887244222776
476	500	0.0751397641246
476	96	0.487464094691
1360	1545	0.784378916663
1360	1625	0.912722898964
428	414	0.436111969647
478	119	0.794555483211
479	464	0.325870336389
479	484	0.520346054048
479	427	0.673526008014
