1	55	0.506
1	55	0.506
1	57	0.554
1	58	0.495
1	249	0.498
1	843	0.414
4	430	0.336
4	681	0.538
4	683	0.642
5	529	0.281
6	162	0
6	308	0
6	648	0
8	121	0.649
8	146	0.614
8	378	0.642
8	471	0.592
8	489	0.586
8	558	0.507
8	559	0.427
8	698	0.691
8	815	0.51
8	956	0.558
9	49	0.397
9	81	0.074
9	271	0.645
11	367	0.547
13	28	0.373
14	724	0
16	196	0.343
17	242	0.495
18	71	0
18	376	0.297
19	445	0.344
21	579	0.422
22	17	0.603
22	55	0.663
22	55	0.663
22	91	0.543
22	91	0.543
22	144	0.681
22	249	0.586
22	279	0.502
22	301	0.574
22	307	0.659
22	308	0.654
22	308	0.654
22	312	0.515
22	335	0.617
22	350	0.624
22	351	0.628
22	352	0.593
22	413	0.622
22	421	0.505
22	434	0.363
22	440	0.713
22	458	0.553
22	493	0.595
22	560	0.722
22	560	0.722
22	572	0.637
22	623	0.564
22	636	0.644
22	653	0.267
22	688	0.462
22	724	0
22	843	0.648
22	915	0.461
22	920	0.607
22	921	0.607
22	956	0.48
22	1255	0.458
24	47	0.59
25	26	0.339
26	10	0.464
26	476	0.62
27	977	0.392
28	91	0.658
28	158	0.699
28	402	0.336
29	53	0.537
29	154	0.407
31	695	0.288
35	524	0.44
35	531	0.438
36	579	0.447
36	588	0.247
36	789	0.335
36	983	0.327
37	579	0.564
38	578	0.784
38	579	0.371
39	579	0.506
40	36	0.654
40	579	0.566
41	579	0.68
42	579	0.904
43	20	0.567
44	724	0
46	378	0.618
46	379	0.545
46	419	0.594
46	420	0.533
46	429	0.54
47	133	0.836
47	344	0.495
47	358	0.544
47	360	0.636
47	797	0
47	1079	0
48	8	0.65
48	66	0.634
48	67	0.579
48	126	0.676
48	127	0.739
48	237	0.51
48	445	0.686
48	448	0.488
48	484	0.675
48	484	0.675
49	81	0.021
49	81	0.021
49	91	0.423
50	48	0.774
50	66	0.539
50	126	0.736
50	127	0.725
50	237	0.637
50	484	0.594
50	537	0.578
50	556	0.751
52	71	0
53	154	0.509
53	307	0.511
53	421	0.374
53	915	0.415
54	853	0
54	857	0
55	56	0.653
55	57	0.624
55	58	0.641
55	58	0.641
55	59	0.622
55	59	0.622
55	91	0.68
55	1148	0.419
56	55	0.653
56	59	0.633
56	131	0.602
56	801	0.338
57	55	0.624
57	56	0.809
57	58	0.694
57	58	0.694
57	131	0.583
57	801	0.282
58	28	0.478
58	55	0.641
58	56	0.674
58	57	0.694
58	59	0.736
58	60	0.585
58	61	0.406
58	617	0.454
58	757	0.586
58	801	0.367
58	1234	0.189
58	1261	0.63
59	55	0.622
59	56	0.633
59	57	0.644
59	58	0.736
59	60	0.697
59	61	0.545
59	61	0.545
59	158	0.584
59	484	0.574
59	757	0.689
59	801	0.342
59	1146	0.527
59	1155	0.609
59	1261	0.669
60	56	0.641
60	57	0.722
60	801	0.348
60	1086	0
61	58	0.406
61	59	0.545
62	131	0.463
62	713	0.495
62	1327	0
63	302	0.661
63	697	0.732
63	1284	0.636
65	47	0.373
68	242	0.595
68	533	0.646
68	1284	0.718
69	154	0.367
69	154	0.367
70	569	0.871
70	1011	0.331
70	1014	0.716
71	76	0
71	78	0
71	80	0
71	105	0
71	134	0
71	135	0
71	180	0
71	278	0
71	447	0
71	448	0
71	458	0
71	522	0
71	523	0
71	528	0
71	541	0
71	552	0
71	722	0
71	734	0
71	766	0
71	767	0
71	768	0
71	774	0
71	814	0
71	818	0
71	872	0
71	939	0
71	1008	0
71	1016	0
71	1048	0
71	1061	0
71	1062	0
71	1065	0
71	1087	0
71	1169	0
72	323	0.504
72	765	0
73	342	0.222
74	72	0
74	447	0
74	457	0
75	57	0.254
75	60	0.327
75	72	0.42
75	91	0.321
75	233	0.382
75	554	0.334
75	572	0.307
75	579	0.286
75	646	0.366
75	648	0.404
75	703	0.328
75	737	0.373
75	907	0.357
75	948	0.244
75	1050	0.304
76	72	0.418
76	233	0.339
76	554	0.412
76	646	0.395
77	75	0.323
77	703	0.119
78	72	0.442
78	74	0
78	79	0.357
78	447	0.459
78	552	0.477
79	144	0.414
79	323	0.501
79	415	0.396
79	428	0.458
79	572	0.391
79	1062	0.282
80	144	0.631
80	648	0.429
81	212	0.195
81	521	0.234
81	521	0.234
81	583	0.275
81	773	0.229
81	984	0.164
81	1170	0.199
82	443	0.758
82	443	0.758
83	94	0.614
83	154	0.258
83	479	0.522
85	28	0.684
85	87	0.626
85	239	0.697
85	340	0.321
85	484	0.439
86	60	0.694
86	393	0.603
87	28	0.732
87	28	0.732
87	55	0.618
87	57	0.619
87	58	0.569
87	59	0.64
87	60	0.627
87	73	0.32
87	88	0.739
87	89	0.757
87	90	0.693
87	172	0.453
87	233	0.601
87	251	0.326
87	251	0.326
87	272	0.637
87	284	0.622
87	284	0.622
87	342	0.662
87	342	0.662
87	421	0.382
87	494	0.686
87	497	0.484
87	574	0.352
87	587	0.586
87	713	0.61
87	757	0.71
87	765	0
87	828	0.605
87	909	0
87	983	0.329
87	988	0
87	994	0.588
87	1127	0.701
87	1248	0.536
87	1259	0.46
88	87	0.739
88	342	0.774
88	393	0.509
88	393	0.509
88	394	0.792
88	395	0
88	493	0.406
89	73	0.322
89	73	0.322
89	91	0.625
89	233	0.441
89	342	0.804
89	497	0.412
89	909	0
89	988	0
90	46	0.593
90	46	0.593
90	60	0.588
90	85	0.667
90	87	0.693
90	340	0.373
90	425	0.277
90	585	0.744
90	988	0
90	1179	0
91	87	0.725
91	87	0.725
91	88	0.508
91	88	0.508
91	89	0.625
92	589	0.418
93	197	0.65
93	714	0.509
93	1161	0.675
93	1193	0.36
93	1196	0.725
94	133	0.647
94	154	0.436
94	211	0.686
94	216	0.692
94	305	0.663
94	389	0.587
94	483	0.574
94	961	0.751
94	1074	0.584
94	1312	0.43
96	118	0.438
96	119	0.63
96	120	0.569
96	122	0.345
96	187	0.504
97	118	0.513
98	187	0.734
98	574	0.621
98	574	0.621
99	574	0.371
100	574	0.371
101	574	0.679
105	144	0
105	368	0
106	664	0.789
106	666	0.704
107	482	0.613
108	714	0.714
111	389	0.731
112	118	0.463
112	118	0.463
113	119	0.683
113	122	0.485
114	118	0.463
115	101	0.661
115	187	0.548
116	279	0.461
116	421	0.497
116	434	0.243
116	493	0.635
116	706	0.45
116	915	0.389
116	920	0.459
116	921	0.459
116	1077	0.578
116	1128	0.467
116	1255	0.381
118	55	0.585
118	97	0.513
118	536	0.634
119	187	0.665
119	478	0.626
119	574	0.636
121	28	0.61
121	165	0.539
121	417	0.602
121	493	0.636
121	648	0.594
121	929	0
121	945	0.432
122	58	0.391
122	574	0.534
123	119	0.61
124	133	0.495
126	112	0.509
126	112	0.509
126	262	0
126	484	0.529
127	66	0.609
127	262	0
127	484	0.618
128	572	0.488
129	65	0.446
131	62	0.463
131	340	0.321
131	713	0.561
131	787	0.528
131	1241	0.632
132	87	0.627
132	89	0.536
133	144	0.806
133	757	0.441
133	1209	0.252
134	447	0.731
134	477	0.32
134	484	0.484
135	165	0.7
136	148	0.44
136	511	0.452
137	60	0.464
137	61	0.384
137	181	0
137	407	0.571
137	407	0.571
137	633	0.444
137	710	0.513
139	64	0.789
141	471	0.577
141	627	0.585
142	28	0.158
144	94	0.705
144	751	0.581
144	797	0
144	881	0.706
144	1075	0.414
144	1076	0.578
145	144	0.641
145	180	0.964
146	8	0.614
146	70	0.657
146	173	0.765
146	403	0.599
146	869	0.475
147	70	0.692
147	173	0.611
148	57	0.45
148	59	0.485
149	223	0.585
149	490	0.623
150	233	0.511
150	389	0.725
150	400	0.585
150	554	0.508
150	632	0.522
152	652	0.414
152	1297	0.514
153	66	0.563
154	94	0.436
154	319	0.396
154	652	0.355
154	695	0.503
154	897	0.593
154	897	0.593
154	1074	0.413
158	28	0.699
158	84	0.654
158	131	0.701
158	511	0.373
160	81	0
161	542	0
164	168	0.36
164	522	0
164	523	0.363
164	1016	0.39
165	121	0.539
165	481	0.493
165	540	0.495
165	993	0.508
166	46	0.738
166	379	0.494
167	101	0.635
167	154	0.332
167	187	0.725
167	413	0.615
167	478	0.942
167	621	0.42
168	522	0
169	424	0
170	513	0.072
171	710	0.431
171	1243	0.357
172	484	0.52
173	22	0.576
174	160	0
174	161	0
174	802	0
174	803	0
174	804	0
175	101	0.68
177	90	0.643
180	144	0.636
180	144	0.636
180	253	0.643
180	817	0
180	893	0.763
180	894	0.577
180	1209	0.428
181	307	0
181	308	0
182	527	0
183	572	0.503
183	757	0.616
185	471	0.439
187	60	0.628
187	175	0.886
187	471	0.649
187	574	0.692
187	574	0.692
187	611	0.63
187	757	0.624
187	1209	0.413
187	1261	0.556
187	1291	0.589
189	640	0.495
190	208	0.526
190	209	0.535
193	421	0.176
195	445	0.438
196	197	0.756
197	85	0.432
197	93	0.65
197	217	0.799
197	302	0.593
197	417	0.75
197	421	0.573
197	447	0.608
197	482	0.676
197	533	0.72
197	552	0.698
197	572	0.659
197	578	0.485
197	602	0.749
197	632	0.675
197	634	0.582
197	636	0.685
197	697	0.66
197	706	0.29
197	933	0.225
197	938	0.61
197	1015	0.611
197	1190	0.703
197	1313	0.142
199	55	0.445
199	1153	0.42
199	1154	0.341
201	206	0.743
201	208	0.855
201	208	0.855
203	202	0.761
203	202	0.761
203	351	0.604
205	206	0.827
206	590	0.74
207	206	0.955
207	590	0.77
210	202	0.864
211	133	0.869
211	253	0.921
211	1052	0
212	282	0
212	569	0.791
212	1011	0.393
214	602	0.588
217	302	0.674
217	515	0.7
217	533	0.743
217	602	0.792
217	632	0.668
217	1015	0.686
217	1071	0.183
217	1204	0.617
219	211	0.782
219	432	0.304
219	435	0.582
219	439	0.844
219	490	0.758
219	1113	0.594
219	1171	0.5
219	1257	0.665
220	91	0.653
220	94	0.652
220	133	0.757
220	144	0.83
220	197	0.727
220	198	0.489
220	211	0.791
220	219	0.914
220	253	0.785
220	378	0.814
220	408	0.8
220	409	0.362
220	432	0.315
220	435	0.604
220	439	0.818
220	490	0.826
220	507	0.481
220	518	0.347
220	528	0.628
220	591	0.805
220	635	0.514
220	648	0.351
220	652	0.516
220	894	0.353
220	909	0
220	922	0.437
220	945	0.232
220	946	0.398
220	989	0.583
220	1028	0.806
220	1033	0.601
220	1062	0.367
220	1113	0.606
220	1171	0.461
220	1257	0.606
221	414	0.758
221	490	0.809
221	1249	0.43
222	215	0
222	410	0
224	223	0.63
226	231	0.608
227	228	1
228	248	0.525
228	495	0.686
230	225	0.93
232	85	0.61
232	90	0.795
232	441	0.674
232	448	0.649
232	617	0.451
232	1179	0
233	220	0.693
233	260	0.651
233	302	0.572
233	361	0.627
233	470	0.655
233	515	0.649
233	533	0.676
233	554	0.562
233	602	0.647
233	632	0.711
233	734	0.405
233	1140	0.782
233	1203	0.486
233	1204	0.528
233	1300	0.677
234	618	0.746
238	237	1
241	90	0.341
241	239	0.481
242	166	0.687
242	197	0.567
242	232	0.657
242	243	0.843
242	355	0.609
242	448	0.546
242	585	0.664
242	603	0.596
243	242	0.843
243	242	0.843
247	315	0
248	374	0.602
249	243	0.59
249	757	0.551
252	9	0
253	133	0.91
255	307	0
255	308	0
256	181	0
256	264	0.01
256	529	0.214
256	529	0.214
256	756	0.434
257	258	0.577
260	154	0.414
260	163	0
260	533	0.801
260	602	0.799
260	635	0.502
260	737	0.6
260	900	0.499
260	948	0.506
260	1083	0.556
264	181	0
264	219	0.276
264	270	0.065
264	312	0
264	516	0.064
266	146	0.693
266	403	0.577
266	468	0.712
266	515	0.701
266	515	0.701
266	914	0.532
267	118	0.502
267	915	0.636
268	9	0.325
268	275	0.712
268	515	0.549
268	516	0.533
268	572	0.425
268	632	0.452
268	761	0.509
268	1012	0.559
268	1201	0.44
269	311	0.372
269	572	0.239
270	311	0.293
270	417	0.482
270	530	0.412
270	1283	0.375
274	330	0.505
274	633	0.613
275	268	0.712
275	283	0.534
275	312	0.776
275	515	0.607
276	311	0
278	277	0
279	421	0.732
280	202	0.744
282	202	0
282	311	0
282	364	0
282	468	0
282	494	0
282	560	0
282	565	0
282	572	0
282	579	0
283	22	0.611
283	35	0.41
283	36	0.545
283	572	0.578
283	578	0.556
284	91	0.46
284	724	0
285	695	0
286	521	0.497
287	288	0.631
288	346	0.428
288	515	0.464
289	9	0.37
289	97	0.337
289	270	0.779
289	419	0.622
289	443	0.758
289	530	0.435
289	1201	0.469
296	21	0.524
296	40	0.481
296	579	0.45
296	582	0.29
296	632	0.477
296	1015	0.514
296	1250	0.453
296	1285	0.528
296	1317	0.491
297	40	0.53
297	46	0.523
297	116	0.523
297	552	0.497
297	582	0.298
297	1010	0.334
298	164	0.205
298	530	0.308
299	27	0.269
300	306	0.553
301	430	0.453
301	515	0.56
302	93	0.682
302	219	0.683
302	266	0.746
302	533	0.755
302	572	0.682
302	602	0.775
302	625	0.837
302	630	0.445
302	698	0.793
302	706	0.388
302	818	0.326
302	1005	0.329
302	1033	0.518
302	1197	0
305	652	0.54
305	897	0.524
306	310	0
307	53	0.511
307	133	0.573
307	144	0.634
307	154	0.376
307	427	0.415
307	447	0.487
307	549	0.419
307	648	0.309
307	742	0.341
307	877	0.354
307	1188	0.343
308	22	0.654
308	53	0.568
308	98	0.397
308	154	0.476
308	202	0.39
308	307	0.712
308	616	0.44
308	648	0.426
309	310	0
310	306	0
311	170	0.069
311	282	0
311	417	0.271
311	421	0.222
311	481	0.333
311	488	0.336
311	493	0.325
311	532	0
311	534	0.452
311	539	0.332
311	560	0.339
311	565	0.405
311	572	0.259
311	572	0.259
311	579	0.206
311	587	0.266
311	706	0.349
311	707	0.21
311	708	0.416
312	219	0.559
312	219	0.559
312	220	0.596
312	264	0
312	275	0.776
312	373	0.462
312	421	0.631
312	533	0.603
312	572	0.486
312	593	0.503
312	602	0.581
313	60	0.769
313	91	0.587
313	91	0.587
313	1006	0.309
315	57	0
315	329	0
318	71	0
318	71	0
318	91	0.45
318	552	0.421
319	305	0.595
319	897	0.491
320	620	0.504
322	479	0.63
325	60	0.338
325	483	0.475
325	1153	0.409
325	1154	0.251
325	1261	0.436
331	202	0.554
332	87	0.552
332	166	0.547
332	801	0.443
333	413	0.263
333	695	0.23
334	28	0.077
334	1129	0.157
335	20	0.497
335	28	0.384
335	62	0.535
335	551	0.525
336	520	0.448
338	50	0.769
339	22	0
339	337	0
339	484	0
340	91	0.321
341	135	0.437
342	73	0.222
342	73	0.222
342	762	0.912
343	90	0.556
343	232	0.513
343	232	0.513
344	345	0.513
344	377	0.623
345	334	0.329
345	376	0.786
345	377	0.578
345	660	0.539
345	662	0.38
346	347	0.596
347	22	0.619
347	74	0
347	79	0.428
347	219	0.645
347	220	0.663
347	370	0.701
347	447	0.609
347	515	0.63
347	523	0.593
347	602	0.719
347	698	0.662
347	756	0.476
347	867	0.549
348	358	0.566
348	358	0.566
348	360	0.614
348	360	0.614
348	448	0.819
348	448	0.819
348	522	0
348	575	0.799
349	339	0
349	448	0.788
350	348	0.848
350	448	0.803
351	348	0.812
351	448	0.782
352	348	0.837
352	448	0.775
354	377	0.53
355	362	0.558
356	357	0.386
356	419	0.551
357	193	0.253
357	683	0.576
360	1224	0.539
361	1225	0.77
364	565	0.487
365	370	0.675
365	420	0.547
365	602	0.672
365	638	0.411
365	744	0.533
365	867	0.632
365	881	0.65
366	365	0
367	22	0.679
367	71	0
367	368	0.699
367	522	0
368	71	0
368	1172	0.519
369	643	0.851
369	644	0.855
369	664	0.726
369	666	0.68
369	683	0.889
370	219	0.661
370	302	0.719
370	515	0.719
370	938	0.514
372	1219	0.833
372	1315	0.744
373	62	0.329
373	87	0.478
373	253	0.41
373	515	0.497
373	577	0.305
373	713	0.435
374	219	0.495
374	233	0.642
374	249	0.405
374	377	0.511
374	552	0.535
374	602	0.482
374	602	0.482
374	876	0.593
376	377	0.567
376	602	0.593
376	634	0.538
376	635	0.782
376	636	0.515
376	1235	0.449
376	1313	0.072
376	1314	0.591
377	376	0.567
377	486	0
377	634	0.66
377	636	0.695
377	638	0.416
377	694	0.547
378	47	0.829
378	55	0.676
378	58	0.676
378	58	0.676
378	60	0.55
378	84	0.706
378	133	0.801
378	211	0.807
378	243	0.644
378	253	0.809
378	407	0.82
378	417	0.802
378	447	0.665
378	484	0.64
378	602	0.686
378	648	0.374
378	652	0.465
378	757	0.6
378	1152	0.483
378	1248	0.493
378	1299	0.281
379	378	0.84
379	405	0.894
379	407	0.935
379	482	0.778
379	881	0.633
379	1236	0.959
380	273	0.35
382	22	0
386	695	0.306
388	302	0.741
388	533	0.706
389	533	0.757
389	560	0.733
389	698	0.753
389	714	0.725
389	1161	0.715
389	1176	0.545
389	1213	0
390	391	0.359
391	26	0.451
392	28	0.536
392	142	0.351
392	792	0.808
399	259	0.508
400	68	0.651
400	468	0.657
400	533	0.668
400	572	0.668
400	602	0.718
400	697	0.656
400	1083	0.472
400	1149	0.563
400	1159	0.588
401	379	0.589
403	220	0.645
403	378	0.616
404	421	0.577
405	211	0.924
405	418	0.86
405	435	0.608
405	439	0.838
405	1113	0.639
405	1164	0.606
405	1247	0.895
405	1249	0.452
405	1257	0.61
406	124	0.424
406	823	0.417
407	47	0.888
407	133	0.868
407	219	0.756
407	253	0.921
407	253	0.921
407	261	0.559
407	282	0
407	358	0.575
407	360	0.641
407	377	0.518
407	426	0.545
407	447	0.797
407	484	0.472
407	490	0.869
407	552	0.487
407	602	0.705
407	1299	0.263
408	328	0.479
408	332	0.625
408	439	0.812
409	74	0
410	620	0.171
412	28	0.22
412	371	0.525
412	632	0.318
413	479	0.632
413	484	0.626
413	756	0.563
413	956	0.525
414	323	0.592
414	428	0.596
416	74	0
417	58	0.566
417	75	0.371
417	144	0.853
417	211	0.845
417	219	0.868
417	220	0.91
417	253	0.816
417	379	0.849
417	407	0.814
417	432	0.34
417	439	0.823
417	488	0.667
417	490	0.893
417	591	0.837
417	619	0.465
417	625	0.798
417	724	0
417	757	0.511
417	1196	0.729
417	1248	0.48
417	1257	0.6
418	144	0.821
418	219	0.867
418	220	0.914
418	332	0.552
418	417	0.948
419	378	0.84
419	405	0.926
419	406	0.686
419	482	0.804
420	378	0.781
420	405	0.909
420	406	0.634
420	448	0.698
420	482	0.814
420	1268	0.738
421	351	0.79
421	378	0.771
421	379	0.941
421	417	0.768
421	419	0.912
421	429	0.867
421	482	0.699
421	619	0.39
421	645	0.821
421	1039	0.268
421	1307	0.313
422	242	0.56
422	636	0.641
423	176	0.65
423	188	0.765
424	270	0.427
424	289	0.559
424	530	0.368
424	857	0
424	1072	0
428	414	0.596
429	378	0.825
429	407	0.906
429	1236	0.927
430	220	0.448
430	335	0.399
430	378	0.47
430	405	0.475
430	406	0.468
430	482	0.406
430	482	0.406
430	1268	0.453
431	554	0.419
432	431	0.405
432	438	0.49
432	442	0
432	931	0.113
432	1298	0.269
433	438	0.519
433	931	0.438
433	1298	0.39
434	379	0.473
434	420	0.45
434	429	0.459
435	208	0.591
438	442	0
439	144	0.827
439	201	0.475
439	1142	0.822
440	190	0.555
440	201	0.614
440	488	0.743
440	541	0.339
441	369	0.79
441	421	0.778
441	454	0.597
441	670	0.538
441	1229	0.776
443	97	0.611
443	118	0.691
446	478	0.533
447	243	0.575
447	414	0.662
448	94	0.634
448	219	0.731
448	234	0.489
448	243	0.56
448	340	0.457
448	344	0.569
448	348	0.819
448	350	0.803
448	352	0.775
448	358	0.525
448	360	0.622
448	361	0.613
452	463	0.767
453	572	0.51
454	350	0.625
454	351	0.638
454	421	0.705
454	938	0.553
455	652	0.496
455	897	0.354
457	152	0.338
457	579	0.377
457	949	0
458	501	0.462
458	501	0.462
459	465	0
460	348	0.6
460	417	0.622
460	572	0.565
461	1080	0.254
463	146	0.569
463	221	0.523
463	302	0.546
463	370	0.562
463	515	0.553
463	533	0.636
463	602	0.658
463	869	0.406
464	57	0.384
464	58	0.517
465	315	0
466	101	0.731
466	175	0.815
467	636	0.652
468	515	0.873
468	625	0.771
468	1266	0.875
470	70	0.596
470	146	0.669
471	187	0.649
471	413	0.61
471	515	0.337
471	574	0.628
472	122	0.626
473	120	0.744
474	578	0.712
474	580	0
475	270	0
475	270	0
475	307	0
475	307	0
476	44	0.42
476	45	0.42
476	96	0.51
476	101	0.55
476	118	0.722
476	119	0.657
476	119	0.657
476	120	0.636
476	130	0.546
476	261	0.559
476	500	0.57
476	525	0.417
478	119	0.626
479	427	0.513
479	464	0.556
479	484	0.653
482	47	0.772
482	71	0
482	124	0.506
482	133	0.75
482	211	0.811
482	407	0.773
482	408	0.827
482	414	0.807
482	417	0.819
482	418	0.783
482	435	0.548
482	439	0.798
482	447	0.665
482	483	0.595
482	547	0.643
482	574	0.484
482	619	0.469
482	627	0.547
482	634	0.524
482	909	0
482	922	0.423
482	989	0.564
482	1113	0.578
482	1164	0.564
482	1247	0.812
482	1249	0.448
482	1257	0.606
483	22	0.589
483	36	0.593
483	116	0.625
483	348	0.546
483	479	0.488
483	486	0
483	575	0.553
484	48	0.675
484	56	0.562
484	57	0.583
484	58	0.629
484	59	0.574
484	60	0.609
484	61	0.4
484	119	0.536
484	242	0.618
484	267	0.598
484	413	0.626
484	471	0.651
484	476	0.72
484	538	0.313
484	695	0.638
484	1154	0.435
484	1261	0.635
484	1291	0.69
487	572	0.44
488	55	0.563
488	145	0.639
488	308	0.542
488	590	0.634
488	594	0.63
488	823	0.537
488	1031	0
489	261	0.382
489	1291	0.592
490	48	0.623
490	50	0.543
490	55	0.628
490	55	0.628
490	144	0.842
490	443	0.758
490	823	0.334
491	209	0.882
492	678	0.512
493	8	0.65
493	44	0.623
493	45	0.626
493	55	0.503
493	379	0.691
493	392	0.787
493	417	0.702
493	421	0.679
493	432	0.39
493	438	0.32
493	483	0.521
493	560	0.686
493	579	0.542
493	1062	0.229
494	421	0.696
496	275	0.337
496	296	0.318
496	297	0.425
496	312	0.452
497	448	0.538
497	1129	0.432
499	518	0.348
500	120	0.545
501	81	0.157
502	783	0
504	502	0.719
506	367	0.545
506	515	0.634
506	593	0.345
506	634	0.472
506	636	0.554
507	22	0.566
508	22	0.592
508	22	0.592
508	507	0.78
508	522	0
510	103	0.323
510	157	0.27
510	219	0.394
510	222	0
510	632	0.247
511	64	0.634
511	64	0.634
511	139	0.733
511	158	0.373
511	1168	0.165
512	202	0.596
512	202	0.596
513	13	0.504
514	216	0.615
514	1312	0.335
515	22	0.6
515	22	0.6
515	104	0.339
515	116	0.594
515	221	0.61
515	244	0.552
515	294	0.503
515	417	0.698
515	448	0.599
515	482	0.636
515	518	0.478
515	552	0.517
515	572	0.61
515	697	0.78
515	876	0.429
515	981	0
515	982	0
515	1130	0.508
516	552	0.551
516	554	0.524
517	284	0.403
517	518	0.618
518	20	0.465
518	103	0.364
518	164	0.275
518	168	0.813
518	219	0.356
518	284	0.278
518	288	0.371
518	367	0.361
518	448	0.276
518	507	0.599
518	519	0.871
518	519	0.871
518	522	0
518	608	0.362
519	22	0.344
519	283	0.315
519	507	0.58
519	518	0.871
521	55	0.604
521	76	0.395
521	130	0.585
521	144	0.736
521	145	0.614
521	165	0.619
521	447	0.592
521	476	0.635
521	541	0.373
521	616	0.322
522	58	0
522	71	0
522	72	0
522	74	0
522	143	0
522	164	0
522	197	0
522	208	0
522	209	0
522	209	0
522	211	0
522	282	0
522	307	0
522	373	0
522	409	0
522	448	0
522	457	0
522	488	0
522	552	0
522	559	0
522	560	0
522	572	0
522	593	0
522	594	0
522	629	0
522	985	0
522	1285	0
522	1294	0
522	1307	0
523	8	0.616
523	58	0.541
523	208	0.543
523	307	0.575
523	370	0.59
523	409	0.435
523	424	0.386
523	457	0.526
523	530	0.566
523	551	0.57
523	560	0.73
523	721	0.66
523	722	0.644
523	726	0.428
523	737	0.514
523	754	0.588
523	796	0
523	810	0.384
523	818	0.284
523	834	0.309
523	847	0.368
523	855	0.273
523	865	0.356
523	883	0.414
523	900	0.498
523	907	0.233
523	908	0.362
523	917	0.381
523	929	0
523	948	0.385
523	953	0.357
523	989	0.505
523	991	0.37
523	1016	0.561
523	1017	0.398
523	1045	0.491
526	796	0
527	202	0.381
527	202	0.381
527	666	0.527
529	248	0.348
530	164	0.258
530	367	0.558
530	518	0.372
530	878	0
530	981	0
533	71	0
533	164	0.423
533	206	0.506
533	367	0.688
533	515	0.785
533	518	0.435
533	522	0
533	878	0
533	981	0
533	981	0
535	529	0.279
536	443	0.825
537	114	0.527
537	484	0.621
539	28	0.354
540	55	0.275
541	22	0.349
541	53	0.302
541	53	0.302
541	55	0.368
541	130	0.356
541	165	0.479
541	190	0.33
541	379	0.286
541	429	0.261
541	551	0.243
541	648	0.308
541	756	0.362
542	165	0.398
543	28	0.497
543	87	0.481
544	335	0.437
544	348	0.516
544	407	0.475
544	619	0.637
544	632	0.339
547	332	0.569
548	119	0.292
549	154	0.279
549	695	0.464
550	118	0.273
551	233	0.636
551	515	0.55
551	518	0.334
551	519	0.289
551	982	0
552	197	0.698
552	249	0.502
552	302	0.479
552	378	0.587
552	414	0.519
552	419	0.583
552	482	0.607
552	572	0.641
552	602	0.602
552	632	0.676
552	688	0.463
552	891	0.258
554	146	0.583
554	260	0.6
554	470	0.606
554	646	0.601
554	876	0.579
558	67	0.645
559	58	0.303
559	59	0.339
560	55	0.687
560	403	0.688
560	417	0.813
560	418	0.765
561	86	0.671
562	563	0.648
563	22	0.555
563	116	0.591
563	116	0.591
563	572	0.56
564	562	0.523
567	565	0.664
569	761	0.649
570	219	0.486
570	572	0.478
570	578	0.478
571	154	0.439
572	28	0.423
572	219	0.688
572	220	0.717
572	282	0
572	421	0.512
572	434	0.286
572	444	0.253
572	448	0.548
572	482	0.658
572	487	0.44
572	493	0.691
572	515	0.61
572	560	0.736
572	564	0.351
572	632	0.706
572	703	0.505
572	761	0.497
572	1135	0.351
572	1266	0.706
573	22	0.532
573	572	0.558
573	1014	0.688
574	96	0.514
574	97	0.641
574	101	0.679
574	175	0.617
574	187	0.692
574	449	0.443
574	538	0.319
575	362	0.626
576	34	0.65
576	374	0.396
576	704	0.556
578	412	0.324
578	587	0.639
578	724	0
579	233	0.579
579	282	0
579	348	0.434
579	378	0.441
579	412	0.389
579	522	0
579	554	0.51
579	588	0.537
579	724	0
579	1285	0.39
580	581	0
582	297	0.298
582	526	0.401
582	526	0.401
582	579	0.343
585	454	0.399
585	497	0.445
585	1303	0.278
586	611	0.403
587	392	0.65
587	431	0.38
587	432	0.489
587	433	0.487
587	438	0.426
587	442	0
587	1388	0.224
587	1434	0.395
588	392	0.641
588	433	0.528
588	438	0.431
588	796	0
588	799	0.621
588	1000	0.554
589	249	0.419
591	55	0.616
591	144	0.851
591	253	0.821
591	1455	0.421
595	49	0.057
596	578	0.439
597	610	0
597	657	0
599	264	0
599	270	0.405
599	312	0.553
600	228	0.613
600	229	0.47
602	219	0.759
602	302	0.775
602	515	0.756
602	572	0.633
602	625	0.847
602	1305	0.719
603	376	0.666
603	377	0.758
603	602	0.733
603	638	0.364
603	697	0.677
603	1133	0.581
603	1308	0.561
603	1314	0.596
603	1390	0.279
603	1469	0.63
604	266	0.669
604	302	0.741
604	417	0.679
604	515	0.741
604	554	0.572
604	554	0.572
604	630	0.364
604	1432	0.612
605	339	0
606	522	0
607	611	0.418
607	1116	0.196
607	1412	0.348
607	1498	0.436
607	1603	0.468
611	428	0.502
611	612	0.82
612	113	0.379
612	675	0.513
612	897	0.504
612	1133	0.656
612	1412	0.511
612	1442	0
612	1524	0.597
613	47	0.607
614	609	0.677
615	610	0.668
615	611	0.689
616	290	0.502
616	291	0.73
616	292	0.462
616	611	0.392
616	627	0.298
616	661	0.221
616	811	0.551
616	1361	0.223
616	1544	0.281
617	57	0.36
617	421	0.537
617	801	0.575
618	617	0.783
619	216	0.621
619	1189	0.73
619	1287	0.796
620	117	0.415
620	159	0.343
623	465	0
624	672	0.607
624	679	0.724
624	815	0.669
624	1033	0.497
624	1394	0.337
624	1465	0.283
624	1469	0.392
624	1604	0.391
625	311	0.357
625	572	0.72
625	1014	0.902
626	483	0.763
626	483	0.763
628	627	0.821
629	593	0.534
630	93	0.607
630	196	0.355
630	269	0.352
630	302	0.445
630	553	0.159
632	70	0.561
632	93	0.592
632	197	0.675
632	233	0.711
632	376	0.384
632	417	0.681
632	470	0.665
632	474	0.439
632	533	0.681
632	552	0.676
632	554	0.58
632	572	0.706
632	579	0.594
632	602	0.634
632	605	0.425
632	636	0.599
632	641	0.59
632	698	0.68
632	754	0.559
632	754	0.559
632	795	0
632	818	0.254
632	847	0.331
632	861	0.626
632	865	0.335
632	900	0.413
632	930	0.444
632	948	0.352
632	1033	0.5
632	1050	0.324
632	1130	0.466
632	1140	0.782
632	1363	0.224
632	1412	0.566
632	1432	0.442
632	1454	0.465
632	1469	0.601
632	1522	0.463
632	1564	0.363
632	1604	0.462
633	274	0.613
634	1232	0.623
635	1232	0.908
636	271	0.358
636	372	0.431
636	634	0.636
639	154	0.488
639	616	0.542
639	715	0.641
639	1400	0.599
639	1465	0.443
639	1469	0.532
639	1552	0
640	152	0.475
641	63	0.464
641	388	0.645
641	533	0.634
641	602	0.623
641	697	0.593
641	1083	0.422
641	1284	0.63
641	1308	0.585
643	419	0.939
643	454	0.678
643	455	0.576
643	482	0.738
643	645	0.934
644	645	0.931
645	378	0.76
645	379	0.853
645	417	0.783
645	419	0.873
645	420	0.847
645	429	0.839
645	454	0.646
645	455	0.561
645	616	0.246
645	643	0.934
645	1130	0.54
645	1454	0.495
650	282	0
651	471	0.396
653	551	0.186
653	551	0.186
654	28	0.238
654	287	0.243
654	374	0.124
655	28	0.439
655	287	0.024
655	374	0.299
656	657	0.682
657	610	0.681
657	611	0.659
657	645	0.461
657	658	0.697
657	1366	0.585
657	1409	0.684
657	1420	0.385
657	1526	0.416
658	643	0.392
658	657	0.697
658	659	0.581
658	1391	0
658	1406	0.367
658	1409	0.605
659	656	0.501
660	350	0.578
660	377	0.531
661	1133	0.557
670	672	0.543
670	673	0.237
672	379	0.638
672	679	0.777
673	681	0.269
674	551	0.274
679	232	0.649
679	585	0.687
679	681	0.733
681	46	0.637
681	46	0.637
681	125	0.316
681	348	0.645
681	396	0.343
681	417	0.651
681	425	0.31
681	425	0.31
681	448	0.585
681	484	0.582
681	645	0.7
681	787	0.697
681	1561	0.558
683	193	0.193
683	351	0.84
683	419	0.817
683	421	0.728
683	643	0.823
683	644	0.839
683	645	0.861
685	572	0.55
687	322	0.5
688	1323	0.309
689	688	0.614
689	1011	0.388
691	270	0.255
692	471	0.448
693	502	0.702
693	650	0.797
694	634	0.501
694	635	0.809
694	637	0.38
695	57	0.486
695	167	0.703
695	186	0.454
695	398	0.407
695	478	0.707
697	22	0.645
697	572	0.648
697	578	0.528
697	579	0.558
698	22	0.659
698	36	0.659
698	116	0.684
698	572	0.731
700	325	0.579
701	22	0.621
701	22	0.621
701	233	0.739
701	515	0.593
701	533	0.641
701	602	0.629
705	81	0.292
706	28	0.308
706	750	0.77
707	28	0.228
708	28	0.262
709	710	0.804
710	256	0.628
710	256	0.628
710	1465	0.363
711	20	0.554
711	28	0.503
711	335	0.575
712	465	0
713	62	0.495
713	87	0.61
713	89	0.56
713	91	0.666
713	91	0.666
713	131	0.561
713	378	0.681
713	643	0.664
713	645	0.627
713	1258	0.474
714	192	0.451
714	698	0.671
714	1083	0.497
714	1308	0.678
715	117	0.383
716	851	0.64
716	857	0
717	853	0
717	857	0
718	523	0
720	81	0.238
721	81	0.234
722	81	0.248
723	733	0.496
723	901	0.559
723	902	0.393
723	903	0.503
725	790	0.63
725	818	0.344
725	847	0.354
727	716	0
727	717	0
728	763	0
731	270	0.497
731	289	0.586
731	857	0
732	851	0.54
732	852	0.219
732	857	0
733	1047	0
736	1045	0.566
736	1069	0.015
737	1047	0
739	778	0
739	779	0
742	154	0.163
743	91	0.476
743	131	0.665
743	1265	0.539
744	93	0.664
744	698	0.776
746	745	0
747	745	0
749	745	0
750	724	0
752	58	0.228
752	560	0.394
753	58	0.507
753	59	0.548
753	90	0.549
754	18	0.506
754	54	0.548
754	270	0.462
754	803	0.445
754	902	0.52
754	924	0.437
754	1125	0.938
754	1133	0.5
755	1080	0.425
756	18	0.479
756	46	0.498
756	54	0.58
756	181	0
756	256	0.434
756	264	0.211
756	348	0.52
756	370	0.428
756	417	0.536
756	482	0.538
756	515	0.482
756	560	0.584
756	579	0.452
756	632	0.532
756	924	0.408
756	960	0.487
756	970	0.345
756	1133	0.59
756	1236	0.511
756	1236	0.511
756	1277	0
757	56	0.703
757	57	0.717
757	58	0.586
757	59	0.689
757	1148	0.682
757	1248	0.614
758	1037	0
759	270	0.569
759	289	0.569
759	851	0.569
759	857	0
760	759	0
761	403	0.676
761	417	0.641
761	418	0.639
763	1030	0
764	769	0.338
765	55	0
765	144	0
765	165	0
765	368	0
765	447	0
765	457	0
765	648	0
765	770	0
765	847	0
765	874	0
765	900	0
765	907	0
765	948	0
765	1060	0
765	1062	0
765	1083	0
766	368	0
766	409	0
766	432	0
766	457	0
766	530	0
766	573	0
766	720	0
766	726	0
766	729	0
766	754	0
766	765	0
766	769	0
766	770	0
766	771	0
766	803	0
766	806	0
766	823	0
766	880	0
766	917	0
766	928	0
766	948	0
766	955	0
766	962	0
766	963	0
766	964	0
766	991	0
766	1006	0
766	1014	0
766	1023	0
766	1026	0
766	1027	0
766	1030	0
766	1050	0
766	1084	0
769	144	0.558
769	457	0.299
769	573	0.57
769	645	0.536
769	737	0.66
769	894	0.497
769	907	0.238
769	953	0.42
769	994	0.577
769	1008	0
769	1024	0.406
769	1030	0.252
769	1035	0.328
769	1051	0.309
769	1062	0.581
769	1065	0.427
769	1067	0.534
769	1069	0.357
769	1078	0.474
769	1432	0.472
770	144	0.758
770	145	0.638
770	457	0.455
770	1062	0.406
771	22	0.512
771	79	0.602
771	770	0.499
772	79	0.462
772	769	0.417
772	770	0.458
773	1025	0.6
774	1014	0.403
775	447	0
775	648	0
775	740	0
775	811	0
775	877	0
775	991	0
775	1069	0
775	1073	0
777	260	0.518
778	851	0.522
778	852	0.708
778	857	0
779	851	0.554
779	852	0.615
779	857	0
780	146	0.559
780	197	0.534
780	260	0.572
780	302	0.567
780	389	0.525
780	515	0.512
780	602	0.585
780	632	0.464
780	698	0.651
780	1432	0.549
781	560	0.416
782	523	0
782	781	0
782	993	0
782	994	0
783	501	0
783	965	0
783	966	0
783	986	0
786	1064	0
787	87	0.598
787	89	0.527
787	90	0.774
787	131	0.528
787	1144	0.676
792	724	0
793	374	0.53
796	433	0
799	1083	0.647
800	857	0
800	953	0.654
801	28	0.437
802	851	0.498
802	853	0
802	857	0
803	851	0.444
803	852	0.22
803	854	0.319
803	857	0
804	302	0.406
804	851	0.458
804	852	0.252
804	857	0
806	1069	0.463
807	28	0
808	926	0
810	164	0.215
811	53	0.56
811	495	0.503
814	928	0.565
815	1015	0.593
816	851	0.498
816	852	0.339
816	857	0
820	202	0.591
820	648	0.331
820	1615	0.531
823	822	0.677
824	745	0
826	828	0.626
829	1392	0.51
829	1400	0.482
829	1469	0.522
829	1552	0
830	816	0.82
830	888	0.766
830	923	0.818
830	950	0.537
831	815	0.564
831	1015	0.583
832	831	0
833	611	0.517
835	154	0.4
836	374	0.657
838	851	0.414
838	853	0
838	854	0.495
838	857	0
840	270	0.496
840	857	0
841	853	0
841	857	0
842	765	0
844	208	0.769
846	848	0
847	785	0
848	852	0.465
848	857	0
850	270	0.555
851	721	0.673
851	722	0.633
853	720	0
853	721	0
853	722	0
854	720	0.577
854	722	0.594
856	846	0
857	370	0
857	515	0
857	530	0
857	720	0
857	721	0
857	754	0
857	860	0
857	890	0
857	953	0
857	997	0
857	1015	0
857	1069	0
858	1019	0.131
860	992	0
862	457	0.64
863	424	0
863	737	0
863	883	0
863	917	0
863	948	0
864	865	0
864	948	0
866	864	0
867	515	0.479
869	22	0.259
869	36	0.928
869	116	0.299
871	533	0.617
871	1408	0.373
871	1436	0.484
871	1540	0.245
872	934	0
873	1030	0.055
874	993	0.524
876	22	0.494
876	307	0.398
876	796	0
876	1130	0.483
877	993	0.304
878	368	0
880	1014	0.664
881	468	0.75
881	515	0.688
881	1272	0.706
882	378	0.553
882	379	0.665
882	429	0.626
882	482	0.514
882	573	0.573
882	812	0.467
882	921	0.657
882	1078	0.564
885	992	0
886	992	0
887	992	0
888	851	0.569
888	852	0.492
888	857	0
889	560	0.576
890	992	0
891	992	0
892	992	0
893	992	0
894	992	0
895	703	0.594
896	36	0.752
898	427	0.364
899	256	0.283
900	71	0
901	270	0.518
901	289	0.633
901	857	0
902	851	0.585
902	852	0.615
902	857	0
903	821	0
903	851	0.585
903	857	0
910	220	0.47
910	379	0.558
910	429	0.528
910	998	0.471
910	1250	0.502
911	482	0.542
912	482	0.633
913	379	0.558
914	379	0.588
914	429	0.565
914	911	0.757
914	1250	0.481
915	379	0.594
915	429	0.613
915	911	0.8
915	912	0.627
917	851	0.68
917	852	0.305
917	857	0
919	378	0.576
919	405	0.652
919	406	0.662
919	407	0.663
919	482	0.54
919	1236	0.695
919	1268	0.447
920	379	0.677
920	429	0.673
920	1002	0.473
921	379	0.677
922	208	0.531
923	851	0.5
923	852	0.308
923	857	0
925	220	0.375
925	403	0.491
928	1069	0.571
932	769	0.659
933	737	0.322
934	87	0.637
934	89	0.685
934	91	0.485
935	181	0
935	256	0.457
938	8	0.642
938	493	0.746
938	1264	0.666
940	54	0.394
940	731	0.454
940	732	0.502
943	1014	0.528
948	71	0
948	533	0.479
948	1034	0.473
949	977	0
950	851	0.507
950	852	0.59
950	857	0
952	217	0.614
953	71	0
954	55	0.51
954	370	0.411
954	447	0.461
954	560	0.589
954	761	0.502
954	792	0.499
954	843	0.411
954	956	0.416
954	1027	0
957	530	0
957	993	0
957	1042	0
958	959	0.201
959	270	0.413
959	851	0.517
959	852	0.497
959	857	0
960	270	0.342
960	857	0
961	1133	0.596
962	783	0
963	783	0
964	783	0
965	81	0.164
966	81	0.154
967	81	0
968	81	0.241
969	81	0
970	81	0.046
971	783	0
972	973	0.759
973	533	0.693
973	604	0.593
973	744	0.467
974	936	0
975	22	0.694
975	488	0.689
975	490	0.713
975	522	0
975	523	0.685
975	1028	0.684
975	1130	0.557
975	1282	0.661
976	1011	0.326
976	1013	0.417
977	783	0
979	917	0.292
980	133	0.647
980	154	0.289
981	22	0
981	87	0
981	90	0
981	91	0
981	164	0
981	284	0
981	706	0
981	749	0
981	754	0
981	818	0
981	860	0
981	991	0
981	1008	0
981	1030	0
982	22	0
982	523	0
982	698	0
982	749	0
982	876	0
982	975	0
982	1042	0
983	981	0
984	54	0.495
984	55	0.567
984	94	0.595
984	144	0.661
984	165	0.539
984	368	0.713
984	447	0.487
984	448	0.537
984	457	0.534
984	482	0.634
984	530	0.547
984	533	0.678
984	560	0.701
984	560	0.701
984	569	0.663
984	632	0.6
984	648	0.334
984	726	0.443
984	737	0.528
984	751	0.461
984	761	0.54
984	771	0.498
984	802	0.444
984	837	0.453
984	847	0.385
984	865	0.428
984	874	0.58
984	883	0.413
984	886	0.29
984	894	0.264
984	900	0.595
984	907	0.228
984	917	0.324
984	927	0.533
984	948	0.412
984	965	0.473
984	966	0.417
984	970	0.529
984	971	0.281
984	991	0.414
984	997	0.507
984	1008	0
984	1011	0.408
984	1025	0.455
984	1046	0.35
984	1051	0.398
984	1060	0.146
984	1062	0.276
984	1277	0
984	1278	0.49
985	954	0.484
985	1432	0.455
986	144	0.587
986	457	0.456
986	728	0.616
986	917	0.421
986	971	0.504
987	984	0.482
988	202	0
989	718	0
991	71	0
993	58	0.32
993	144	0.48
993	769	0.438
993	792	0.33
993	948	0.322
994	22	0.546
994	55	0.547
994	58	0.533
994	79	0.471
994	144	0.602
994	307	0.517
994	470	0.578
994	770	0.599
994	792	0.535
994	900	0.428
994	945	0.27
994	948	0.5
995	53	0.531
995	55	0.459
996	648	0.499
997	71	0
999	1033	0.499
1000	724	0
1000	981	0
1002	905	0
1003	365	0.482
1005	260	0.394
1005	389	0.357
1005	632	0.286
1007	1006	0.387
1008	1006	0
1009	260	0.515
1011	560	0.469
1011	564	0.36
1011	761	0.424
1012	569	0.599
1012	1011	0.427
1013	564	0.404
1013	1014	0.544
1014	515	0.778
1014	560	0.818
1014	564	0.687
1014	761	0.733
1014	1255	0.553
1015	22	0.573
1015	572	0.626
1015	1014	0.586
1016	1014	0.793
1017	1011	0.399
1017	1014	0.602
1019	302	0.258
1019	602	0.244
1020	270	0.376
1020	289	0.346
1020	851	0.34
1021	270	0.364
1022	560	0.647
1025	928	0.564
1025	954	0.565
1025	1006	0.721
1025	1008	0
1025	1045	0.758
1025	1065	0.73
1027	1014	0
1028	55	0.616
1028	144	0.848
1028	586	0.391
1028	823	0.316
1028	1031	0
1029	71	0
1030	71	0
1031	594	0
1032	1053	0
1033	94	0.602
1035	883	0.474
1038	758	0.219
1038	1037	0
1040	838	0
1040	839	0
1040	840	0
1040	841	0
1041	483	0.309
1042	377	0.381
1042	630	0.625
1042	734	0.409
1042	1019	0.204
1043	698	0.717
1044	59	0.538
1045	953	0.604
1046	722	0.391
1046	1045	0.618
1047	856	0
1047	860	0
1048	1030	0.656
1049	1011	0.484
1051	993	0.351
1053	936	0
1053	1054	0.823
1054	1037	0
1055	1057	0
1055	1058	0
1057	851	0.628
1057	852	0.505
1057	857	0
1058	851	0.568
1058	852	0.461
1058	857	0
1058	1042	0.446
1060	220	0.149
1060	1443	0.277
1060	1444	0.263
1061	1065	0
1062	724	0
1062	854	0.492
1065	900	0.431
1065	1029	0.522
1065	1069	0.493
1067	1014	0.442
1068	1069	0.176
1069	890	0.357
1069	953	0.392
1072	641	0
1074	633	0.539
1074	898	0.491
1077	44	0.768
1077	778	0.287
1078	22	0.492
1080	260	0.655
1080	370	0.589
1080	602	0.631
1080	881	0.577
1082	960	0.191
1083	818	0.382
1085	724	0
1086	56	0
1086	56	0
1086	57	0
1086	801	0
1088	374	0.645
1089	47	0.389
1090	256	0.602
1090	899	0.282
1113	208	0.583
1115	216	0.612
1115	1287	0.723
1125	756	0.706
1126	28	0.368
1126	801	0.471
1128	1483	0.578
1130	55	0.474
1130	55	0.474
1130	57	0.403
1130	91	0.567
1130	307	0.431
1130	688	0.414
1130	713	0.499
1130	843	0.492
1130	966	0.4
1132	28	0.528
1133	268	0.436
1133	289	0.523
1133	634	0.59
1133	843	0.549
1133	1140	0.42
1133	1488	0.613
1133	1614	0.529
1135	417	0.382
1135	1618	0.527
1137	22	0.538
1137	116	0.519
1137	493	0.522
1139	713	0.645
1140	471	0.305
1140	1133	0.42
1141	57	0.525
1143	28	0.916
1145	57	0.51
1147	801	0.427
1148	55	0.419
1148	56	0.473
1148	57	0.475
1148	60	0.622
1148	61	0.592
1148	757	0.682
1149	641	0.476
1150	90	0.873
1151	57	0
1152	58	0.515
1152	59	0.678
1152	1148	0.666
1152	1248	0.612
1153	58	0.605
1153	59	0.658
1154	58	0.484
1154	59	0.612
1155	801	0.394
1156	71	0
1156	417	0.631
1156	754	0.509
1156	1313	0.262
1157	57	0.326
1158	154	0.315
1159	468	0.738
1159	697	0.846
1160	1161	0.71
1162	1153	0.314
1163	710	0.505
1165	91	0.212
1166	154	0.326
1166	181	0
1167	60	0
1168	511	0.165
1169	55	0
1169	447	0
1171	1116	0.316
1171	1133	0.596
1171	1344	0.397
1171	1396	0.401
1171	1468	0.287
1171	1496	0.448
1171	1497	0.455
1171	1498	0.43
1172	71	0
1173	57	0.506
1173	59	0.534
1173	87	0.542
1174	1161	0.694
1175	1129	0.251
1176	515	0.449
1176	533	0.447
1176	697	0.609
1176	1308	0.678
1177	216	0.612
1177	710	0.398
1178	243	0.873
1180	28	0.611
1180	91	0.64
1182	57	0.489
1183	57	0.148
1184	1152	0.785
1185	379	0.587
1185	429	0.57
1189	216	0.755
1190	468	0.687
1191	90	0.115
1191	232	0.073
1192	1193	0.684
1192	1212	0.451
1193	533	0.501
1193	602	0.454
1193	1196	0.315
1193	1313	0.068
1194	90	0.677
1195	256	0.533
1195	710	0.535
1196	302	0.746
1196	604	0.668
1197	1271	0
1199	9	0.344
1200	504	0.285
1201	9	0.364
1201	9	0.364
1201	197	0.365
1201	515	0.455
1201	572	0.363
1201	754	0.346
1201	1207	0.54
1201	1283	0.297
1203	578	0.699
1205	471	0.309
1207	197	0.667
1208	560	0.655
1209	58	0.317
1209	59	0.463
1209	1148	0.494
1211	1129	0
1212	1192	0.451
1212	1193	0.26
1213	641	0
1214	603	0.459
1215	154	0.36
1216	181	0
1217	1218	0.693
1218	376	0.753
1218	694	0.759
1219	1231	0.809
1220	1221	0.938
1220	1222	0.607
1221	377	0.938
1221	694	0.805
1221	1224	0.938
1222	1224	0.833
1223	1235	0.549
1224	376	0.605
1224	1221	0.938
1224	1223	0.832
1225	376	0.476
1226	713	0.38
1227	652	0.4
1228	365	0.738
1229	683	0.666
1230	369	0.7
1230	1229	0.417
1233	533	0.703
1235	376	0.449
1236	47	0.88
1236	133	0.857
1236	447	0.77
1236	484	0.492
1236	602	0.74
1236	1299	0.281
1238	57	0.319
1240	154	0
1241	87	0.538
1241	89	0.636
1241	91	0.506
1242	1187	0.265
1243	53	0.281
1243	256	0.337
1243	710	0.251
1244	379	0.478
1244	429	0.466
1245	378	0.763
1245	407	0.861
1245	1236	0.879
1246	59	0.674
1247	332	0.551
1248	56	0.529
1248	57	0.479
1248	757	0.614
1248	801	0.328
1248	1155	0.603
1249	133	0.413
1250	221	0.719
1252	219	0.746
1252	220	0.785
1252	378	0.769
1252	407	0.888
1252	1236	0.911
1253	219	0.705
1253	220	0.747
1254	219	0.392
1254	220	0.409
1255	379	0.581
1255	429	0.574
1256	417	0.536
1256	418	0.545
1257	144	0.609
1257	201	0.559
1257	1142	0.517
1260	60	0.674
1261	56	0.667
1261	57	0.664
1261	58	0.63
1261	59	0.669
1261	1248	0.533
1262	743	0.662
1263	28	0
1264	724	0
1265	713	0.537
1265	743	0.539
1265	1206	0.533
1266	1271	0.253
1266	1279	0
1267	1209	0.262
1269	1266	0.601
1270	216	0.433
1270	1312	0.306
1271	1266	0.253
1272	1266	0.909
1273	219	0.28
1273	220	0.272
1276	181	0
1277	81	0
1278	1292	0.912
1280	612	0.55
1280	634	0.637
1281	55	0.505
1282	488	0.578
1282	1552	0
1283	164	0.332
1283	981	0
1283	981	0
1284	164	0.401
1287	216	0.704
1288	57	0.281
1289	543	0.975
1290	376	0.341
1290	634	0.338
1290	694	0.392
1291	57	0.744
1291	58	0.662
1291	59	0.653
1291	1148	0.572
1291	1248	0.572
1292	1202	0.985
1293	1240	0
1294	572	0.567
1295	216	0.988
1296	268	0.273
1296	270	0.332
1296	1199	0.333
1297	216	0.592
1300	302	0.497
1300	533	0.609
1300	602	0.56
1300	1197	0
1300	1271	0.191
1301	181	0
1301	256	0.625
1302	1138	0
1304	1115	0.564
1304	1312	0.445
1304	1441	0.536
1306	216	0.541
1309	154	0.308
1309	216	0.661
1310	365	0.447
1310	376	0.422
1310	377	0.48
1312	216	0.375
1312	1270	0.306
1313	476	0.07
1313	634	0.099
1315	1231	0.854
1317	697	0.639
1317	815	0.573
1318	216	0
1323	201	0.427
1323	488	0.448
1324	417	0.638
1324	418	0.638
1325	1154	0.28
1328	683	0.614
1330	713	0.339
1331	379	0.673
1331	429	0.693
1334	1396	0.471
1335	1116	0.433
1337	829	0.422
1337	1469	0.436
1352	1133	0.346
1356	1604	0.395
1360	1545	0.525
1360	1625	0.258
1366	611	0.53
1366	612	0.489
1366	1412	0.456
1370	1442	0
1376	1432	0.383
1377	811	0.382
1377	1412	0.399
1380	604	0.258
1380	710	0.155
1380	1441	0.229
1380	1567	0.482
1382	612	0.506
1386	1412	0.534
1387	811	0
1389	1391	0
1391	1133	0
1392	1460	0.437
1392	1461	0.413
1393	710	0.308
1414	811	0.557
1414	1405	0.574
1414	1432	0.479
1423	1116	0.339
1424	633	0.548
1424	811	0.632
1424	1400	0.701
1424	1412	0.421
1432	602	0.699
1432	603	0.619
1432	634	0.453
1432	636	0.475
1432	698	0.686
1432	867	0.441
1432	990	0.52
1432	1015	0.434
1432	1372	0.312
1432	1411	0.448
1432	1412	0.458
1432	1472	0.276
1432	1486	0.324
1432	1550	0.321
1432	1591	0.268
1432	1604	0.394
1443	604	0.168
1443	636	0.237
1443	867	0.136
1443	1060	0.277
1443	1455	0.786
1443	1525	0.373
1443	1540	0.198
1443	1603	0.302
1443	1610	0.435
1444	586	0.267
1444	610	0.236
1444	611	0.263
1444	636	0.243
1444	867	0.129
1444	1060	0.263
1444	1133	0.329
1444	1375	0.405
1444	1525	0.38
1444	1540	0.19
1444	1554	0.213
1444	1564	0.173
1444	1603	0.317
1444	1610	0.434
1444	1611	0.331
1454	1562	0.449
1469	634	0.526
1469	638	0.302
1469	697	0.575
1469	1586	0.199
1469	1587	0.188
1469	1591	0.364
1475	1116	0.449
1475	1496	0.62
1484	1396	0
1484	1467	0
1484	1496	0
1486	612	0.449
1487	1465	0.323
1501	1116	0.379
1507	1133	0.572
1515	897	0.212
1515	1604	0.332
1523	611	0.468
1523	811	0.444
1523	867	0.353
1523	1116	0.37
1523	1363	0.17
1523	1396	0.537
1523	1467	0.434
1523	1510	0.357
1523	1525	0.537
1525	769	0.512
1525	1352	0.391
1530	1392	0.51
1530	1464	0.496
1530	1465	0.346
1531	1392	0.477
1531	1400	0.478
1531	1552	0
1536	815	0.821
1536	1469	0.434
1538	1522	0.389
1540	871	0.245
1540	1443	0.198
1540	1444	0.19
1545	616	0.287
1546	616	0.219
1546	1540	0.284
1547	1524	0.916
1547	1545	0.237
1547	1625	0.364
1554	751	0.153
1554	769	0.193
1554	906	0.427
1554	1352	0.222
1554	1406	0.188
1554	1412	0.213
1554	1496	0.165
1561	661	0.596
1562	897	0.308
1562	1491	0.577
1562	1604	0.429
1571	615	0.592
1571	657	0.573
1579	908	0.22
1579	1618	0.262
1581	1401	0.404
1589	1443	0
1591	1250	0.455
1614	1133	0.529
1614	1618	0.65
1615	622	0.618
1616	610	0.428
1617	610	0.611
1618	1443	0.308
1618	1444	0.267
1619	1443	0.419
1619	1444	0.451
1625	1523	0.409
1634	1561	0.389
