1	55	0.448
1	55	0.448
1	57	0.545
1	58	0.419
1	249	0.491
1	843	0.401
4	430	0.39
4	681	0.55
4	683	0.616
5	529	0.264
6	162	0
6	308	0
6	648	0
8	121	0.522
8	146	0.516
8	378	0.529
8	471	0.542
8	489	0.483
8	558	0.453
8	559	0.361
8	698	0.534
8	815	0.332
8	956	0.441
9	49	0.203
9	81	0.111
9	271	0.576
11	367	0.429
13	28	0.302
14	724	0
16	196	0.334
17	242	0.431
18	71	0
18	376	0.334
19	445	0.376
21	579	0.452
22	17	0.5
22	55	0.564
22	55	0.564
22	91	0.482
22	91	0.482
22	144	0.569
22	249	0.475
22	279	0.419
22	301	0.423
22	307	0.584
22	308	0.575
22	308	0.575
22	312	0.335
22	335	0.51
22	350	0.52
22	351	0.523
22	352	0.482
22	413	0.513
22	421	0.4
22	434	0.272
22	440	0.637
22	458	0.484
22	493	0.49
22	560	0.632
22	560	0.632
22	572	0.543
22	623	0.455
22	636	0.522
22	653	0.326
22	688	0.412
22	724	0
22	843	0.567
22	915	0.383
22	920	0.497
22	921	0.497
22	956	0.305
22	1255	0.398
24	47	0.404
25	26	0.218
26	10	0.323
26	476	0.543
27	977	0.31
28	91	0.685
28	158	0.602
28	402	0.203
29	53	0.469
29	154	0.392
31	695	0.27
35	524	0.317
35	531	0.406
36	579	0.458
36	588	0.277
36	789	0.232
36	983	0.169
37	579	0.527
38	578	0.702
38	579	0.414
39	579	0.476
40	36	0.543
40	579	0.547
41	579	0.621
42	579	0.379
43	20	0.526
44	724	0
46	378	0.551
46	379	0.501
46	419	0.539
46	420	0.537
46	429	0.514
47	133	0.811
47	344	0.415
47	358	0.299
47	360	0.452
47	797	0
47	1079	0
48	8	0.562
48	66	0.568
48	67	0.493
48	126	0.629
48	127	0.653
48	237	0.461
48	445	0.614
48	448	0.402
48	484	0.597
48	484	0.597
49	81	0.201
49	81	0.201
49	91	0.376
50	48	0.7
50	66	0.529
50	126	0.699
50	127	0.683
50	237	0.465
50	484	0.527
50	537	0.468
50	556	0.635
52	71	0
53	154	0.538
53	307	0.487
53	421	0.349
53	915	0.424
54	853	0
54	857	0
55	56	0.64
55	57	0.654
55	58	0.558
55	58	0.558
55	59	0.583
55	59	0.583
55	91	0.655
55	1148	0.392
56	55	0.64
56	59	0.61
56	131	0.593
56	801	0.235
57	55	0.654
57	56	0.789
57	58	0.68
57	58	0.68
57	131	0.619
57	801	0.204
58	28	0.425
58	55	0.558
58	56	0.626
58	57	0.68
58	59	0.707
58	60	0.532
58	61	0.323
58	617	0.359
58	757	0.528
58	801	0.221
58	1234	0.119
58	1261	0.578
59	55	0.583
59	56	0.61
59	57	0.649
59	58	0.707
59	60	0.649
59	61	0.45
59	61	0.45
59	158	0.476
59	484	0.508
59	757	0.612
59	801	0.205
59	1146	0.465
59	1155	0.566
59	1261	0.611
60	56	0.62
60	57	0.745
60	801	0.191
60	1086	0
61	58	0.323
61	59	0.45
62	131	0.394
62	713	0.475
62	1327	0
63	302	0.539
63	697	0.592
63	1284	0.554
65	47	0.365
68	242	0.524
68	533	0.54
68	1284	0.61
69	154	0.336
69	154	0.336
70	569	0.819
70	1011	0.282
70	1014	0.654
71	76	0
71	78	0
71	80	0
71	105	0
71	134	0
71	135	0
71	180	0
71	278	0
71	447	0
71	448	0
71	458	0
71	522	0
71	523	0
71	528	0
71	541	0
71	552	0
71	722	0
71	734	0
71	766	0
71	767	0
71	768	0
71	774	0
71	814	0
71	818	0
71	872	0
71	939	0
71	1008	0
71	1016	0
71	1048	0
71	1061	0
71	1062	0
71	1065	0
71	1087	0
71	1169	0
72	323	0.314
72	765	0
73	342	0.288
74	72	0
74	447	0
74	457	0
75	57	0.304
75	60	0.317
75	72	0.279
75	91	0.31
75	233	0.357
75	554	0.32
75	572	0.31
75	579	0.321
75	646	0.373
75	648	0.364
75	703	0.342
75	737	0.344
75	907	0.31
75	948	0.283
75	1050	0.19
76	72	0.231
76	233	0.296
76	554	0.296
76	646	0.29
77	75	0.291
77	703	0.183
78	72	0.478
78	74	0
78	79	0.344
78	447	0.363
78	552	0.45
79	144	0.351
79	323	0.393
79	415	0.367
79	428	0.404
79	572	0.328
79	1062	0.248
80	144	0.542
80	648	0.342
81	212	0.163
81	521	0.211
81	521	0.211
81	583	0.23
81	773	0.143
81	984	0.183
81	1170	0.138
82	443	0.343
82	443	0.343
83	94	0.583
83	154	0.316
83	479	0.502
85	28	0.561
85	87	0.533
85	239	0.244
85	340	0.169
85	484	0.367
86	60	0.625
86	393	0.476
87	28	0.705
87	28	0.705
87	55	0.573
87	57	0.621
87	58	0.522
87	59	0.596
87	60	0.58
87	73	0.269
87	88	0.634
87	89	0.724
87	90	0.681
87	172	0.285
87	233	0.528
87	251	0.266
87	251	0.266
87	272	0.513
87	284	0.52
87	284	0.52
87	342	0.601
87	342	0.601
87	421	0.326
87	494	0.588
87	497	0.394
87	574	0.388
87	587	0.534
87	713	0.546
87	757	0.664
87	765	0
87	828	0.48
87	909	0
87	983	0.222
87	988	0
87	994	0.435
87	1127	0.625
87	1248	0.563
87	1259	0.352
88	87	0.634
88	342	0.639
88	393	0.48
88	393	0.48
88	394	0.73
88	395	0.256
88	493	0.277
89	73	0.279
89	73	0.279
89	91	0.627
89	233	0.414
89	342	0.669
89	497	0.3
89	909	0
89	988	0
90	46	0.523
90	46	0.523
90	60	0.564
90	85	0.566
90	87	0.681
90	340	0.226
90	425	0.232
90	585	0.716
90	988	0
90	1179	0
91	87	0.722
91	87	0.722
91	88	0.393
91	88	0.393
91	89	0.627
92	589	0.317
93	197	0.542
93	714	0.406
93	1161	0.556
93	1193	0.334
93	1196	0.645
94	133	0.577
94	154	0.46
94	211	0.548
94	216	0.606
94	305	0.526
94	389	0.416
94	483	0.395
94	961	0.686
94	1074	0.493
94	1312	0.291
96	118	0.429
96	119	0.572
96	120	0.482
96	122	0.369
96	187	0.438
97	118	0.51
98	187	0.638
98	574	0.606
98	574	0.606
99	574	0.234
100	574	0.234
101	574	0.627
105	144	0
105	368	0
106	664	0.762
106	666	0.667
107	482	0.607
108	714	0.636
111	389	0.622
112	118	0.468
112	118	0.468
113	119	0.588
113	122	0.482
114	118	0.468
115	101	0.606
115	187	0.391
116	279	0.365
116	421	0.345
116	434	0.148
116	493	0.522
116	706	0.415
116	915	0.344
116	920	0.349
116	921	0.349
116	1077	0.498
116	1128	0.348
116	1255	0.328
118	55	0.492
118	97	0.51
118	536	0.588
119	187	0.543
119	478	0.555
119	574	0.53
121	28	0.489
121	165	0.311
121	417	0.427
121	493	0.512
121	648	0.471
121	929	0
121	945	0.417
122	58	0.34
122	574	0.487
123	119	0.566
124	133	0.469
126	112	0.527
126	112	0.527
126	262	0.256
126	484	0.475
127	66	0.596
127	262	0.256
127	484	0.542
128	572	0.402
129	65	0.521
131	62	0.394
131	340	0.169
131	713	0.509
131	787	0.476
131	1241	0.445
132	87	0.59
132	89	0.505
133	144	0.795
133	757	0.385
133	1209	0.205
134	447	0.494
134	477	0.183
134	484	0.353
135	165	0.449
136	148	0.205
136	511	0.356
137	60	0.437
137	61	0.305
137	181	0
137	407	0.455
137	407	0.455
137	633	0.312
137	710	0.49
139	64	0.799
141	471	0.557
141	627	0.502
142	28	0.168
144	94	0.589
144	751	0.509
144	797	0
144	881	0.578
144	1075	0.263
144	1076	0.464
145	144	0.547
145	180	0.979
146	8	0.516
146	70	0.612
146	173	0.71
146	403	0.496
146	869	0.38
147	70	0.692
147	173	0.512
148	57	0.398
148	59	0.417
149	223	0.403
149	490	0.478
150	233	0.468
150	389	0.633
150	400	0.529
150	554	0.404
150	632	0.519
152	652	0.42
152	1297	0.511
153	66	0.515
154	94	0.46
154	319	0.484
154	652	0.445
154	695	0.443
154	897	0.594
154	897	0.594
154	1074	0.48
158	28	0.602
158	84	0.523
158	131	0.633
158	511	0.274
160	81	0.11
161	542	0
164	168	0.284
164	522	0
164	523	0.356
164	1016	0.288
165	121	0.311
165	481	0.432
165	540	0.21
165	993	0.375
166	46	0.588
166	379	0.366
167	101	0.434
167	154	0.288
167	187	0.467
167	413	0.403
167	478	0.93
167	621	0.333
168	522	0
169	424	0
170	513	0.189
171	710	0.422
171	1243	0.392
172	484	0.394
173	22	0.397
174	160	0
174	161	0
174	802	0
174	803	0
174	804	0
175	101	0.671
177	90	0.559
180	144	0.546
180	144	0.546
180	253	0.6
180	817	0
180	893	0.558
180	894	0.336
180	1209	0.296
181	307	0
181	308	0
182	527	0
183	572	0.427
183	757	0.539
185	471	0.377
187	60	0.525
187	175	0.812
187	471	0.591
187	574	0.649
187	574	0.649
187	611	0.576
187	757	0.542
187	1209	0.273
187	1261	0.461
187	1291	0.508
189	640	0.288
190	208	0.291
190	209	0.288
193	421	0.133
195	445	0.311
196	197	0.678
197	85	0.389
197	93	0.542
197	217	0.756
197	302	0.571
197	417	0.629
197	421	0.47
197	447	0.488
197	482	0.583
197	533	0.64
197	552	0.623
197	572	0.56
197	578	0.393
197	602	0.67
197	632	0.608
197	634	0.497
197	636	0.566
197	697	0.556
197	706	0.289
197	933	0.179
197	938	0.478
197	1015	0.452
197	1190	0.628
197	1313	0.235
199	55	0.359
199	1153	0.363
199	1154	0.306
201	206	0.693
201	208	0.822
201	208	0.822
203	202	0.619
203	202	0.619
203	351	0.371
205	206	0.758
206	590	0.719
207	206	0.93
207	590	0.737
210	202	0.765
211	133	0.858
211	253	0.889
211	1052	0
212	282	0
212	569	0.77
212	1011	0.276
214	602	0.455
217	302	0.627
217	515	0.577
217	533	0.664
217	602	0.744
217	632	0.603
217	1015	0.569
217	1071	0.277
217	1204	0.486
219	211	0.72
219	432	0.237
219	435	0.51
219	439	0.819
219	490	0.684
219	1113	0.494
219	1171	0.452
219	1257	0.64
220	91	0.546
220	94	0.555
220	133	0.729
220	144	0.81
220	197	0.658
220	198	0.44
220	211	0.718
220	219	0.916
220	253	0.746
220	378	0.745
220	408	0.761
220	409	0.22
220	432	0.253
220	435	0.539
220	439	0.798
220	490	0.763
220	507	0.403
220	518	0.214
220	528	0.535
220	591	0.749
220	635	0.482
220	648	0.233
220	652	0.431
220	894	0.309
220	909	0
220	922	0.42
220	945	0.23
220	946	0.317
220	989	0.49
220	1028	0.761
220	1033	0.522
220	1062	0.32
220	1113	0.517
220	1171	0.434
220	1257	0.585
221	414	0.706
221	490	0.753
221	1249	0.391
222	215	0
222	410	0
224	223	0.509
226	231	0.692
227	228	1
228	248	0.464
228	495	0.613
230	225	0.922
232	85	0.488
232	90	0.752
232	441	0.656
232	448	0.612
232	617	0.416
232	1179	0
233	220	0.61
233	260	0.578
233	302	0.562
233	361	0.549
233	470	0.606
233	515	0.594
233	533	0.62
233	554	0.448
233	602	0.604
233	632	0.67
233	734	0.312
233	1140	0.568
233	1203	0.433
233	1204	0.465
233	1300	0.594
234	618	0.747
238	237	1
241	90	0.409
241	239	0.224
242	166	0.548
242	197	0.431
242	232	0.591
242	243	0.789
242	355	0.489
242	448	0.439
242	585	0.61
242	603	0.485
243	242	0.789
243	242	0.789
247	315	0
248	374	0.523
249	243	0.589
249	757	0.501
252	9	0
253	133	0.897
255	307	0
255	308	0
256	181	0
256	264	0.205
256	529	0.348
256	529	0.348
256	756	0.422
257	258	0.468
260	154	0.351
260	163	0
260	533	0.717
260	602	0.707
260	635	0.418
260	737	0.463
260	900	0.408
260	948	0.476
260	1083	0.351
264	181	0
264	219	0.755
264	270	0.333
264	312	0.126
264	516	0.318
266	146	0.614
266	403	0.526
266	468	0.665
266	515	0.649
266	515	0.649
266	914	0.494
267	118	0.467
267	915	0.626
268	9	0.247
268	275	0.703
268	515	0.514
268	516	0.489
268	572	0.445
268	632	0.467
268	761	0.444
268	1012	0.458
268	1201	0.171
269	311	0.367
269	572	0.26
270	311	0.288
270	417	0.469
270	530	0.426
270	1283	0.271
274	330	0.338
274	633	0.661
275	268	0.703
275	283	0.482
275	312	0.73
275	515	0.57
276	311	0.077
278	277	0
279	421	0.589
280	202	0.503
282	202	0
282	311	0
282	364	0
282	468	0
282	494	0
282	560	0
282	565	0
282	572	0
282	579	0
283	22	0.515
283	35	0.345
283	36	0.444
283	572	0.505
283	578	0.503
284	91	0.398
284	724	0
285	695	0
286	521	0.349
287	288	0.643
288	346	0.485
288	515	0.465
289	9	0.192
289	97	0.303
289	270	0.737
289	419	0.515
289	443	0.16
289	530	0.416
289	1201	0.186
296	21	0.549
296	40	0.436
296	579	0.535
296	582	0.251
296	632	0.5
296	1015	0.452
296	1250	0.412
296	1285	0.473
296	1317	0.531
297	40	0.475
297	46	0.433
297	116	0.48
297	552	0.392
297	582	0.294
297	1010	0.205
298	164	0.247
298	530	0.359
299	27	0.305
300	306	0.462
301	430	0.294
301	515	0.372
302	93	0.561
302	219	0.611
302	266	0.689
302	533	0.722
302	572	0.619
302	602	0.734
302	625	0.804
302	630	0.461
302	698	0.738
302	706	0.405
302	818	0.189
302	1005	0.253
302	1033	0.457
302	1197	0.251
305	652	0.438
305	897	0.531
306	310	0
307	53	0.487
307	133	0.459
307	144	0.554
307	154	0.419
307	427	0.193
307	447	0.434
307	549	0.405
307	648	0.225
307	742	0.295
307	877	0.234
307	1188	0.229
308	22	0.575
308	53	0.542
308	98	0.384
308	154	0.489
308	202	0.326
308	307	0.685
308	616	0.499
308	648	0.306
309	310	0
310	306	0
311	170	0.128
311	282	0
311	417	0.177
311	421	0.152
311	481	0.171
311	488	0.254
311	493	0.193
311	532	0
311	534	0.221
311	539	0.216
311	560	0.2
311	565	0.227
311	572	0.196
311	572	0.196
311	579	0.188
311	587	0.207
311	706	0.202
311	707	0.167
311	708	0.221
312	219	0.426
312	219	0.426
312	220	0.497
312	264	0.126
312	275	0.73
312	373	0.319
312	421	0.456
312	533	0.458
312	572	0.366
312	593	0.31
312	602	0.442
313	60	0.703
313	91	0.598
313	91	0.598
313	1006	0.345
315	57	0
315	329	0
318	71	0
318	71	0
318	91	0.411
318	552	0.361
319	305	0.505
319	897	0.506
320	620	0.489
322	479	0.561
325	60	0.314
325	483	0.384
325	1153	0.41
325	1154	0.237
325	1261	0.401
331	202	0.415
332	87	0.503
332	166	0.41
332	801	0.268
333	413	0.239
333	695	0.202
334	28	0.093
334	1129	0.214
335	20	0.368
335	28	0.285
335	62	0.429
335	551	0.447
336	520	0.241
338	50	0.705
339	22	0
339	337	0
339	484	0
340	91	0.193
341	135	0.187
342	73	0.288
342	73	0.288
342	762	0.864
343	90	0.535
343	232	0.511
343	232	0.511
344	345	0.466
344	377	0.603
345	334	0.182
345	376	0.753
345	377	0.486
345	660	0.37
345	662	0.475
346	347	0.536
347	22	0.553
347	74	0
347	79	0.399
347	219	0.59
347	220	0.603
347	370	0.638
347	447	0.558
347	515	0.545
347	523	0.56
347	602	0.685
347	698	0.527
347	756	0.453
347	867	0.442
348	358	0.392
348	358	0.392
348	360	0.47
348	360	0.47
348	448	0.775
348	448	0.775
348	522	0
348	575	0.74
349	339	0
349	448	0.741
350	348	0.798
350	448	0.794
351	348	0.762
351	448	0.766
352	348	0.795
352	448	0.743
354	377	0.458
355	362	0.5
356	357	0.314
356	419	0.478
357	193	0.171
357	683	0.422
360	1224	0.309
361	1225	0.733
364	565	0.459
365	370	0.612
365	420	0.465
365	602	0.616
365	638	0.401
365	744	0.381
365	867	0.482
365	881	0.549
366	365	0
367	22	0.592
367	71	0
367	368	0.607
367	522	0
368	71	0
368	1172	0.362
369	643	0.837
369	644	0.835
369	664	0.712
369	666	0.655
369	683	0.859
370	219	0.571
370	302	0.66
370	515	0.609
370	938	0.405
372	1219	0.837
372	1315	0.694
373	62	0.326
373	87	0.409
373	253	0.268
373	515	0.413
373	577	0.285
373	713	0.32
374	219	0.402
374	233	0.537
374	249	0.342
374	377	0.444
374	552	0.449
374	602	0.451
374	602	0.451
374	876	0.51
376	377	0.55
376	602	0.484
376	634	0.493
376	635	0.747
376	636	0.435
376	1235	0.485
376	1313	0.143
376	1314	0.535
377	376	0.55
377	486	0
377	634	0.586
377	636	0.595
377	638	0.442
377	694	0.507
378	47	0.749
378	55	0.567
378	58	0.575
378	58	0.575
378	60	0.513
378	84	0.573
378	133	0.75
378	211	0.734
378	243	0.568
378	253	0.76
378	407	0.78
378	417	0.731
378	447	0.512
378	484	0.551
378	602	0.553
378	648	0.267
378	652	0.355
378	757	0.561
378	1152	0.443
378	1248	0.414
378	1299	0.149
379	378	0.774
379	405	0.83
379	407	0.9
379	482	0.699
379	881	0.512
379	1236	0.938
380	273	0.296
382	22	0
386	695	0.229
388	302	0.707
388	533	0.633
389	533	0.65
389	560	0.587
389	698	0.586
389	714	0.621
389	1161	0.568
389	1176	0.317
389	1213	0
390	391	0.341
391	26	0.318
392	28	0.42
392	142	0.32
392	792	0.645
399	259	0.517
400	68	0.572
400	468	0.591
400	533	0.592
400	572	0.582
400	602	0.642
400	697	0.582
400	1083	0.289
400	1149	0.498
400	1159	0.475
401	379	0.51
403	220	0.591
403	378	0.527
404	421	0.563
405	211	0.877
405	418	0.829
405	435	0.504
405	439	0.803
405	1113	0.509
405	1164	0.539
405	1247	0.853
405	1249	0.399
405	1257	0.541
406	124	0.343
406	823	0.389
407	47	0.85
407	133	0.85
407	219	0.692
407	253	0.896
407	253	0.896
407	261	0.181
407	282	0
407	358	0.353
407	360	0.455
407	377	0.418
407	426	0.464
407	447	0.615
407	484	0.393
407	490	0.817
407	552	0.407
407	602	0.524
407	1299	0.131
408	328	0.39
408	332	0.526
408	439	0.739
409	74	0
410	620	0.18
412	28	0.303
412	371	0.437
412	632	0.354
413	479	0.567
413	484	0.554
413	756	0.462
413	956	0.337
414	323	0.521
414	428	0.515
416	74	0
417	58	0.489
417	75	0.314
417	144	0.777
417	211	0.753
417	219	0.811
417	220	0.877
417	253	0.754
417	379	0.797
417	407	0.762
417	432	0.271
417	439	0.755
417	488	0.567
417	490	0.843
417	591	0.759
417	619	0.44
417	625	0.674
417	724	0
417	757	0.486
417	1196	0.669
417	1248	0.422
417	1257	0.518
418	144	0.784
418	219	0.84
418	220	0.895
418	332	0.455
418	417	0.932
419	378	0.752
419	405	0.881
419	406	0.534
419	482	0.74
420	378	0.735
420	405	0.89
420	406	0.552
420	448	0.642
420	482	0.776
420	1268	0.713
421	351	0.758
421	378	0.723
421	379	0.909
421	417	0.728
421	419	0.881
421	429	0.83
421	482	0.636
421	619	0.356
421	645	0.806
421	1039	0.262
421	1307	0.214
422	242	0.45
422	636	0.55
423	176	0.422
423	188	0.625
424	270	0.482
424	289	0.633
424	530	0.462
424	857	0
424	1072	0
428	414	0.515
429	378	0.765
429	407	0.872
429	1236	0.904
430	220	0.382
430	335	0.328
430	378	0.402
430	405	0.369
430	406	0.476
430	482	0.342
430	482	0.342
430	1268	0.498
431	554	0.277
432	431	0.282
432	438	0.431
432	442	0.26
432	931	0.176
432	1298	0.242
433	438	0.32
433	931	0.428
433	1298	0.274
434	379	0.252
434	420	0.339
434	429	0.294
435	208	0.445
438	442	0.26
439	144	0.823
439	201	0.461
439	1142	0.81
440	190	0.386
440	201	0.519
440	488	0.637
440	541	0.321
441	369	0.734
441	421	0.719
441	454	0.499
441	670	0.449
441	1229	0.726
443	97	0.267
443	118	0.816
446	478	0.372
447	243	0.524
447	414	0.549
448	94	0.544
448	219	0.676
448	234	0.374
448	243	0.473
448	340	0.184
448	344	0.51
448	348	0.775
448	350	0.794
448	352	0.743
448	358	0.359
448	360	0.487
448	361	0.518
452	463	0.71
453	572	0.421
454	350	0.463
454	351	0.505
454	421	0.497
454	938	0.42
455	652	0.394
455	897	0.338
457	152	0.39
457	579	0.373
457	949	0
458	501	0.426
458	501	0.426
459	465	0
460	348	0.513
460	417	0.525
460	572	0.464
461	1080	0.307
463	146	0.519
463	221	0.496
463	302	0.507
463	370	0.495
463	515	0.484
463	533	0.584
463	602	0.606
463	869	0.393
464	57	0.384
464	58	0.433
465	315	0
466	101	0.627
466	175	0.779
467	636	0.435
468	515	0.881
468	625	0.706
468	1266	0.858
470	70	0.58
470	146	0.627
471	187	0.591
471	413	0.533
471	515	0.314
471	574	0.614
472	122	0.565
473	120	0.624
474	578	0.573
474	580	0
475	270	0
475	270	0
475	307	0
475	307	0
476	44	0.375
476	45	0.376
476	96	0.51
476	101	0.532
476	118	0.617
476	119	0.607
476	119	0.607
476	120	0.559
476	130	0.476
476	261	0.168
476	500	0.406
476	525	0.312
478	119	0.555
479	427	0.405
479	464	0.474
479	484	0.559
482	47	0.692
482	71	0
482	124	0.445
482	133	0.703
482	211	0.749
482	407	0.735
482	408	0.776
482	414	0.744
482	417	0.768
482	418	0.736
482	435	0.489
482	439	0.753
482	447	0.524
482	483	0.501
482	547	0.584
482	574	0.478
482	619	0.5
482	627	0.431
482	634	0.498
482	909	0
482	922	0.394
482	989	0.46
482	1113	0.509
482	1164	0.502
482	1247	0.749
482	1249	0.416
482	1257	0.549
483	22	0.41
483	36	0.567
483	116	0.563
483	348	0.445
483	479	0.364
483	486	0
483	575	0.43
484	48	0.597
484	56	0.513
484	57	0.578
484	58	0.542
484	59	0.508
484	60	0.552
484	61	0.336
484	119	0.471
484	242	0.518
484	267	0.527
484	413	0.554
484	471	0.584
484	476	0.593
484	538	0.177
484	695	0.56
484	1154	0.34
484	1261	0.562
484	1291	0.591
487	572	0.331
488	55	0.475
488	145	0.55
488	308	0.512
488	590	0.498
488	594	0.42
488	823	0.54
488	1031	0
489	261	0.145
489	1291	0.446
490	48	0.508
490	50	0.35
490	55	0.51
490	55	0.51
490	144	0.78
490	443	0.16
490	823	0.258
491	209	0.832
492	678	0.408
493	8	0.557
493	44	0.481
493	45	0.505
493	55	0.407
493	379	0.503
493	392	0.711
493	417	0.596
493	421	0.578
493	432	0.309
493	438	0.245
493	483	0.368
493	560	0.587
493	579	0.501
493	1062	0.219
494	421	0.577
496	275	0.259
496	296	0.284
496	297	0.331
496	312	0.286
497	448	0.434
497	1129	0.389
499	518	0.228
500	120	0.417
501	81	0.163
502	783	0
504	502	0.704
506	367	0.519
506	515	0.575
506	593	0.319
506	634	0.455
506	636	0.517
507	22	0.449
508	22	0.465
508	22	0.465
508	507	0.74
508	522	0
510	103	0.164
510	157	0.161
510	219	0.224
510	222	0
510	632	0.15
511	64	0.624
511	64	0.624
511	139	0.689
511	158	0.274
511	1168	0.275
512	202	0.508
512	202	0.508
513	13	0.36
514	216	0.525
514	1312	0.289
515	22	0.539
515	22	0.539
515	104	0.152
515	116	0.528
515	221	0.494
515	244	0.154
515	294	0.357
515	417	0.583
515	448	0.487
515	482	0.536
515	518	0.409
515	552	0.448
515	572	0.564
515	697	0.73
515	876	0.422
515	981	0
515	982	0
515	1130	0.389
516	552	0.472
516	554	0.388
517	284	0.321
517	518	0.571
518	20	0.221
518	103	0.223
518	164	0.213
518	168	0.798
518	219	0.223
518	284	0.249
518	288	0.349
518	367	0.287
518	448	0.168
518	507	0.462
518	519	0.855
518	519	0.855
518	522	0
518	608	0.31
519	22	0.227
519	283	0.177
519	507	0.462
519	518	0.855
521	55	0.513
521	76	0.311
521	130	0.448
521	144	0.61
521	145	0.395
521	165	0.459
521	447	0.44
521	476	0.574
521	541	0.289
521	616	0.319
522	58	0
522	71	0
522	72	0
522	74	0
522	143	0
522	164	0
522	197	0
522	208	0
522	209	0
522	209	0
522	211	0
522	282	0
522	307	0
522	373	0
522	409	0
522	448	0
522	457	0
522	488	0
522	552	0
522	559	0
522	560	0
522	572	0
522	593	0
522	594	0
522	629	0
522	985	0
522	1285	0
522	1294	0
522	1307	0
523	8	0.519
523	58	0.469
523	208	0.478
523	307	0.523
523	370	0.509
523	409	0.318
523	424	0.395
523	457	0.434
523	530	0.508
523	551	0.528
523	560	0.629
523	721	0.597
523	722	0.575
523	726	0.355
523	737	0.407
523	754	0.543
523	796	0
523	810	0.297
523	818	0.153
523	834	0.207
523	847	0.286
523	855	0.326
523	865	0.329
523	883	0.385
523	900	0.382
523	907	0.178
523	908	0.311
523	917	0.392
523	929	0
523	948	0.38
523	953	0.259
523	989	0.396
523	991	0.272
523	1016	0.463
523	1017	0.352
523	1045	0.389
526	796	0
527	202	0.33
527	202	0.33
527	666	0.519
529	248	0.316
530	164	0.309
530	367	0.494
530	518	0.343
530	878	0
530	981	0
533	71	0
533	164	0.339
533	206	0.353
533	367	0.635
533	515	0.741
533	518	0.326
533	522	0
533	878	0
533	981	0
533	981	0
535	529	0.284
536	443	0.788
537	114	0.484
537	484	0.544
539	28	0.381
540	55	0.18
541	22	0.338
541	53	0.355
541	53	0.355
541	55	0.361
541	130	0.314
541	165	0.422
541	190	0.192
541	379	0.203
541	429	0.211
541	551	0.273
541	648	0.35
541	756	0.381
542	165	0.358
543	28	0.311
543	87	0.408
544	335	0.392
544	348	0.519
544	407	0.465
544	619	0.661
544	632	0.346
547	332	0.467
548	119	0.254
549	154	0.317
549	695	0.434
550	118	0.146
551	233	0.591
551	515	0.566
551	518	0.313
551	519	0.271
551	982	0
552	197	0.623
552	249	0.416
552	302	0.433
552	378	0.521
552	414	0.417
552	419	0.489
552	482	0.532
552	572	0.538
552	602	0.532
552	632	0.598
552	688	0.417
552	891	0.249
554	146	0.472
554	260	0.478
554	470	0.57
554	646	0.479
554	876	0.518
558	67	0.59
559	58	0.275
559	59	0.249
560	55	0.608
560	403	0.566
560	417	0.701
560	418	0.678
561	86	0.68
562	563	0.544
563	22	0.34
563	116	0.489
563	116	0.489
563	572	0.384
564	562	0.498
567	565	0.563
569	761	0.568
570	219	0.403
570	572	0.435
570	578	0.414
571	154	0.434
572	28	0.379
572	219	0.548
572	220	0.593
572	282	0
572	421	0.385
572	434	0.188
572	444	0.252
572	448	0.43
572	482	0.543
572	487	0.331
572	493	0.605
572	515	0.564
572	560	0.64
572	564	0.337
572	632	0.638
572	703	0.368
572	761	0.434
572	1135	0.313
572	1266	0.619
573	22	0.361
573	572	0.423
573	1014	0.557
574	96	0.467
574	97	0.565
574	101	0.627
574	175	0.582
574	187	0.649
574	449	0.418
574	538	0.24
575	362	0.542
576	34	0.684
576	374	0.416
576	704	0.551
578	412	0.343
578	587	0.541
578	724	0
579	233	0.579
579	282	0
579	348	0.397
579	378	0.386
579	412	0.387
579	522	0
579	554	0.492
579	588	0.498
579	724	0
579	1285	0.357
580	581	0
582	297	0.294
582	526	0.248
582	526	0.248
582	579	0.342
585	454	0.363
585	497	0.346
585	1303	0.25
586	611	0.422
587	392	0.516
587	431	0.208
587	432	0.456
587	433	0.439
587	438	0.337
587	442	0.289
587	1388	0.294
587	1434	0.324
588	392	0.534
588	433	0.403
588	438	0.366
588	796	0
588	799	0.44
588	1000	0.392
589	249	0.305
591	55	0.499
591	144	0.815
591	253	0.793
591	1455	0.323
595	49	0.075
596	578	0.426
597	610	0
597	657	0
599	264	0.113
599	270	0.35
599	312	0.419
600	228	0.444
600	229	0.405
602	219	0.687
602	302	0.734
602	515	0.687
602	572	0.553
602	625	0.754
602	1305	0.581
603	376	0.628
603	377	0.691
603	602	0.649
603	638	0.414
603	697	0.55
603	1133	0.47
603	1308	0.445
603	1314	0.451
603	1390	0.317
603	1469	0.587
604	266	0.632
604	302	0.723
604	417	0.59
604	515	0.73
604	554	0.514
604	554	0.514
604	630	0.384
604	1432	0.581
605	339	0
606	522	0
607	611	0.372
607	1116	0.26
607	1412	0.396
607	1498	0.384
607	1603	0.315
611	428	0.433
611	612	0.78
612	113	0.382
612	675	0.439
612	897	0.506
612	1133	0.613
612	1412	0.409
612	1442	0
612	1524	0.514
613	47	0.545
614	609	0.575
615	610	0.647
615	611	0.639
616	290	0.58
616	291	0.675
616	292	0.513
616	611	0.402
616	627	0.286
616	661	0.219
616	811	0.581
616	1361	0.35
616	1544	0.28
617	57	0.349
617	421	0.448
617	801	0.406
618	617	0.763
619	216	0.604
619	1189	0.759
619	1287	0.731
620	117	0.336
620	159	0.218
623	465	0
624	672	0.444
624	679	0.619
624	815	0.584
624	1033	0.44
624	1394	0.372
624	1465	0.202
624	1469	0.353
624	1604	0.335
625	311	0.255
625	572	0.617
625	1014	0.88
626	483	0.679
626	483	0.679
628	627	0.651
629	593	0.507
630	93	0.563
630	196	0.357
630	269	0.462
630	302	0.461
630	553	0.093
632	70	0.51
632	93	0.561
632	197	0.608
632	233	0.67
632	376	0.396
632	417	0.587
632	470	0.62
632	474	0.402
632	533	0.63
632	552	0.598
632	554	0.514
632	572	0.638
632	579	0.575
632	602	0.604
632	605	0.313
632	636	0.497
632	641	0.556
632	698	0.615
632	754	0.554
632	754	0.554
632	795	0
632	818	0.178
632	847	0.279
632	861	0.732
632	865	0.369
632	900	0.361
632	930	0.44
632	948	0.397
632	1033	0.443
632	1050	0.205
632	1130	0.42
632	1140	0.568
632	1363	0.327
632	1412	0.519
632	1432	0.432
632	1454	0.464
632	1469	0.537
632	1522	0.422
632	1564	0.323
632	1604	0.432
633	274	0.661
634	1232	0.551
635	1232	0.863
636	271	0.172
636	372	0.387
636	634	0.616
639	154	0.496
639	616	0.54
639	715	0.505
639	1400	0.624
639	1465	0.373
639	1469	0.498
639	1552	0
640	152	0.476
641	63	0.4
641	388	0.581
641	533	0.553
641	602	0.555
641	697	0.541
641	1083	0.305
641	1284	0.572
641	1308	0.546
643	419	0.956
643	454	0.507
643	455	0.576
643	482	0.737
643	645	0.91
644	645	0.913
645	378	0.732
645	379	0.822
645	417	0.779
645	419	0.87
645	420	0.847
645	429	0.829
645	454	0.525
645	455	0.566
645	616	0.328
645	643	0.91
645	1130	0.494
645	1454	0.512
650	282	0
651	471	0.411
653	551	0.294
653	551	0.294
654	28	0.22
654	287	0.275
654	374	0.202
655	28	0.454
655	287	0.346
655	374	0.402
656	657	0.636
657	610	0.654
657	611	0.565
657	645	0.488
657	658	0.682
657	1366	0.514
657	1409	0.653
657	1420	0.394
657	1526	0.313
658	643	0.299
658	657	0.682
658	659	0.592
658	1391	0
658	1406	0.223
658	1409	0.553
659	656	0.481
660	350	0.484
660	377	0.489
661	1133	0.413
670	672	0.504
670	673	0.296
672	379	0.521
672	679	0.719
673	681	0.295
674	551	0.321
679	232	0.606
679	585	0.64
679	681	0.665
681	46	0.573
681	46	0.573
681	125	0.324
681	348	0.542
681	396	0.283
681	417	0.537
681	425	0.21
681	425	0.21
681	448	0.51
681	484	0.537
681	645	0.661
681	787	0.574
681	1561	0.539
683	193	0.158
683	351	0.786
683	419	0.777
683	421	0.667
683	643	0.791
683	644	0.814
683	645	0.86
685	572	0.453
687	322	0.38
688	1323	0.346
689	688	0.589
689	1011	0.318
691	270	0.263
692	471	0.44
693	502	0.624
693	650	0.732
694	634	0.428
694	635	0.713
694	637	0.591
695	57	0.479
695	167	0.613
695	186	0.214
695	398	0.429
695	478	0.624
697	22	0.52
697	572	0.599
697	578	0.494
697	579	0.551
698	22	0.488
698	36	0.542
698	116	0.604
698	572	0.61
700	325	0.548
701	22	0.552
701	22	0.552
701	233	0.702
701	515	0.501
701	533	0.559
701	602	0.563
705	81	0.15
706	28	0.319
706	750	0.74
707	28	0.264
708	28	0.217
709	710	0.88
710	256	0.702
710	256	0.702
710	1465	0.443
711	20	0.328
711	28	0.358
711	335	0.424
712	465	0
713	62	0.475
713	87	0.546
713	89	0.527
713	91	0.584
713	91	0.584
713	131	0.509
713	378	0.584
713	643	0.558
713	645	0.539
713	1258	0.432
714	192	0.266
714	698	0.458
714	1083	0.346
714	1308	0.518
715	117	0.347
716	851	0.55
716	857	0
717	853	0
717	857	0
718	523	0
720	81	0.241
721	81	0.229
722	81	0.24
723	733	0.471
723	901	0.61
723	902	0.471
723	903	0.453
725	790	0.57
725	818	0.3
725	847	0.272
727	716	0
727	717	0
728	763	0
731	270	0.477
731	289	0.494
731	857	0
732	851	0.492
732	852	0.336
732	857	0
733	1047	0
736	1045	0.483
736	1069	0.157
737	1047	0
739	778	0
739	779	0
742	154	0.221
743	91	0.4
743	131	0.452
743	1265	0.438
744	93	0.541
744	698	0.667
746	745	0
747	745	0
749	745	0
750	724	0
752	58	0.129
752	560	0.135
753	58	0.44
753	59	0.488
753	90	0.484
754	18	0.503
754	54	0.513
754	270	0.504
754	803	0.403
754	902	0.523
754	924	0.456
754	1125	0.935
754	1133	0.405
755	1080	0.356
756	18	0.415
756	46	0.384
756	54	0.509
756	181	0
756	256	0.422
756	264	0.744
756	348	0.448
756	370	0.383
756	417	0.452
756	482	0.497
756	515	0.389
756	560	0.511
756	579	0.419
756	632	0.5
756	924	0.415
756	960	0.435
756	970	0.392
756	1133	0.527
756	1236	0.455
756	1236	0.455
756	1277	0
757	56	0.656
757	57	0.73
757	58	0.528
757	59	0.612
757	1148	0.596
757	1248	0.558
758	1037	0
759	270	0.215
759	289	0.215
759	851	0.276
759	857	0
760	759	0
761	403	0.639
761	417	0.596
761	418	0.595
763	1030	0
764	769	0.153
765	55	0
765	144	0
765	165	0
765	368	0
765	447	0
765	457	0
765	648	0
765	770	0
765	847	0
765	874	0
765	900	0
765	907	0
765	948	0
765	1060	0
765	1062	0
765	1083	0
766	368	0
766	409	0
766	432	0
766	457	0
766	530	0
766	573	0
766	720	0
766	726	0
766	729	0
766	754	0
766	765	0
766	769	0
766	770	0
766	771	0
766	803	0
766	806	0
766	823	0
766	880	0
766	917	0
766	928	0
766	948	0
766	955	0
766	962	0
766	963	0
766	964	0
766	991	0
766	1006	0
766	1014	0
766	1023	0
766	1026	0
766	1027	0
766	1030	0
766	1050	0
766	1084	0
769	144	0.511
769	457	0.319
769	573	0.477
769	645	0.454
769	737	0.612
769	894	0.434
769	907	0.181
769	953	0.343
769	994	0.441
769	1008	0
769	1024	0.41
769	1030	0.211
769	1035	0.337
769	1051	0.361
769	1062	0.46
769	1065	0.382
769	1067	0.375
769	1069	0.28
769	1078	0.407
769	1432	0.389
770	144	0.662
770	145	0.527
770	457	0.394
770	1062	0.357
771	22	0.424
771	79	0.5
771	770	0.419
772	79	0.366
772	769	0.417
772	770	0.334
773	1025	0.341
774	1014	0.321
775	447	0
775	648	0
775	740	0
775	811	0
775	877	0
775	991	0
775	1069	0
775	1073	0
777	260	0.411
778	851	0.53
778	852	0.777
778	857	0
779	851	0.448
779	852	0.605
779	857	0
780	146	0.406
780	197	0.382
780	260	0.418
780	302	0.482
780	389	0.369
780	515	0.388
780	602	0.432
780	632	0.403
780	698	0.487
780	1432	0.482
781	560	0.23
782	523	0
782	781	0
782	993	0
782	994	0
783	501	0
783	965	0
783	966	0
783	986	0
786	1064	0
787	87	0.524
787	89	0.459
787	90	0.674
787	131	0.476
787	1144	0.59
792	724	0
793	374	0.479
796	433	0
799	1083	0.351
800	857	0
800	953	0.504
801	28	0.259
802	851	0.452
802	853	0
802	857	0
803	851	0.389
803	852	0.32
803	854	0.295
803	857	0
804	302	0.39
804	851	0.411
804	852	0.336
804	857	0
806	1069	0.278
807	28	0
808	926	0
810	164	0.193
811	53	0.515
811	495	0.419
814	928	0.491
815	1015	0.475
816	851	0.427
816	852	0.433
816	857	0
820	202	0.442
820	648	0.292
820	1615	0.402
823	822	0.616
824	745	0
826	828	0.378
829	1392	0.386
829	1400	0.487
829	1469	0.463
829	1552	0
830	816	0.88
830	888	0.833
830	923	0.833
830	950	0.833
831	815	0.467
831	1015	0.426
832	831	0
833	611	0.382
835	154	0.433
836	374	0.607
838	851	0.467
838	853	0
838	854	0.569
838	857	0
840	270	0.451
840	857	0
841	853	0
841	857	0
842	765	0
844	208	0.776
846	848	0
847	785	0
848	852	0.612
848	857	0
850	270	0.533
851	721	0.59
851	722	0.546
853	720	0
853	721	0
853	722	0
854	720	0.505
854	722	0.518
856	846	0
857	370	0
857	515	0
857	530	0
857	720	0
857	721	0
857	754	0
857	860	0
857	890	0
857	953	0
857	997	0
857	1015	0
857	1069	0
858	1019	0.185
860	992	0
862	457	0.595
863	424	0
863	737	0
863	883	0
863	917	0
863	948	0
864	865	0
864	948	0
866	864	0
867	515	0.385
869	22	0.272
869	36	0.923
869	116	0.352
871	533	0.515
871	1408	0.285
871	1436	0.364
871	1540	0.357
872	934	0
873	1030	0.27
874	993	0.343
876	22	0.461
876	307	0.413
876	796	0
876	1130	0.364
877	993	0.239
878	368	0
880	1014	0.544
881	468	0.654
881	515	0.584
881	1272	0.609
882	378	0.367
882	379	0.478
882	429	0.438
882	482	0.356
882	573	0.448
882	812	0.343
882	921	0.456
882	1078	0.415
885	992	0
886	992	0
887	992	0
888	851	0.521
888	852	0.549
888	857	0
889	560	0.459
890	992	0
891	992	0
892	992	0
893	992	0
894	992	0
895	703	0.436
896	36	0.73
898	427	0.333
899	256	0.202
900	71	0
901	270	0.478
901	289	0.565
901	857	0
902	851	0.541
902	852	0.696
902	857	0
903	821	0
903	851	0.528
903	857	0
910	220	0.306
910	379	0.301
910	429	0.314
910	998	0.312
910	1250	0.447
911	482	0.487
912	482	0.515
913	379	0.301
914	379	0.548
914	429	0.522
914	911	0.687
914	1250	0.422
915	379	0.546
915	429	0.609
915	911	0.672
915	912	0.533
917	851	0.612
917	852	0.415
917	857	0
919	378	0.433
919	405	0.462
919	406	0.61
919	407	0.46
919	482	0.398
919	1236	0.488
919	1268	0.409
920	379	0.549
920	429	0.57
920	1002	0.351
921	379	0.549
922	208	0.415
923	851	0.473
923	852	0.442
923	857	0
925	220	0.321
925	403	0.264
928	1069	0.278
932	769	0.275
933	737	0.253
934	87	0.523
934	89	0.463
934	91	0.39
935	181	0
935	256	0.472
938	8	0.495
938	493	0.644
938	1264	0.485
940	54	0.293
940	731	0.353
940	732	0.374
943	1014	0.407
948	71	0
948	533	0.421
948	1034	0.448
949	977	0
950	851	0.476
950	852	0.66
950	857	0
952	217	0.486
953	71	0
954	55	0.458
954	370	0.367
954	447	0.427
954	560	0.463
954	761	0.381
954	792	0.362
954	843	0.403
954	956	0.326
954	1027	0
957	530	0
957	993	0
957	1042	0
958	959	0.205
959	270	0.423
959	851	0.462
959	852	0.602
959	857	0
960	270	0.345
960	857	0
961	1133	0.564
962	783	0
963	783	0
964	783	0
965	81	0.139
966	81	0.146
967	81	0.061
968	81	0.185
969	81	0
970	81	0.124
971	783	0
972	973	0.706
973	533	0.667
973	604	0.593
973	744	0.411
974	936	0
975	22	0.633
975	488	0.624
975	490	0.575
975	522	0
975	523	0.62
975	1028	0.55
975	1130	0.439
975	1282	0.626
976	1011	0.308
976	1013	0.478
977	783	0
979	917	0.355
980	133	0.442
980	154	0.301
981	22	0
981	87	0
981	90	0
981	91	0
981	164	0
981	284	0
981	706	0
981	749	0
981	754	0
981	818	0
981	860	0
981	991	0
981	1008	0
981	1030	0
982	22	0
982	523	0
982	698	0
982	749	0
982	876	0
982	975	0
982	1042	0
983	981	0
984	54	0.393
984	55	0.485
984	94	0.462
984	144	0.543
984	165	0.392
984	368	0.631
984	447	0.367
984	448	0.441
984	457	0.472
984	482	0.552
984	530	0.472
984	533	0.595
984	560	0.594
984	560	0.594
984	569	0.603
984	632	0.536
984	648	0.247
984	726	0.371
984	737	0.395
984	751	0.355
984	761	0.464
984	771	0.42
984	802	0.413
984	837	0.375
984	847	0.323
984	865	0.401
984	874	0.407
984	883	0.379
984	886	0.268
984	894	0.249
984	900	0.523
984	907	0.179
984	917	0.307
984	927	0.44
984	948	0.382
984	965	0.441
984	966	0.36
984	970	0.524
984	971	0.202
984	991	0.331
984	997	0.438
984	1008	0
984	1011	0.255
984	1025	0.355
984	1046	0.3
984	1051	0.377
984	1060	0.166
984	1062	0.272
984	1277	0
984	1278	0.383
985	954	0.446
985	1432	0.403
986	144	0.454
986	457	0.352
986	728	0.402
986	917	0.403
986	971	0.405
987	984	0.503
988	202	0
989	718	0
991	71	0
993	58	0.314
993	144	0.379
993	769	0.435
993	792	0.273
993	948	0.322
994	22	0.39
994	55	0.415
994	58	0.399
994	79	0.35
994	144	0.488
994	307	0.472
994	470	0.49
994	770	0.46
994	792	0.343
994	900	0.331
994	945	0.199
994	948	0.416
995	53	0.45
995	55	0.397
996	648	0.289
997	71	0
999	1033	0.462
1000	724	0
1000	981	0
1002	905	0
1003	365	0.453
1005	260	0.285
1005	389	0.221
1005	632	0.227
1007	1006	0.356
1008	1006	0
1009	260	0.153
1011	560	0.294
1011	564	0.241
1011	761	0.298
1012	569	0.489
1012	1011	0.282
1013	564	0.361
1013	1014	0.477
1014	515	0.731
1014	560	0.754
1014	564	0.577
1014	761	0.626
1014	1255	0.495
1015	22	0.442
1015	572	0.455
1015	1014	0.475
1016	1014	0.748
1017	1011	0.308
1017	1014	0.548
1019	302	0.338
1019	602	0.317
1020	270	0.429
1020	289	0.421
1020	851	0.363
1021	270	0.406
1022	560	0.504
1025	928	0.462
1025	954	0.408
1025	1006	0.663
1025	1008	0
1025	1045	0.662
1025	1065	0.677
1027	1014	0
1028	55	0.51
1028	144	0.825
1028	586	0.427
1028	823	0.275
1028	1031	0
1029	71	0
1030	71	0
1031	594	0
1032	1053	0
1033	94	0.493
1035	883	0.401
1038	758	0.123
1038	1037	0
1040	838	0
1040	839	0
1040	840	0
1040	841	0
1041	483	0.313
1042	377	0.359
1042	630	0.64
1042	734	0.286
1042	1019	0.315
1043	698	0.549
1044	59	0.483
1045	953	0.466
1046	722	0.329
1046	1045	0.576
1047	856	0
1047	860	0
1048	1030	0.499
1049	1011	0.302
1051	993	0.349
1053	936	0
1053	1054	0.757
1054	1037	0
1055	1057	0
1055	1058	0
1057	851	0.56
1057	852	0.637
1057	857	0
1058	851	0.54
1058	852	0.604
1058	857	0
1058	1042	0.485
1060	220	0.146
1060	1443	0.394
1060	1444	0.385
1061	1065	0
1062	724	0
1062	854	0.442
1065	900	0.337
1065	1029	0.414
1065	1069	0.28
1067	1014	0.364
1068	1069	0.185
1069	890	0.28
1069	953	0.28
1072	641	0
1074	633	0.547
1074	898	0.502
1077	44	0.568
1077	778	0.247
1078	22	0.37
1080	260	0.528
1080	370	0.466
1080	602	0.554
1080	881	0.451
1082	960	0.192
1083	818	0.28
1085	724	0
1086	56	0
1086	56	0
1086	57	0
1086	801	0
1088	374	0.558
1089	47	0.277
1090	256	0.616
1090	899	0.19
1113	208	0.424
1115	216	0.593
1115	1287	0.659
1125	756	0.93
1126	28	0.343
1126	801	0.364
1128	1483	0.507
1130	55	0.378
1130	55	0.378
1130	57	0.415
1130	91	0.502
1130	307	0.349
1130	688	0.318
1130	713	0.358
1130	843	0.345
1130	966	0.299
1132	28	0.387
1133	268	0.39
1133	289	0.365
1133	634	0.546
1133	843	0.494
1133	1140	0.34
1133	1488	0.442
1133	1614	0.328
1135	417	0.416
1135	1618	0.538
1137	22	0.39
1137	116	0.483
1137	493	0.353
1139	713	0.568
1140	471	0.385
1140	1133	0.34
1141	57	0.517
1143	28	0.799
1145	57	0.505
1147	801	0.245
1148	55	0.392
1148	56	0.463
1148	57	0.473
1148	60	0.533
1148	61	0.41
1148	757	0.596
1149	641	0.395
1150	90	0.558
1151	57	0
1152	58	0.459
1152	59	0.588
1152	1148	0.542
1152	1248	0.506
1153	58	0.575
1153	59	0.621
1154	58	0.416
1154	59	0.5
1155	801	0.277
1156	71	0
1156	417	0.535
1156	754	0.489
1156	1313	0.251
1157	57	0.306
1158	154	0.379
1159	468	0.641
1159	697	0.753
1160	1161	0.615
1162	1153	0.366
1163	710	0.591
1165	91	0.172
1166	154	0.266
1166	181	0
1167	60	0
1168	511	0.275
1169	55	0
1169	447	0
1171	1116	0.357
1171	1133	0.511
1171	1344	0.356
1171	1396	0.481
1171	1468	0.312
1171	1496	0.429
1171	1497	0.429
1171	1498	0.452
1172	71	0
1173	57	0.438
1173	59	0.451
1173	87	0.433
1174	1161	0.602
1175	1129	0.284
1176	515	0.284
1176	533	0.307
1176	697	0.399
1176	1308	0.435
1177	216	0.562
1177	710	0.537
1178	243	0.652
1180	28	0.555
1180	91	0.602
1182	57	0.447
1183	57	0.231
1184	1152	0.754
1185	379	0.522
1185	429	0.484
1189	216	0.702
1190	468	0.603
1191	90	0.123
1191	232	0.078
1192	1193	0.689
1192	1212	0.361
1193	533	0.491
1193	602	0.46
1193	1196	0.348
1193	1313	0.263
1194	90	0.607
1195	256	0.517
1195	710	0.552
1196	302	0.695
1196	604	0.621
1197	1271	0.17
1199	9	0.254
1200	504	0.274
1201	9	0.219
1201	9	0.219
1201	197	0.232
1201	515	0.287
1201	572	0.243
1201	754	0.269
1201	1207	0.334
1201	1283	0.217
1203	578	0.652
1205	471	0.257
1207	197	0.552
1208	560	0.478
1209	58	0.294
1209	59	0.415
1209	1148	0.413
1211	1129	0
1212	1192	0.361
1212	1193	0.277
1213	641	0
1214	603	0.307
1215	154	0.433
1216	181	0
1217	1218	0.557
1218	376	0.744
1218	694	0.691
1219	1231	0.722
1220	1221	0.935
1220	1222	0.546
1221	377	0.935
1221	694	0.748
1221	1224	0.935
1222	1224	0.822
1223	1235	0.449
1224	376	0.603
1224	1221	0.935
1224	1223	0.943
1225	376	0.438
1226	713	0.307
1227	652	0.367
1228	365	0.676
1229	683	0.585
1230	369	0.713
1230	1229	0.453
1233	533	0.606
1235	376	0.485
1236	47	0.856
1236	133	0.88
1236	447	0.644
1236	484	0.423
1236	602	0.631
1236	1299	0.14
1238	57	0.242
1240	154	0
1241	87	0.449
1241	89	0.446
1241	91	0.406
1242	1187	0.133
1243	53	0.354
1243	256	0.394
1243	710	0.375
1244	379	0.403
1244	429	0.401
1245	378	0.714
1245	407	0.806
1245	1236	0.843
1246	59	0.586
1247	332	0.452
1248	56	0.52
1248	57	0.518
1248	757	0.558
1248	801	0.246
1248	1155	0.575
1249	133	0.377
1250	221	0.694
1252	219	0.691
1252	220	0.733
1252	378	0.739
1252	407	0.852
1252	1236	0.889
1253	219	0.666
1253	220	0.71
1254	219	0.372
1254	220	0.383
1255	379	0.413
1255	429	0.464
1256	417	0.486
1256	418	0.531
1257	144	0.592
1257	201	0.464
1257	1142	0.486
1260	60	0.626
1261	56	0.602
1261	57	0.673
1261	58	0.578
1261	59	0.611
1261	1248	0.475
1262	743	0.574
1263	28	0.237
1264	724	0
1265	713	0.509
1265	743	0.438
1265	1206	0.501
1266	1271	0.354
1266	1279	0
1267	1209	0.198
1269	1266	0.514
1270	216	0.361
1270	1312	0.253
1271	1266	0.354
1272	1266	0.888
1273	219	0.281
1273	220	0.262
1276	181	0
1277	81	0
1278	1292	0.821
1280	612	0.541
1280	634	0.594
1281	55	0.409
1282	488	0.543
1282	1552	0
1283	164	0.413
1283	981	0
1283	981	0
1284	164	0.289
1287	216	0.683
1288	57	0.285
1289	543	0.67
1290	376	0.45
1290	634	0.341
1290	694	0.47
1291	57	0.732
1291	58	0.57
1291	59	0.568
1291	1148	0.482
1291	1248	0.504
1292	1202	0.974
1293	1240	0
1294	572	0.449
1295	216	0.815
1296	268	0.218
1296	270	0.221
1296	1199	0.339
1297	216	0.543
1300	302	0.466
1300	533	0.542
1300	602	0.494
1300	1197	0.323
1300	1271	0.304
1301	181	0
1301	256	0.626
1302	1138	0.078
1304	1115	0.455
1304	1312	0.212
1304	1441	0.407
1306	216	0.462
1309	154	0.437
1309	216	0.586
1310	365	0.33
1310	376	0.446
1310	377	0.42
1312	216	0.291
1312	1270	0.253
1313	476	0.225
1313	634	0.209
1315	1231	0.772
1317	697	0.616
1317	815	0.544
1318	216	0
1323	201	0.408
1323	488	0.429
1324	417	0.295
1324	418	0.259
1325	1154	0.2
1328	683	0.457
1330	713	0.277
1331	379	0.485
1331	429	0.558
1334	1396	0.502
1335	1116	0.468
1337	829	0.321
1337	1469	0.441
1352	1133	0.204
1356	1604	0.296
1360	1545	0.4
1360	1625	0.383
1366	611	0.402
1366	612	0.388
1366	1412	0.399
1370	1442	0
1376	1432	0.34
1377	811	0.34
1377	1412	0.331
1380	604	0.226
1380	710	0.292
1380	1441	0.197
1380	1567	0.39
1382	612	0.464
1386	1412	0.489
1387	811	0
1389	1391	0
1391	1133	0
1392	1460	0.396
1392	1461	0.289
1393	710	0.157
1414	811	0.458
1414	1405	0.299
1414	1432	0.3
1423	1116	0.358
1424	633	0.565
1424	811	0.58
1424	1400	0.676
1424	1412	0.383
1432	602	0.565
1432	603	0.478
1432	634	0.404
1432	636	0.414
1432	698	0.574
1432	867	0.342
1432	990	0.451
1432	1015	0.44
1432	1372	0.419
1432	1411	0.393
1432	1412	0.428
1432	1472	0.233
1432	1486	0.349
1432	1550	0.343
1432	1591	0.286
1432	1604	0.375
1443	604	0.158
1443	636	0.171
1443	867	0.105
1443	1060	0.394
1443	1455	0.623
1443	1525	0.349
1443	1540	0.299
1443	1603	0.243
1443	1610	0.29
1444	586	0.322
1444	610	0.268
1444	611	0.24
1444	636	0.202
1444	867	0.132
1444	1060	0.385
1444	1133	0.279
1444	1375	0.353
1444	1525	0.343
1444	1540	0.293
1444	1554	0.296
1444	1564	0.162
1444	1603	0.291
1444	1610	0.33
1444	1611	0.315
1454	1562	0.498
1469	634	0.488
1469	638	0.375
1469	697	0.507
1469	1586	0.254
1469	1587	0.248
1469	1591	0.387
1475	1116	0.46
1475	1496	0.559
1484	1396	0
1484	1467	0
1484	1496	0
1486	612	0.48
1487	1465	0.377
1501	1116	0.436
1507	1133	0.417
1515	897	0.248
1515	1604	0.333
1523	611	0.425
1523	811	0.441
1523	867	0.327
1523	1116	0.49
1523	1363	0.255
1523	1396	0.562
1523	1467	0.547
1523	1510	0.475
1523	1525	0.446
1525	769	0.468
1525	1352	0.288
1530	1392	0.446
1530	1464	0.4
1530	1465	0.264
1531	1392	0.363
1531	1400	0.429
1531	1552	0
1536	815	0.813
1536	1469	0.351
1538	1522	0.206
1540	871	0.357
1540	1443	0.299
1540	1444	0.293
1545	616	0.251
1546	616	0.166
1546	1540	0.219
1547	1524	0.864
1547	1545	0.08
1547	1625	0.28
1554	751	0.198
1554	769	0.194
1554	906	0.454
1554	1352	0.143
1554	1406	0.13
1554	1412	0.31
1554	1496	0.216
1561	661	0.443
1562	897	0.419
1562	1491	0.46
1562	1604	0.47
1571	615	0.545
1571	657	0.491
1579	908	0.142
1579	1618	0.166
1581	1401	0.464
1589	1443	0
1591	1250	0.473
1614	1133	0.328
1614	1618	0.597
1615	622	0.486
1616	610	0.364
1617	610	0.55
1618	1443	0.332
1618	1444	0.284
1619	1443	0.297
1619	1444	0.38
1625	1523	0.535
1634	1561	0.374
