10971	572	0.07
10971	572	0.07
10971	581	0.084
10971	596	0.08
10971	2309	0.064
10971	2308	0.085
7128	1843	0.208
7128	7186	0.198
7128	7189	0.243
5345	3936	0.069
4961	397	0
4961	2932	0
4961	4137	0
25	1020	0.17
25	1398	0.1
25	5599	0.178
25	1029	0.11
25	7161	0.128
25	5829	0.095
25	5888	0.215
25	5883	0.199
25	7410	0.058
25	1796	0.102
25	7158	0.065
427	51761	0
427	820	0
427	2588	0.218
1145	808	0
71	317	0.058
87	280979	0
87	7791	0.157
8038	1950	0.073
4303	355	0.102
185	0	0
185	3716	0.11
186	4683	0.069
11214	387	0.103
207	4303	0.096
207	572	0.22
207	572	0.22
207	842	0.162
207	842	0.162
207	1385	0.082
207	2309	0.103
207	5871	0.253
207	2908	0.058
207	2931	0.209
207	2932	0.204
207	2932	0.204
207	2792	0.155
207	3320	0.258
207	3551	0.227
207	1147	0.201
207	8517	0.109
207	4193	0.211
207	4214	0.209
207	4293	0.259
207	2475	0.181
207	4846	0.174
207	5058	0.182
207	5894	0.213
207	5894	0.213
207	5879	0.187
207	6647	0.194
207	6774	0.102
207	7015	0.198
207	7248	0.097
207	280979	0
207	2308	0.107
207	4216	0.176
207	4294	0.212
207	4294	0.212
207	7158	0.055
207	4296	0.247
657	1386	0.107
353	5562	0.172
5562	31	0.128
5562	1026	0.209
4878	2983	0
317	842	0.146
317	54205	0.077
317	57591	0.069
324	8312	0.227
324	1499	0.136
333	7314	0.102
375	5581	0.132
375	5333	0.102
392	387	0.068
392	9475	0.05
392	11113	0.061
392	5305	0
393	387	0.081
394	29984	0.499
394	387	0.201
395	387	0.058
9138	392	0.07
9138	387	0.07
9826	387	0.068
7984	387	0.07
405	196	0.354
10097	280979	0
4217	5599	0.287
4217	6416	0.154
4217	5606	0.102
4217	5608	0.102
4217	5609	0.31
1386	3725	0.417
1386	3458	0.102
1386	3558	0.043
1386	3565	0.046
1386	0	0
1386	7193	0
472	25	0.167
472	672	0.12
472	675	0.154
472	1111	0.246
472	11200	0.226
472	2177	0.068
472	4683	0.196
472	4790	0.057
472	7157	0.118
472	7157	0.118
51761	820	0
51761	820	0
51761	842	0
545	472	0.285
545	672	0.113
545	1111	0.246
545	11200	0.179
545	2177	0.073
545	7157	0.074
545	1263	0.208
545	5884	0.102
551	0	0
8312	1499	0.258
8312	2931	0.142
8312	4214	0.175
8312	4216	0.118
154	0	0
154	0	0
572	578	0.077
572	581	0.156
572	596	0.112
572	596	0.112
572	598	0.142
572	598	0.142
572	842	0.193
572	599	0.074
578	572	0.077
578	598	0.279
578	56616	0.102
578	1329	0
581	572	0.156
581	578	0.248
581	596	0.315
581	596	0.315
581	56616	0.102
581	1329	0
596	317	0.088
596	572	0.112
596	578	0.209
596	581	0.315
596	598	0.329
596	637	0.08
596	638	0.102
596	6609	0.102
596	10018	0.08
596	1329	0
596	9445	0.075
596	5366	0.102
598	317	0.084
598	572	0.142
598	578	0.279
598	581	0.341
598	596	0.329
598	637	0.102
598	638	0.102
598	638	0.102
598	54205	0.076
598	7157	0.19
598	10018	0.102
598	1329	0
598	79370	0.185
598	666	0.271
598	5366	0.102
637	578	0.102
637	581	0.084
637	1329	0
637	7417	0.076
638	596	0.102
638	598	0.102
332	56616	0.102
332	331	0.162
332	56604	0
29760	2885	0.263
29760	7409	0.068
29760	5336	0.068
659	1386	0.069
695	355	0.099
695	5335	0.101
695	5336	0.113
8945	1499	0.081
8945	1499	0.081
2889	5906	0.324
2889	54386	0.102
2889	4893	0.102
0	824	0
0	889	0
0	816	0
0	0	0
0	1452	0
0	1455	0
0	30818	0
0	2978	0
0	4772	0
0	4790	0
0	4846	0
0	50818	0
0	5578	0
0	5319	0
0	5524	0
0	2185	0
0	111	0
0	89	0
0	801	0
0	821	0
0	811	0
0	10156	0
0	8448	0
0	1759	0
0	3208	0
0	23413	0
0	22895	0
0	10125	0
0	6717	0
0	9900	0
0	6853	0
0	6857	0
0	7447	0
0	4934	0
23523	10014	0
23523	0	0
790	1676	0.102
5535	23523	0
5535	4772	0
5535	4842	0
823	581	0.073
823	637	0.076
823	23523	0
823	842	0.243
823	5747	0.12
823	5829	0.081
823	5879	0.129
823	387	0.157
823	7094	0.073
823	4137	0.073
823	7430	0.075
823	2890	0.044
823	4133	0.061
823	2903	0.041
823	6712	0
824	23523	0
824	5747	0.169
824	5829	0.147
824	7094	0.126
831	823	0.049
831	7430	0.156
889	23523	0.359
889	5535	0
889	8536	0.064
889	4772	0.056
889	2185	0.041
8536	1385	0.041
8536	10014	0.101
8536	4208	0.044
8536	9734	0.108
8536	5879	0.108
8536	6853	0.058
816	1385	0.102
816	4137	0.102
820	10411	0.102
820	5567	0.102
820	5567	0.102
820	5576	0.102
820	11069	0.102
820	5566	0.102
820	1260	0.043
10487	4661	0
10487	4661	0
10498	1387	0.22
10498	1499	0.127
10498	2033	0.259
843	317	0.056
843	836	0.44
843	2188	0.102
843	248	0.182
843	7157	0.145
835	637	0.085
835	4000	0.068
836	317	0.027
836	317	0.027
836	572	0.036
836	581	0.05
836	596	0.054
836	598	0.059
836	637	0.038
836	790	0.156
836	839	0.394
836	840	0.426
836	841	0.442
836	5591	0.133
836	5747	0.131
836	6711	0.035
836	6711	0.035
836	2620	0
836	2934	0.031
836	2934	0.031
836	1676	0.102
836	1676	0.102
836	4214	0.139
836	5062	0.125
836	142	0.122
836	5925	0.053
836	6093	0.143
836	331	0.126
836	10018	0.038
836	0	0
836	1982	0.033
836	4207	0
836	5305	0.155
836	10887	0
836	5527	0.025
836	22985	0.166
836	4170	0.046
836	4719	0.126
839	836	0.394
839	1676	0.102
839	4000	0.051
839	4000	0.051
839	4001	0
839	84823	0
839	5058	0.129
840	790	0.135
840	790	0.135
840	842	0.271
840	5747	0.123
840	1676	0.102
840	142	0.112
840	4207	0
840	10887	0
841	4217	0.136
841	4217	0.136
841	637	0.055
841	843	0.558
841	836	0.442
841	248	0.189
841	9525	0.166
841	8737	0.209
841	10887	0
841	9191	0.05
842	836	0.326
842	836	0.326
842	839	0.254
842	839	0.254
842	840	0.271
847	6098	0.135
867	1956	0.118
867	5335	0.133
867	7535	0.133
867	916	0.17
867	2263	0.136
867	10818	0.148
1387	3725	0.338
1387	1499	0.222
1387	2002	0.191
1387	2099	0.247
1387	7088	0.255
1387	3932	0.096
1387	8874	0.048
1387	8850	0.298
1387	6932	0.143
1387	10011	0.167
890	983	0.102
890	1017	0.102
890	1019	0.102
890	1021	0.102
890	1869	0.102
891	983	0.051
595	1869	0.126
595	5925	0.229
595	5925	0.229
894	5925	0.143
896	5925	0.143
898	5925	0.218
0	1385	0
0	3708	0
929	7097	0.368
929	7099	0.428
948	1432	0.09
920	7535	0.09
5788	3932	0.235
995	983	0.132
995	983	0.132
993	1017	0.068
993	1021	0.075
995	983	0.132
997	898	0.061
997	1869	0.056
998	5871	0.229
998	4214	0.191
998	4293	0.156
998	5058	0.111
998	8936	0.149
998	4216	0.107
998	4294	0.144
998	4294	0.144
998	7454	0.203
998	10188	0.131
998	4296	0.228
983	572	0.039
983	891	0.051
983	5347	0.262
1017	1869	0.055
1017	5715	0.058
1017	5925	0.067
1020	317	0.041
1020	84152	0
1020	5604	0.234
1020	5058	0.224
1020	4137	0.057
1020	282378	0
1020	4744	0.054
1021	596	0.089
1021	5925	0.094
1022	1017	0.197
1050	3725	0.28
1111	995	0.125
1111	995	0.125
1111	5545	0
1111	7157	0.073
11200	672	0.182
11200	5545	0
11200	7157	0.193
1123	5879	0.102
8646	659	0.076
56616	332	0.102
56616	248	0.102
56616	331	0.102
56616	330	0.102
56616	79444	0.102
329	836	0.116
329	840	0.102
3725	1385	0.434
3725	10018	0.052
3725	8739	0.102
1452	4772	0.045
1452	11076	0.068
1452	7157	0.073
1455	84152	0
1456	1409	0
1456	5187	0
1457	324	0.083
1457	637	0.085
1457	638	0.102
1457	8215	0
1457	5601	0.188
1457	5601	0.188
1457	6722	0.054
1457	7471	0.082
9575	406	0.329
4609	1029	0.17
4609	6667	0.316
1073	317	0.102
1385	1387	0.376
1385	2668	0.049
1385	0	0
1385	8660	0.102
1385	2959	0.119
1385	6872	0.232
1390	1385	0.188
1390	30818	0.272
1398	25	0.1
1398	2889	0.081
1398	1793	0.081
1398	11184	0.056
1398	9743	0.102
1399	2889	0.058
1399	1793	0.058
1409	581	0.159
1409	598	0.184
1436	2113	0.056
1436	6196	0.225
1445	5747	0.194
1445	3932	0.23
1445	4067	0.256
1445	5829	0.087
1445	6714	0.184
1487	3172	0.169
1487	8204	0.176
5932	672	0.187
1499	1387	0.222
1499	9734	0.205
1499	3172	0.181
1499	7314	0.102
1499	51176	0.186
1499	51176	0.186
1499	6932	0.112
54205	317	0.077
54205	834	0.12
54205	56616	0.102
54205	5187	0.097
25802	820	0
28503	5495	0
1605	1040	0
1605	50818	0
1605	5578	0.07
1605	10125	0.034
84152	1020	0
84152	2644	0
84152	5464	0
84152	5501	0
1616	4217	0.224
1616	6416	0.076
5694	898	0
5694	1499	0
5694	1869	0
5694	4193	0.155
5694	5715	0
5694	6622	0.155
1040	50818	0
0	2911	0
1730	5216	0.102
22943	7471	0.289
22943	4035	0.191
5591	7157	0.125
1793	207	0.097
0	25802	0
0	28503	0
0	1812	0
0	1813	0
0	1814	0
7027	898	0.085
8718	841	0
30818	1385	0.181
30818	1385	0.181
30818	2353	0.099
30818	0	0
30818	3750	0
30818	3751	0.017
30818	8739	0.043
8215	2931	0
8215	2932	0
0	5610	0
8655	5879	0.102
8655	10018	0.102
2118	1029	0.056
1869	637	0.07
1869	7027	0.151
1869	1029	0.168
1869	5925	0.239
1869	5925	0.239
1869	4088	0.213
1869	10018	0.07
1869	8739	0.102
1869	5366	0.102
1869	27113	0.102
1738	7341	0
10682	1977	0
10682	1981	0
51295	4214	0.129
1909	4683	0.116
1950	1956	0.096
1956	843	0.165
1956	867	0.118
1956	2064	0.31
1956	2885	0.137
1956	5604	0.215
1956	4214	0.261
1956	4772	0.118
1956	1432	0.216
1956	5335	0.208
1956	2185	0.239
1956	5879	0.159
1956	29984	0.155
1956	6464	0.183
1956	6714	0.232
1956	6772	0.188
1956	6774	0.168
1956	7409	0.05
1956	8936	0.139
1956	2035	0.082
1956	4690	0.121
1956	5921	0.132
1956	2065	0.218
1956	6646	0.136
1959	572	0.101
1959	664	0.12
1959	665	0.082
1978	1973	0.047
1978	1977	0.055
1978	1977	0.055
1967	1965	0.253
1967	1965	0.253
1967	1147	0.061
8661	1973	0.268
1973	6194	0.222
1975	1973	0.242
1975	6194	0.215
1983	1965	0.32
2002	3725	0.243
2002	2353	0.267
2002	0	0
10411	0	0
10411	5906	0.348
10411	54386	0.102
2057	6464	0.08
2064	2885	0.171
2064	5290	0.185
2064	5335	0.197
2064	6464	0.213
2064	6714	0.229
2064	5921	0.13
2064	6640	0.128
2064	2886	0.147
5595	2002	0.044
5595	4638	0.253
5595	8569	0.193
5595	9252	0.215
5595	6196	0.243
5595	2872	0.193
5595	10524	0.126
5595	8986	0.261
5594	842	0.156
5594	1387	0.098
5594	3725	0.068
5594	1385	0.071
5594	1956	0.24
5594	1958	0.096
5594	2002	0.039
5594	5595	0.358
5594	2353	0.056
5594	5599	0.272
5594	9261	0.233
5594	4082	0.102
5594	4638	0.274
5594	8569	0.223
5594	9252	0.238
5594	6196	0.266
5594	5163	0.242
5594	27124	0
5594	5319	0.113
5594	6197	0.193
5594	6773	0.068
5594	4137	0.107
5594	3172	0.057
5594	3751	0.044
5594	4207	0
5594	79092	0.102
5594	4744	0.103
5594	4741	0.058
5594	9373	0.102
5594	6195	0.233
5594	10657	0.057
5594	6853	0.109
5594	2872	0.223
5594	10524	0.14
5594	8986	0.277
5598	4205	0.101
5598	6196	0.061
5598	7020	0.048
0	2069	0
0	53615	0
2114	2113	0.271
2160	2158	0
2165	2147	0
2147	2243	0.132
2147	2149	0.196
2155	2159	0.223
8772	843	0.262
8772	841	0.199
8772	4615	0.396
8772	4790	0.079
8772	6609	0.102
8772	9191	0.094
5747	5594	0.249
5747	2534	0.234
5747	2885	0.181
5747	3569	0.083
5747	9564	0.19
5747	5290	0.226
5747	5335	0.187
5747	5829	0.134
5747	6464	0.162
5747	6714	0.28
5747	89	0.074
5747	50807	0.102
5747	23092	0.065
5747	2886	0.163
5747	1969	0.215
8439	6610	0
2178	2177	0
2191	841	0.291
2191	2188	0.102
355	1616	0.186
355	1956	0.206
355	8772	0.167
355	356	0.073
355	3552	0.069
355	4790	0.058
355	8737	0.141
355	5777	0.221
355	10016	0.063
355	5783	0.058
355	23017	0
356	355	0.073
356	355	0.073
0	0	0
2243	3688	0.175
2309	356	0.064
2309	10018	0.064
0	427	0
2353	3725	0.263
10023	2931	0
10023	2932	0
8321	8215	0
8321	175	0
8321	3936	0.084
8321	3936	0.084
8321	408	0.155
2488	2492	0.102
2534	1499	0.116
2534	1600	0
2534	5335	0.159
2534	6464	0.363
2534	6773	0.076
2534	2890	0.055
2534	775	0.065
2534	2903	0.055
2534	203068	0.132
175	8215	0
175	5595	0.155
175	2776	0.239
175	2792	0.239
175	5294	0.155
2549	1398	0.102
2549	11184	0.05
2549	5295	0.167
2549	5290	0.038
2549	5290	0.038
2549	4215	0.076
1647	983	0.102
1647	4216	0.102
2770	427	0.079
2770	2782	0.219
2770	5290	0.115
2770	5294	0.144
2770	5879	0.218
2770	6714	0.178
2770	673	0.121
2770	5909	0.138
2770	629	0.116
9628	92170	0
9628	5879	0.069
2776	92170	0.499
2776	5604	0.17
2776	23236	0.175
2776	3339	0.064
2626	6767	0.062
2626	6722	0.267
2782	2770	0.219
2782	9181	0.216
2782	2792	0.499
2782	5290	0.134
79751	92170	0
2978	83733	0
5871	4214	0.284
440275	1965	0
0	1965	0
0	92170	0
0	3838	0
0	5295	0
0	5062	0
0	5894	0
0	5901	0
0	5879	0
0	387	0
9181	207	0.114
9181	375	0.058
9181	392	0.069
9181	5879	0.152
9181	29984	0
2934	842	0.056
2934	280979	0
2670	7314	0
9771	5567	0.049
2688	2690	0.096
2690	3479	0.096
2690	5290	0.054
2767	427	0.106
2767	891	0.127
2767	2776	0.487
2767	5606	0.068
2767	4661	0.022
2767	23236	0.103
2767	629	0.131
2768	11214	0.159
2768	9138	0.064
2768	387	0.188
2768	10160	0
2768	6714	0.173
2768	5921	0.1
2768	5607	0.103
2768	5589	0.076
2768	7006	0.103
10672	9138	0.069
10672	4217	0.119
10672	998	0.195
10672	2185	0.164
10672	10160	0
10672	5962	0.069
2769	1605	0.076
2769	23236	0.103
23566	4878	0.043
2876	2937	0.092
2908	1843	0.031
2908	5290	0.025
2885	867	0.249
2885	5595	0.122
2885	2549	0.186
2885	5335	0.238
2885	5879	0.143
2885	6464	0.366
2885	6654	0.082
2885	10252	0.102
2885	7410	0.088
2885	8936	0.13
2885	1759	0.219
2885	5786	0.082
2885	10657	0.234
2885	1	0
7088	3172	0.15
7088	51176	0.057
2937	0	0
2931	8312	0.142
2931	3725	0.068
2931	1385	0.071
2931	1499	0.136
2931	4286	0.05
2931	4772	0.1
2931	5663	0.108
2931	4137	0.107
2931	64682	0
2931	5055	0
2931	8894	0.053
2932	207	0.204
2932	8312	0.208
2932	595	0.221
2932	1499	0.191
2932	1965	0.07
2932	2931	0.37
2932	6608	0.074
2932	4137	0.123
2936	0	0
0	2937	0
92170	1730	0
92170	0	0
92170	5604	0.155
92170	4214	0.155
92170	2644	0
92170	6198	0.155
92170	5058	0.155
92170	5334	0.239
92170	5337	0
92170	23647	0
92170	5894	0.155
92170	5901	0.499
92170	5879	0.499
92170	5879	0.499
92170	387	0.499
92170	6093	0.155
92170	8936	0
92170	10163	0
92170	10810	0
2792	5595	0.155
2792	5595	0.155
2792	5594	0.155
2792	175	0.239
2792	2782	0.499
2792	3672	0
2792	4214	0.155
2792	5335	0.239
2792	5879	0.499
2792	8720	0.239
2792	6464	0.155
3002	637	0.061
3002	842	0.224
3002	842	0.224
3002	5864	0.184
0	581	0
0	0	0
10542	0	0
10542	0	0
10542	842	0.057
10542	2185	0.034
9734	7088	0.228
9734	51176	0.056
3065	6615	0.12
8841	2033	0.215
3091	637	0.103
3091	8874	0.154
3091	664	0.192
3091	665	0.133
3091	5366	0.102
27102	1965	0.107
3315	836	0.05
3315	1616	0.223
3315	1329	0
3337	4193	0.131
3337	7314	0.102
3308	317	0.278
3308	9131	0.043
3320	196	0.148
3320	317	0.179
3320	332	0.204
3320	5728	0.196
5688	8544	0.058
3364	545	0.102
0	207	0
0	1994	0
0	7157	0
248	842	0.164
29851	1455	0
1676	790	0.102
1676	790	0.102
1676	1677	0.102
8837	841	0.206
8837	8772	0.345
8837	8772	0.345
3458	3459	0.102
3458	3717	0.293
3459	3308	0.043
3459	3716	0.068
3459	3717	0.066
3459	9093	0.087
3459	30851	0.076
3479	3480	0.205
3480	207	0.175
3480	5535	0
3480	8536	0.158
3480	5595	0.154
3480	5594	0.168
3480	3667	0.248
3480	4772	0.063
3480	5290	0.199
3480	5578	0.18
3480	6464	0.267
3480	7410	0.071
3480	408	0.104
3480	2887	0.176
4792	3558	0.087
4792	3558	0.087
4792	3565	0.096
4792	3565	0.096
4792	4790	0.147
4792	4790	0.147
4792	50818	0
4792	5970	0.222
4793	0	0
4793	4790	0.048
3551	4792	0.153
3551	4790	0.06
1147	4792	0.119
1147	4790	0.062
8517	4792	0.2
8517	4790	0.073
3595	3717	0
3552	3576	0.256
3553	3554	0.197
3553	5606	0.102
3554	51295	0.044
3554	7189	0.1
3565	3566	0.068
3569	3570	0.236
3838	5901	0.123
3643	3667	0.253
3643	5608	0.07
3643	6464	0.293
3643	6776	0.102
3643	10603	0.072
3643	2887	0.095
3643	8660	0.102
0	3643	0
808	207	0.168
808	0	0
808	3708	0.075
808	50818	0
3708	0	0
3708	84876	0.277
3654	10454	0.041
3654	23118	0.051
3654	7097	0.157
3654	7099	0.099
3654	7189	0.171
3667	5595	0.134
3667	2885	0.289
3667	5290	0.063
3667	4690	0.257
148022	9641	0.172
148022	29110	0.058
3672	332	0.171
3672	836	0.051
3672	2353	0.082
3672	5290	0.051
3672	5977	0.043
3672	331	0.073
3688	5595	0.138
3688	5747	0.188
3688	2309	0.109
3688	3717	0.105
3688	2185	0.059
3688	6464	0.127
3688	6464	0.127
3688	3611	0.138
3716	3717	0.354
3716	6464	0.286
3716	6772	0.15
3716	6773	0.085
3716	6774	0.155
3716	3718	0.349
3716	6646	0.138
3716	6778	0.224
3717	3716	0.354
3717	55566	0
3717	6772	0.171
3717	6774	0.129
3717	6776	0.102
3717	7297	0.342
5599	1386	0.101
5599	572	0.164
5599	596	0.106
5599	596	0.106
5599	637	0.058
5599	834	0.183
5599	3725	0.099
5599	2002	0.035
5599	356	0.058
5599	2353	0.05
5599	5601	0.326
5599	5604	0.298
5599	4772	0.076
5599	7157	0.128
5599	6464	0.143
5599	4137	0.098
5599	3172	0.053
5599	10018	0.058
5599	90427	0.102
5599	4170	0.061
5599	319	0.044
6416	5599	0.193
6416	5600	0.249
6416	5601	0.2
6416	1432	0.242
6416	8660	0.102
6416	5602	0.249
3726	2625	0.207
0	207	0
3912	7314	0
27040	2885	0.231
27040	5335	0.142
3932	5335	0.235
3932	5894	0.177
3932	7410	0.081
3932	7535	0.194
3932	916	0.191
3932	10870	0.201
3932	83696	0
3952	3953	0
3953	5562	0.039
3984	317	0.05
3984	1073	0.102
3984	1072	0.102
7376	9971	0.229
4067	695	0.279
4067	5295	0.099
4067	5335	0.231
4067	5879	0.168
4067	6464	0.201
4067	7409	0.045
4067	203068	0.057
4067	613	0.268
4067	930	0.555
8567	6416	0.051
11184	5594	0.257
11184	5599	0.275
11183	4214	0.231
5600	2002	0.031
5600	5605	0.231
5600	8569	0.243
5600	9252	0.258
5600	2872	0.243
5600	1649	0.05
5600	7867	0.294
5600	7020	0.039
5600	8986	0.246
5603	1050	0.043
5603	29904	0.258
5601	1386	0.11
5601	3725	0.097
5601	5595	0.316
5601	2353	0.064
5601	2353	0.064
5601	5544	0
5601	0	0
5601	3558	0.073
5601	3565	0.085
5601	3717	0.168
5601	6351	0.089
5601	4772	0.104
5601	7157	0.109
5601	6196	0.243
5601	2185	0.263
5601	6464	0.138
5601	319	0.058
9261	3150	0.043
9261	3315	0.059
9261	9252	0.219
4082	5535	0
53615	6615	0.064
1729	317	0.106
1729	10458	0.094
1729	6714	0.189
4193	2033	0.12
4193	7157	0.23
4193	408	0.144
4193	7158	0.168
4205	10014	0.22
4205	9734	0.211
4209	5535	0
5604	596	0.054
5604	823	0.123
5604	1385	0.032
5604	2002	0.022
5604	5595	0.24
5604	5594	0.256
5604	2353	0.035
5604	6416	0.243
5604	5601	0.24
5604	4638	0.273
5604	9252	0.245
5604	6198	0.353
5604	6196	0.366
5604	6197	0.296
5604	9612	0.046
5604	6654	0.118
5604	280979	0
5604	10018	0.038
5604	10818	0.125
5604	4170	0.046
5604	8986	0.237
5605	1385	0.041
5605	5595	0.201
5605	5594	0.22
5605	3315	0.139
5605	5604	0.447
5606	5599	0.119
5606	5600	0.061
5606	5603	0.061
5606	1432	0.058
5608	5599	0.119
5608	5600	0.061
5608	5603	0.061
5608	4790	0.067
5608	1432	0.058
5608	6300	0.07
4214	1147	0.211
4214	5599	0.314
4214	6416	0.225
4214	5604	0.25
4214	5606	0.179
4214	5609	0.275
4214	1432	0.306
4214	9612	0.115
4214	6885	0.327
4214	2043	0.225
4214	6548	0.051
4233	355	0.117
4233	6774	0.159
2117	11218	0
2117	1874	0.329
2911	2776	0.138
2911	2767	0.163
2911	23236	0.05
2911	0	0
2911	0	0
9734	4205	0.211
5609	5599	0.223
5609	5601	0.156
5609	5602	0.283
1843	5594	0.135
1843	3320	0.121
1843	5599	0.12
1843	5600	0.14
1843	5603	0.14
1843	1432	0.137
1843	1432	0.137
1843	6300	0.124
23209	5829	0.073
4638	23209	0.044
4638	103910	0.102
4638	4542	0.049
4638	9220	0
4638	3680	0
4660	103910	0
4660	9220	0
4660	3680	0
4293	6416	0.242
4293	5608	0.058
4293	5609	0.271
8569	1977	0.125
103910	4542	0.102
9252	1385	0.072
9252	1978	0.041
9252	466	0.067
2475	10682	0.042
2475	1978	0.054
2475	6198	0.173
2475	5524	0.118
4615	3654	0.1
4615	4214	0.076
4615	9020	0.073
4615	7124	0.271
4615	51135	0.073
4661	891	0.034
4661	983	0.012
4738	5715	0.081
4772	356	0.058
4772	4205	0.323
4790	1387	0.238
4790	5595	0.06
4790	8439	0.054
4790	356	0.067
4790	248	0.052
4790	3458	0.102
4790	4792	0.147
4790	3551	0.06
4790	8517	0.073
4790	3558	0.064
4790	3565	0.071
4790	3569	0.074
4803	4914	0.102
4804	5879	0.134
9020	3551	0.229
9020	1147	0.224
9020	4214	0.321
9020	4690	0.068
51701	3172	0.137
51701	51176	0.137
4842	1487	0.18
4842	387	0.084
4842	0	0
4846	5138	0.17
4846	5138	0.17
27035	0	0
5579	4792	0.116
5579	5604	0.2
5579	5879	0.143
4909	4915	0
4914	1398	0.079
4914	5598	0.076
4914	2885	0.116
4914	3667	0.086
4914	5290	0.208
4914	5335	0.155
4914	6464	0.142
4914	9743	0.102
3164	581	0.077
3164	596	0.11
0	0	0
5933	898	0.081
5933	7027	0.225
4839	6774	0.111
5295	5290	0.062
5295	6654	0.127
5295	5291	0.066
9564	2889	0.076
9564	1398	0.102
1029	1869	0.168
1029	4193	0.181
1029	5290	0.05
1029	5925	0.186
1030	1021	0.064
1031	1019	0.068
2909	29984	0
2909	0	0
5375	2776	0.027
5375	2776	0.027
5375	2931	0.029
5375	2931	0.029
1026	10097	0.051
1026	10096	0.058
1026	890	0.102
1026	898	0.058
1026	983	0.227
1026	1017	0.181
1026	1017	0.181
1026	1019	0.157
1026	51085	0.055
1026	5544	0
1026	5111	0.136
1026	5313	0
5715	1017	0.058
2033	4286	0.105
2033	3164	0.095
2033	7157	0.186
1432	1386	0.125
1432	0	0
1432	1050	0.101
1432	3725	0.088
1432	2002	0.035
1432	5601	0.408
1432	9261	0.277
1432	4205	0.101
1432	5604	0.361
1432	5605	0.319
1432	8569	0.238
1432	9252	0.251
1432	4772	0.09
1432	8874	0.051
1432	8550	0.343
1432	5925	0.101
1432	9612	0.061
1432	6667	0.125
1432	6772	0.056
1432	4207	0
1432	79092	0.102
1432	9373	0.102
1432	2872	0.238
1432	1649	0.118
1432	7867	0.373
1432	7020	0.04
1432	8986	0.241
8874	207	0.078
8874	392	0.068
8874	998	0.163
8874	4792	0.149
8874	2033	0.058
8874	55566	0
8874	5970	0.098
7157	472	0.118
7157	578	0.129
7157	581	0.122
7157	596	0.228
7157	598	0.19
7157	637	0.093
7157	638	0.102
7157	1017	0.074
7157	355	0.155
7157	1647	0.102
7157	4193	0.23
7157	1029	0.223
7157	1026	0.146
7157	84172	0.102
7157	7314	0.102
7157	665	0.129
7157	666	0.122
7157	5366	0.102
7157	27113	0.102
4688	5879	0.073
6198	572	0.049
6198	1390	0.041
6198	2932	0.188
6198	6194	0.058
6198	5704	0.134
6198	29904	0.234
6198	0	0
7161	5544	0
7161	27113	0.102
6196	472	0.24
6196	545	0.239
6196	572	0.049
6196	572	0.049
6196	1385	0.038
6196	4661	0.017
6196	29904	0.25
26986	1981	0.238
5054	5327	0.068
5058	25	0.165
5058	10097	0.141
5058	10096	0.136
5058	572	0.055
5058	6416	0.225
5058	3984	0.239
5058	5604	0.25
5058	4214	0.239
5058	4638	0.266
5058	103910	0.102
5058	8874	0.058
5058	5894	0.239
5058	387	0.125
5058	6853	0.056
5062	4214	0.268
5074	2782	0.126
5074	2768	0.071
5074	10672	0.074
5074	2792	0
142	4790	0.165
142	9131	0.102
2324	27124	0
5111	1019	0.107
5138	820	0.102
5145	0	0
5148	5145	0
5156	808	0.072
5156	5290	0.233
5156	8720	0.155
5156	6772	0.132
5156	6774	0.094
5163	207	0.18
5164	207	0.265
5164	207	0.265
5164	5163	0.378
5164	50818	0
27043	1234	0.058
27043	7852	0.067
27043	5595	0.07
27043	0	0
27043	6714	0.084
5187	406	0.267
5187	406	0.267
5187	9575	0.337
5187	54205	0.097
5187	1195	0
9451	1965	0.058
9451	1965	0.058
5216	71	0.071
10891	2099	0.176
10891	10011	0.226
5290	207	0.201
5290	207	0.201
5290	10575	0.031
5290	998	0.122
5290	5598	0.038
5290	51341	0.031
5290	6517	0.025
5290	5604	0.266
5290	4790	0.036
5290	1432	0.269
5290	27124	0
5290	2185	0.238
5290	5879	0.124
5290	7409	0.023
5290	3611	0.255
5290	0	0
5290	0	0
5290	10000	0.257
5294	2185	0.233
5294	5829	0.051
8394	2934	0.07
8394	27124	0
27124	196	0
27124	1234	0
27124	1605	0
27124	1040	0
27124	5595	0
27124	2934	0
27124	2690	0
27124	808	0
27124	4790	0
27124	5163	0
27124	3632	0
27124	3632	0
27124	50818	0
27124	6502	0
3632	207	0.101
3632	9181	0.069
3632	5163	0.129
3632	27124	0
5567	572	0.158
5567	824	0.107
5567	51085	0.095
5567	1385	0.103
5567	1390	0.085
5567	84152	0
5567	4772	0.118
5567	1026	0.225
5567	5524	0.167
5567	6608	0.067
50818	596	0
50818	0	0
50818	23523	0
50818	5535	0
50818	50820	0
50818	1605	0
50818	1956	0
50818	1977	0
50818	1981	0
50818	1981	0
50818	2002	0
50818	0	0
50818	2931	0
50818	3672	0
50818	4082	0
50818	4790	0
50818	4842	0
50818	6198	0
50818	2185	0
50818	5883	0
50818	5894	0
50818	5879	0
50818	8720	0
50818	5704	0
50818	8877	0
50818	5587	0
50818	5589	0
50818	10235	0
50818	6548	0
5578	25	0.196
5578	596	0.106
5578	1977	0.048
5578	2931	0.304
5578	3667	0.112
5578	4082	0.102
5578	2911	0.038
5578	4842	0.092
5578	23236	0.145
5578	5728	0.162
5578	5894	0.257
5578	108	0.182
5578	111	0.119
5578	118	0.071
5578	2890	0.041
5578	156	0.242
5578	94274	0
5578	1716	0.232
5578	1759	0.109
5578	23114	0.102
5578	2554	0.018
5578	2596	0.102
5578	2741	0.043
5578	2897	0
5578	775	0.051
5578	4133	0.051
5578	4155	0.102
5578	2917	0.033
5578	282378	0
5578	2903	0.039
5578	774	0.045
5578	9373	0.102
5578	490	0.102
5578	10125	0.018
5578	25780	0.017
5578	6616	0.102
5585	94274	0
5610	1965	0.139
5610	1965	0.139
5610	7099	0.028
3936	2243	0.079
23236	1605	0.076
23236	808	0.213
23236	27124	0
23236	0	0
23236	0	0
5335	0	0
5335	1605	0.073
5335	1973	0.103
5335	808	0.133
5335	5290	0.125
5335	27124	0
5335	50818	0
5335	0	0
5335	0	0
5335	0	0
5340	3936	0.069
5347	4661	0.024
1263	995	0.117
1263	7157	0.114
23647	317	0.137
5464	572	0
5524	207	0.234
5524	324	0.16
5524	8312	0.215
5524	8312	0.215
5524	572	0.202
5524	51085	0.145
5524	84152	0.231
5524	10682	0.099
5524	6416	0.093
5524	5609	0.193
5524	5728	0.168
5524	4137	0.089
5524	408	0.225
5495	84152	0
8125	317	0.108
8125	836	0.031
5465	3320	0.089
5465	4792	0.137
5465	5601	0.118
5465	9612	0.075
5465	6714	0.089
8550	3315	0.069
5551	1017	0.05
5663	1499	0.125
5663	7314	0.102
5726	983	0
5728	5747	0.198
5728	5290	0.14
5728	27124	0
5728	3632	0.366
5728	0	0
2185	1956	0.239
2185	2309	0.037
2185	2885	0.066
2185	5599	0.252
2185	4205	0.047
2185	5606	0.038
2185	1432	0.283
2185	5879	0.098
2185	6464	0.178
2185	6714	0.212
2185	7248	0.041
2185	3737	0.185
5829	1398	0.102
5829	2534	0.079
5829	9564	0.102
5829	7094	0.258
5829	3611	0.085
5888	675	0.246
5883	596	0.184
5883	598	0.235
5894	572	0.055
5894	11184	0.251
5894	5604	0.25
5894	5605	0.215
8738	835	0.218
5898	10928	0.057
10928	207	0.184
10928	998	0.2
10928	998	0.2
10928	5879	0.207
5900	5898	0.076
5903	5901	0.06
5906	673	0.05
5908	5595	0.1
5908	5879	0.268
5908	29984	0.499
5914	1499	0.245
5879	317	0.118
5879	5595	0.178
5879	5594	0.176
5879	0	0
5879	4214	0.176
5879	4293	0.116
5879	56259	0.161
5879	4790	0.107
5879	1432	0.116
5879	4688	0.073
5879	5058	0.112
5879	5290	0.124
5879	5894	0.112
5879	5900	0.069
5879	6714	0.151
5879	7430	0.105
5879	673	0.131
5879	369	0.113
5879	5291	0.121
5923	207	0
5923	5879	0
5923	4893	0
5925	890	0.102
5925	891	0.167
5925	898	0.218
5925	7027	0.123
5925	1869	0.239
5925	4800	0.175
5925	84172	0.102
5970	3576	0.064
5649	7804	0.051
5649	3688	0.09
5649	7436	0.054
29984	1729	0
29984	6093	0.155
29984	280979	0
387	5747	0.17
387	0	0
387	4792	0.086
387	5599	0.109
387	1729	0.079
387	50818	0
387	5829	0.172
387	9475	0.094
387	280979	0
387	5589	0.085
0	0	0
10160	10672	0
10160	5585	0
10160	5585	0
10160	387	0
8737	9020	0.201
8737	142	0.188
8737	4215	0.176
8737	8476	0.196
9978	4088	0.12
6093	3984	0.258
6093	23209	0.044
6093	4638	0.294
6093	4660	0
6093	103910	0.102
6093	4542	0.049
6093	1488	0.102
6093	2623	0.048
9475	3984	0.188
9475	4660	0
9475	103910	0.102
9475	94274	0
9475	1808	0.093
9475	832	0.102
6098	2309	0.1
6197	572	0.214
6197	1385	0.038
6197	2353	0.05
6197	8290	0.102
55811	51761	0
6295	29984	0
56681	4087	0
56681	7046	0
6387	175	0
6387	2776	0.236
6387	2792	0
462	2147	0.064
462	2152	0.24
6464	5595	0.138
6464	2885	0.366
6464	5290	0.19
6464	5879	0.13
6464	6654	0.071
6464	3635	0.102
5777	3716	0.175
5777	3717	0.16
5777	6464	0.11
5777	6776	0.102
5777	7409	0.044
5777	367	0.107
5777	3937	0.102
5777	6778	0.133
5777	1500	0.073
5777	3815	0.157
5781	2549	0.197
5781	2885	0.194
5781	5604	0.125
5781	5290	0.137
5781	5829	0.068
5781	5829	0.068
5781	10252	0.102
5781	9846	0.18
25942	0	0
51763	50818	0
6500	4088	0.071
6500	4851	0.05
6500	2059	0.085
6500	4855	0.058
6500	6929	0.059
4088	9734	0.196
4088	4089	0.337
4089	993	0.063
4089	10140	0.066
4089	51176	0.216
4089	367	0.233
4089	2059	0.068
4089	126961	0
4089	5430	0.122
4090	1386	0.063
4091	4086	0.39
4092	4087	0.432
4092	4088	0.352
6608	2735	0.071
6608	2736	0.064
6608	2737	0.075
6608	4088	0.108
6608	6667	0.102
6608	10499	0.121
6608	1855	0.12
6608	1308	0.102
6608	5899	0.066
6609	581	0.102
6609	4214	0.102
6609	1329	0
6610	6609	0
9612	2099	0.074
9612	2100	0.147
9612	5241	0.146
6615	999	0.092
6615	1588	0.022
6647	0	0
9530	7132	0.16
9530	8717	0.037
9530	1796	0.043
9530	10657	0.207
9530	1646	0.093
9530	3691	0.032
9530	3815	0.104
9530	6934	0.08
6654	92170	0
6654	5879	0.061
6654	4893	0.102
6655	8874	0.102
6655	8874	0.102
6670	6667	0.102
8877	8720	0.155
10252	867	0.102
10252	1950	0.102
10252	9628	0.102
10252	2885	0.102
10252	5787	0.102
6714	2889	0.068
6714	867	0.248
6714	1956	0.232
6714	5747	0.28
6714	3716	0.257
6714	5604	0.187
6714	9564	0.099
6714	2909	0
6714	5335	0.175
6714	2185	0.212
6714	5829	0.076
6714	5879	0.151
6714	387	0.113
6714	6464	0.339
6714	25942	0.123
6714	6774	0.111
6714	6850	0.303
6714	7410	0.068
6714	156	0.229
6714	156	0.229
6714	2017	0.102
6714	1759	0.11
6714	2554	0.03
6714	28964	0.102
6714	2741	0.066
6714	775	0.068
6714	4593	0.194
6714	2903	0.063
6714	10657	0.15
6714	6712	0
6714	10188	0.282
6714	10000	0.185
6714	50807	0.102
6714	858	0.129
6714	2059	0.156
6714	9846	0.164
6714	28996	0.151
6714	3815	0.199
6714	5359	0.187
6714	10044	0.137
6714	6934	0.162
6722	2626	0.267
6772	10379	0.102
6773	10379	0.102
6774	2588	0
6774	148022	0.137
6774	6772	0.271
51684	1499	0.222
51684	6608	0.119
51684	6935	0.19
51684	1856	0.076
51684	3691	0.073
51684	3815	0.117
51684	5037	0.157
7341	1487	0.105
6850	29760	0.111
6850	27040	0.064
6850	5335	0.152
6850	6464	0.305
6850	7409	0.038
6850	203068	0.099
6850	5336	0.135
6850	3937	0.102
10454	5606	0.076
10454	9020	0.041
10454	51701	0.054
10454	1432	0.044
10454	6885	0.044
23118	6885	0.058
6885	5599	0.281
6885	6416	0.242
6885	5604	0.264
6885	5606	0.058
6885	5608	0.058
6885	5609	0.194
6885	9020	0.331
6885	51701	0.246
6885	6608	0.11
6885	10454	0.044
6885	10000	0.251
6885	28996	0.189
2783	0	0
6909	1029	0.111
7015	5728	0.123
7015	5728	0.123
7031	317	0.102
7031	2688	0.102
7031	3688	0.102
7032	317	0.102
7032	2688	0.102
7032	3688	0.102
7040	7046	0.185
7046	4087	0.305
7046	4088	0.214
7046	6885	0.223
7046	7048	0.527
7046	960	0.171
7046	2022	0.402
7046	2339	0.153
7046	5520	0.109
7048	10454	0.065
7048	7046	0.527
7048	7049	0.536
7048	23002	0.076
7048	8668	0.07
7048	2022	0.451
7049	7040	0.235
9093	3551	0.129
9093	3717	0.201
10499	367	0.086
7124	7132	0.082
7124	7133	0.148
7132	6416	0.051
7132	8717	0.079
7133	7186	0.195
8658	5728	0.128
8717	8772	0.235
8717	8737	0.259
8717	7186	0.179
7186	4217	0.231
7186	4217	0.231
7186	60489	0.124
7186	4792	0.205
7186	4023	0.133
7186	5604	0.13
7186	9525	0.098
7186	9525	0.098
7186	4790	0.07
7186	7157	0.206
7186	6885	0.148
7186	330	0.145
7186	29843	0.102
7189	51295	0.11
7189	1147	0.128
7189	5606	0.262
7189	4214	0.277
7189	10454	0.086
7189	23118	0.094
7189	6885	0.139
7204	5879	0.069
7001	8841	0.042
7248	6097	0.054
7249	7248	0.192
7249	54386	0.102
7275	2776	0.374
7291	1029	0.183
2793	5145	0.239
2793	2783	0.166
7297	6772	0.121
7297	6773	0.081
7297	6775	0
7314	581	0.102
7314	5694	0
7314	1629	0
7314	4040	0.102
7314	5715	0.102
7409	207	0.043
7409	5879	0.061
7409	29984	0
7409	387	0.051
7410	207	0.046
7410	392	0.061
7410	998	0.073
7410	5879	0.069
7422	3091	0.173
3791	207	0.181
3791	207	0.181
3791	5747	0.238
3791	5290	0.24
3791	5335	0.222
3791	6464	0.289
7434	820	0
8936	317	0.075
8936	10095	0.19
10163	317	0.07
10810	317	0
11197	7471	0.102
7471	8321	0.255
7471	8321	0.255
7471	3691	0.277
9049	196	0.1
9049	317	0.061
9049	3320	0.103
7498	0	0
331	332	0.162
331	836	0.126
331	840	0.112
331	842	0.177
331	842	0.177
331	1111	0.159
331	56616	0.102
331	5599	0.221
331	10454	0.184
331	6885	0.163
331	150684	0.064
7535	22915	0
7535	7410	0.041
7535	203068	0.05
7535	3937	0.102
6935	999	0.075
134	2773	0.102
134	0	0
135	0	0
135	0	0
8	5578	0
107	820	0
108	820	0.102
111	820	0.102
2261	1139	0.086
2261	1128	0.155
2261	1129	0.299
2261	1132	0
162	1211	0.081
162	1759	0.174
162	2554	0.026
0	134	0
0	135	0
952	0	0
148	2776	0.12
148	2767	0.143
148	0	0
150	2773	0.22
150	2775	0.249
150	0	0
1139	0	0
29091	6616	0
29091	6809	0
2890	0	0
0	1268	0
0	1269	0
64682	1499	0
57448	842	0.177
57448	56616	0.102
57448	27429	0.116
10603	867	0.076
10603	7410	0.081
55738	0	0
10564	0	0
9266	0	0
10095	280979	0
9532	596	0.141
9532	5894	0.15
10134	596	0.102
10134	598	0.102
10134	841	0.102
156	185	0.171
156	154	0.055
156	2776	0.197
156	1813	0.055
156	1129	0
156	4988	0.046
156	11318	0
156	367	0.086
627	4915	0
408	185	0.137
408	4217	0.177
408	154	0.08
408	8215	0
408	8321	0.155
408	175	0
408	4792	0.212
408	3667	0.237
408	5604	0.134
408	1432	0.105
408	5290	0.047
408	5894	0.063
408	387	0.069
408	6714	0.149
408	4988	0.054
408	2150	0.109
408	5144	0.199
408	367	0.199
408	5602	0.059
408	5602	0.059
408	64414	0
10018	578	0.102
10018	581	0.084
10018	596	0.08
10018	598	0.102
10018	599	0.102
10018	4170	0.087
3309	0	0
623	2776	0.102
623	2767	0.102
623	2773	0.102
623	0	0
0	623	0
673	11184	0.257
673	5604	0.232
673	5605	0.2
0	6261	0
9478	815	0.069
0	572	0
0	1385	0
0	84152	0
0	3708	0
0	4772	0
0	4842	0
0	4137	0
0	814	0
0	2554	0
0	5502	0
0	775	0
0	4133	0
0	2903	0
0	84867	0
0	6853	0
0	203068	0
801	3708	0
801	4082	0
801	4638	0
801	4842	0
801	23236	0
801	5923	0
801	107	0
801	118	0
801	9495	0
801	156	0
801	0	0
801	815	0
801	814	0
801	10645	0
801	1813	0
801	1612	0
801	29904	0
801	8826	0
801	2917	0
801	10497	0
801	2903	0
801	27360	0
801	5136	0
801	5153	0
801	5137	0
801	490	0
801	5864	0
801	4893	0
801	53827	0
801	6014	0
801	9610	0
801	6261	0
801	6712	0
801	9218	0
815	1385	0.049
815	4842	0.085
815	5923	0
815	6885	0.201
815	2890	0.057
815	3751	0.058
815	4133	0.073
815	774	0.064
815	5527	0.068
815	22895	0.067
815	9743	0.102
815	6261	0.135
815	1739	0.128
815	84687	0.073
815	6853	0.069
815	6857	0.077
815	8831	0
815	6809	0.075
815	7074	0
815	9846	0.074
814	1385	0
814	1390	0
814	4842	0
814	6853	0
10645	207	0.196
10645	8536	0.188
10645	814	0
9647	8536	0.137
9647	815	0.129
9647	814	0
11069	22999	0.08
10156	4893	0
53944	4772	0
53944	4137	0
53944	286	0
53944	1855	0
53944	5055	0
53944	490	0
53944	6809	0
53944	10716	0
857	2534	0.122
1268	2773	0.278
1268	2775	0.278
1268	0	0
1269	2773	0
1269	2775	0
1269	0	0
868	1398	0.102
868	1956	0.102
868	2534	0.102
868	2885	0.102
868	3932	0.102
868	5290	0.102
868	6464	0.102
868	6714	0.102
868	7410	0.102
868	9846	0.102
64781	5894	0.184
0	5578	0
0	64781	0
0	5501	0
0	5527	0
0	5138	0
0	5139	0
0	5140	0
0	5593	0
0	6855	0
330	836	0.142
330	840	0.134
330	841	0.131
330	56616	0.102
330	8915	0.083
1072	280979	0
1277	3688	0.102
94274	4660	0
1808	203068	0.061
80331	0	0
80331	774	0
1329	317	0
1812	2773	0.148
1812	0	0
1812	0	0
1813	2773	0.112
1813	2775	0.11
1813	2781	0.128
1813	0	0
1814	2885	0.085
1814	2773	0.129
1814	2775	0.123
1814	0	0
1612	6809	0.104
0	317	0
1636	0	0
1716	1605	0
1855	8312	0.21
1855	2149	0.117
8448	10497	0.102
1796	5921	0.102
4985	2773	0.163
4985	2775	0.149
4985	0	0
1859	1965	0.049
1859	4137	0.099
1859	7321	0.184
29904	1938	0.143
23362	0	0
8669	1982	0.381
6456	1601	0.087
6456	1856	0.2
6456	3815	0.143
6456	5037	0.085
5179	4985	0.061
5179	4986	0.061
5179	4988	0.051
5179	4987	0.061
1948	1796	0.102
1948	5921	0.124
0	1948	0
55914	4088	0.097
2241	1499	0.107
2335	3688	0.355
3350	2773	0.143
3350	0	0
3350	2781	0.163
3350	0	0
3356	2776	0.081
3356	0	0
3360	0	0
3360	0	0
11146	0	0
8637	1977	0.055
0	2550	0
2554	0	0
2550	2775	0.133
2550	0	0
10287	2776	0.171
2773	108	0.103
2773	111	0.068
0	107	0
0	108	0
0	111	0
2781	107	0.155
2781	111	0.058
6507	0	0
0	3667	0
0	5290	0
0	23236	0
0	107	0
0	108	0
0	156	0
0	3760	0
0	3736	0
0	774	0
0	773	0
0	5921	0
0	6809	0
2668	5947	0.043
3760	0	0
9229	4842	0.102
0	2911	0
0	2890	0
0	2897	0
0	2917	0
0	2903	0
0	2741	0
0	2903	0
6536	0	0
2887	5290	0.038
9743	207	0.102
9743	392	0.102
9743	998	0.102
3055	5335	0.109
3055	2005	0.037
3055	2697	0.034
3055	5801	0.129
3208	4671	0.141
9455	6261	0
5502	5501	0.044
3611	207	0.2
3611	2931	0.318
3611	94274	0
3611	10000	0.215
5055	5501	0
0	3708	0
8826	4893	0.102
8660	5295	0.102
8660	5290	0.102
8660	5296	0.102
9479	5599	0.184
9479	6416	0.068
9479	5609	0.168
9479	1432	0.057
9479	5923	0
9479	8788	0
9479	4294	0.051
9479	7074	0
0	0	0
3761	0	0
3766	0	0
4986	2773	0.163
4986	2775	0.149
4986	0	0
10256	5894	0.102
3736	0	0
3737	0	0
3739	0	0
3750	0	0
3751	0	0
3897	7430	0
23365	392	0.081
51176	4286	0.236
28992	8321	0.068
775	0	0
1128	2776	0.239
1128	2767	0.239
1128	0	0
1129	2773	0.278
1129	2775	0.278
1129	0	0
1132	1917	0
1132	2773	0
1132	0	0
10746	5594	0.299
10746	6416	0.225
10746	5609	0.275
10746	60675	0.102
10746	5607	0.225
8491	1432	0.251
50488	1432	0.251
10746	6416	0.225
4215	6416	0.225
4215	5609	0.164
4215	8491	0.215
4215	5607	0.225
4216	6416	0.225
4216	5609	0.164
4216	8491	0.234
4216	50488	0.234
2917	2773	0.106
2917	2775	0.105
2917	0	0
11221	5599	0.104
11221	5600	0.133
11221	5603	0.133
11221	5601	0.111
11221	1432	0.121
11221	5602	0.133
11221	6300	0.111
4294	6416	0.212
4294	5609	0.177
4294	1742	0.078
4294	6416	0.212
79092	1977	0.102
4988	2773	0.152
4988	2775	0.143
4988	0	0
8649	5594	0.058
8649	11184	0.044
10497	6809	0.049
25924	815	0.075
2035	2890	0.05
4671	836	0.031
4671	840	0.049
4671	842	0.056
85407	8215	0
85407	8321	0.102
4690	25	0.091
4690	5058	0.071
4690	8976	0.166
1991	154	0.05
1991	148	0.05
1991	150	0.105
4763	4893	0.102
2903	0	0
2903	5335	0.101
2903	1741	0.058
0	2983	0
4987	2773	0.163
4987	2775	0.149
4987	0	0
9518	2064	0
774	0	0
7533	572	0.11
7533	3667	0.289
7533	4772	0.092
7533	5894	0.076
7533	673	0.074
7533	1072	0.102
7533	2308	0.134
7533	7158	0.086
7533	9610	0.102
0	23236	0
0	5501	0
0	30011	0
5828	5724	0.043
5724	2776	0.112
5724	2773	0.137
5724	2775	0.116
5724	0	0
2150	2776	0.137
2150	0	0
8850	367	0.111
5136	0	0
5153	0	0
5137	0	0
5139	820	0
5140	820	0.102
5141	820	0.102
5142	820	0.102
5143	820	0
5144	820	0.102
8654	0	0
5154	5159	0.278
5159	5335	0.233
5159	5781	0.151
5159	10603	0.07
29943	0	0
5170	207	0.247
5170	6198	0.225
5170	6196	0.243
5170	50818	0
5170	5578	0.284
5170	6195	0.291
5170	10000	0.223
5170	5590	0.229
9693	54386	0.102
9693	5911	0.049
2983	0	0
9463	2917	0.059
5300	3725	0.075
5300	1499	0.137
0	207	0
0	836	0
0	841	0
0	842	0
0	1605	0
0	2934	0
0	8936	0
0	9266	0
0	156	0
0	1759	0
0	3760	0
0	490	0
0	22895	0
0	6261	0
0	207	0
0	5578	0
0	7410	0
0	9266	0
0	3611	0
0	5170	0
0	30011	0
5305	0	0
5566	154	0.059
5566	572	0.143
5566	1387	0.098
5566	1385	0.087
5566	84152	0
5566	3708	0.046
5566	4772	0.115
5566	4790	0.062
5566	4842	0.09
5566	1432	0.283
5566	23236	0.155
5566	5335	0.184
5566	5894	0.211
5566	5894	0.211
5566	5906	0.061
5566	6714	0.199
5566	4137	0.123
5566	118	0.082
5566	2890	0.055
5566	2668	0.076
5566	673	0.196
5566	10645	0.177
5566	1812	0.055
5566	2316	0.152
5566	2554	0.027
5566	2741	0.059
5566	5502	0.064
5566	2897	0
5566	3761	0.076
5566	3751	0.057
5566	775	0.065
5566	4133	0.068
5566	2917	0.046
5566	8428	0.224
5566	2903	0.055
5566	5139	0
5566	5140	0.211
5566	5144	0.194
5566	8654	0.085
5566	490	0.102
5566	773	0.061
5566	22895	0.064
5566	54386	0.102
5566	22999	0.061
5566	23557	0.076
5566	84687	0.139
5566	84867	0.122
5566	6853	0.153
5566	64414	0
5566	5256	0.404
5587	7533	0.083
5587	9846	0.07
5593	1385	0
5593	4842	0.155
5593	952	0
5593	2917	0
5593	8654	0.155
5569	5566	0.251
10887	1965	0
9373	8	0
490	0	0
5501	596	0.123
5501	1385	0.103
5501	815	0.117
5501	1072	0.102
5501	2903	0.039
5527	207	0.097
5527	572	0.158
5527	596	0.071
5527	8536	0.051
5527	1385	0.041
5527	2931	0.051
5527	9564	0.076
5527	814	0
5527	1072	0.102
5527	775	0.058
5527	4744	0.068
5527	2903	0.041
5494	8312	0.185
5494	572	0.049
5536	4137	0.063
773	0	0
3276	10657	0.146
832	280979	0
832	0	0
1742	4130	0.094
5770	3643	0.151
5786	2534	0.126
5786	3932	0.176
5786	6714	0.116
2664	5864	0.041
22895	5864	0.055
23613	2534	0.068
54386	5894	0.102
54386	5900	0.102
54386	673	0.102
5909	5906	0.051
5909	54386	0.102
5911	5900	0.051
5911	4893	0.102
4893	5290	0.102
4893	5894	0.102
4893	5900	0.102
4893	673	0.102
4893	4296	0.102
5921	207	0.139
5921	5879	0.159
5921	4893	0.102
10125	4893	0.043
25780	54386	0.043
25780	4893	0.043
5947	2885	0.043
5947	6464	0.389
5997	2776	0.163
5997	2767	0.058
5997	2773	0.058
5999	2776	0.171
6009	5894	0.116
22999	10497	0.041
22999	7533	0.078
22999	5864	0.049
22999	22895	0.054
22999	6616	0.102
22999	6857	0.067
9610	4893	0.102
6195	572	0.19
6195	1385	0.036
6195	9978	0.151
6195	29904	0.219
6195	0	0
777	0	0
6261	0	0
0	5704	0
0	6729	0
10657	1387	0.097
1739	2897	0
11231	3309	0.077
11231	0	0
0	3350	0
0	3358	0
0	3356	0
0	3360	0
50944	8874	0.094
30011	3717	0.102
30011	10252	0.102
30011	89	0.102
30011	5947	0.043
6478	7410	0.051
10572	598	0.086
6616	774	0.102
23557	111	0.102
23557	6616	0.102
0	6507	0
0	3760	0
6717	6261	0.054
6494	54386	0.102
84687	5501	0.097
6729	0	0
6729	6734	0.344
6734	0	0
0	6751	0
0	6752	0
6751	2773	0.278
6751	2775	0.278
6751	0	0
6752	2773	0.068
6752	2775	0.076
6752	0	0
6752	30011	0.102
84867	5594	0.129
84867	8520	0.134
84867	11143	0.102
9900	6857	0.102
6853	280979	0
6853	2781	0.05
6857	775	0.07
6857	777	0
6857	6809	0.225
8831	4893	0
9751	6809	0.102
6809	3736	0.041
6809	774	0.058
0	6850	0
6932	6722	0.249
6932	51176	0.277
7454	10097	0.076
7454	1268	0
7074	207	0
4915	2534	0.218
4915	3667	0.092
4915	6464	0.157
4915	8660	0.102
5644	2150	0
203068	1759	0.079
7408	280979	0
7417	578	0.085
7417	578	0.085
7417	581	0.159
7417	1329	0
7448	3688	0.24
7443	1386	0.099
7475	8321	0.662
7475	28992	0.102
2872	1977	0.125
9611	2099	0.17
9611	5241	0.213
11318	408	0
43	317	0.049
43	1329	0
10188	7094	0.155
10188	7414	0.076
10188	4168	0.102
10000	572	0.097
10000	572	0.097
10000	581	0.063
10000	842	0.107
10000	2931	0.231
10000	7248	0.056
10000	331	0.142
10000	2308	0.087
10000	5140	0.121
51074	317	0.058
367	2770	0.129
367	2767	0.103
367	6772	0.287
367	2308	0.188
367	50807	0.102
367	4486	0.113
367	7329	0.152
369	5604	0.267
369	5605	0.226
369	7337	0.19
9459	207	0.09
9459	998	0.065
9459	5058	0.044
5414	331	0.086
50807	1029	0.102
50807	367	0.102
29108	581	0.232
57099	317	0.102
10017	581	0.238
23786	1329	0
599	572	0.074
599	578	0.319
599	581	0.238
599	637	0.102
599	638	0.102
599	10018	0.102
613	6850	0.271
51283	841	0
7009	581	0
90427	596	0.102
90427	598	0.102
90427	599	0.102
90427	4170	0.102
664	596	0.245
664	598	0.301
665	596	0.202
665	598	0.262
666	1329	0
9970	0	0
9970	5604	0.01
9970	156	0.018
9970	6646	0.049
1513	581	0.071
25776	1499	0.087
930	5295	0
930	7409	0
940	916	0.177
961	664	0.087
9350	7471	0.079
3880	842	0.045
1119	8312	0.063
1119	1499	0.055
1119	8215	0
4963	637	0
1195	5187	0
4934	572	0
4934	4772	0
10524	4851	0.135
10524	367	0.121
10524	351	0.118
10524	28514	0.127
10524	3714	0.148
10524	4853	0.15
10524	4854	0.102
10524	4855	0.061
84876	0	0
1410	581	0.208
1410	598	0.235
1410	836	0.051
1493	916	0.102
5478	9131	0.095
10870	5290	0.045
10870	5335	0.11
10870	7409	0.068
10870	3937	0.102
190	2099	0.232
190	7471	0.181
8771	356	0.076
22861	317	0.304
22861	842	0.232
11315	581	0.109
10294	581	0.086
140735	90427	0
7786	6416	0.207
7786	5609	0.258
1400	581	0.102
2100	2099	0.413
2065	5295	0.143
5783	841	0.177
5783	8772	0.089
2247	2263	0.065
2247	6383	0.076
2263	5335	0.148
2263	6464	0.18
2263	10818	0.071
2263	6646	0.149
9994	841	0.047
6422	8321	0.398
6422	7471	0.188
10818	2885	0.33
10818	5781	0.209
1	23368	0
2778	427	0.061
6540	5148	0
629	427	0.158
629	427	0.158
629	1956	0.099
629	5290	0.142
629	5879	0.129
629	156	0.125
629	1839	0.062
629	3339	0.076
23092	29984	0
9265	1029	0.031
1839	1956	0.055
3094	5894	0.129
8739	596	0.102
8739	598	0.102
8739	599	0.102
8739	4170	0.102
3329	836	0.135
3329	839	0.11
3303	9131	0
6383	2247	0.076
6383	2263	0.073
83696	6850	0
3802	5777	0.144
56998	1499	0.087
80319	8215	0
3440	3454	0.076
3454	3716	0.068
3454	7297	0.061
9641	3661	0.064
3596	3597	0.102
3596	3598	0
3597	3717	0.102
3597	7297	0.102
3597	3566	0.102
3598	3566	0.334
3561	3718	0.051
3566	3716	0.058
3566	3597	0.102
3566	3561	0.446
3570	3716	0.172
55437	331	0.102
4188	3172	0.102
3630	3643	0.165
51135	7189	0.133
11213	3654	0.308
11213	51135	0.193
3702	5335	0.109
3718	3716	0.349
5602	1386	0.08
5602	3725	0.043
5602	4772	0.045
5602	7157	0.073
5602	6464	0.158
5602	319	0.041
2547	581	0.065
607	1499	0.102
79444	836	0.124
79444	840	0.11
79444	842	0.212
4018	9170	0.055
4035	8312	0.077
4035	8321	0.152
4035	7471	0.161
9175	6416	0.194
9175	5609	0.243
1845	5599	0.097
1845	5601	0.104
1845	5602	0.129
64112	581	0.084
64112	596	0.167
64112	598	0.155
7867	3315	0.065
4170	578	0.26
4170	581	0.396
4170	10018	0.087
4170	1329	0
4170	666	0.249
7020	3725	0.3
5607	5598	0.076
9927	578	0.102
9927	581	0.084
1846	5595	0.093
1846	5594	0.104
1846	5599	0.089
1846	5601	0.093
1846	5602	0.124
1848	5595	0.155
1848	5594	0.155
1852	5595	0.129
1852	5594	0.132
4296	6416	0.211
4296	5609	0.252
4342	5604	0.282
4342	5605	0.212
8986	1385	0.1
8986	1978	0.05
8986	466	0.071
4836	637	0
5366	578	0.102
5366	581	0.102
5366	596	0.102
5366	598	0.102
5366	4170	0.102
10193	57448	0.227
55075	317	0.102
8976	280979	0
27429	331	0.116
27429	57448	0.116
27429	10456	0.064
5291	23368	0.102
5291	54545	0.102
925	8739	0.102
8503	5291	0.547
10714	2099	0.046
10714	10011	0.041
23368	5291	0.102
5296	5291	0.491
1844	5595	0.129
1844	5594	0.132
51237	842	0.102
79581	8215	0
64414	820	0
5256	5834	0.249
8554	4089	0.121
8554	6772	0.109
11040	572	0
5590	6198	0.242
5590	5037	0.066
3339	1605	0.092
3339	0	0
3339	0	0
5336	1605	0.074
5241	2099	0.246
5621	581	0.145
5757	8125	0
5757	1329	0
10076	3716	0.122
10076	6772	0.06
10076	7297	0.125
27113	581	0.102
27113	596	0.102
27113	598	0.102
27113	599	0.102
27113	4170	0.102
5834	5837	0
26108	607	0.102
10235	5879	0.062
11331	2099	0.052
5308	2770	0.072
5308	2776	0.056
5308	2778	0.066
8204	2099	0.054
1969	2885	0.088
1969	5335	0.159
1969	6464	0.167
1969	1	0
1969	23368	0.102
6259	8215	0
6259	8321	0.167
6296	473	0
23013	9611	0.276
23013	10011	0.22
23013	23426	0.155
8431	2099	0.076
6597	1499	0.25
6597	2099	0.177
1154	3643	0.102
1154	3716	0.102
1154	3717	0.102
56848	598	0.138
10011	2099	0.043
10011	10714	0.041
6646	1026	0.127
6646	6772	0.088
29110	3661	0.061
7006	7409	0.041
7006	1796	0.102
23389	2099	0
6097	1978	0.042
6097	6198	0.037
1326	5604	0.257
1326	5605	0.212
55240	665	0.102
7318	7189	0.089
8457	79370	0
54739	331	0
51776	6416	0.172
51776	5609	0.246
7791	7408	0.087
102	28514	0.129
6868	4851	0.063
83737	6456	0.075
83737	3815	0.144
25898	367	0.084
59343	6934	0.073
667	10048	0.102
667	7472	0.187
960	4088	0.09
960	4089	0.087
960	2059	0.073
1025	126961	0
4435	9846	0.068
1459	1855	0.102
1459	2059	0.102
1213	5781	0.058
1213	7471	0.122
1213	23426	0.133
1213	3636	0.074
10987	4089	0.143
1453	2059	0.085
1454	1855	0
10664	23002	0.047
23002	367	0.063
1601	3398	0.087
1601	3399	0.073
55802	7471	0.092
1999	1855	0.071
1999	1915	0.048
1999	9846	0.049
5045	4851	0.151
2535	6722	0.05
2535	1855	0.09
2535	1856	0.085
2535	2059	0.087
9846	6464	0.354
9846	5777	0.062
9846	6772	0.094
9846	6774	0.07
9846	7410	0.065
9846	2887	0.146
9846	5338	0.102
9846	5921	0.108
9846	634	0.082
9846	2060	0.082
9846	2059	0.213
9846	3875	0.077
9846	9063	0.109
9846	6004	0.07
9846	6777	0.128
9846	6934	0.098
8520	5781	0.132
8520	6774	0.061
8520	2887	0.061
8520	84867	0.134
8520	8290	0.102
8520	5515	0.102
8520	5801	0.132
8520	6929	0.056
8520	7050	0.031
11143	9978	0.102
11143	4087	0.102
11143	4088	0.102
11143	6774	0.102
11143	2887	0.102
11143	84867	0.102
11143	367	0.102
11143	9541	0.102
11143	5515	0.102
11143	5801	0.102
11143	9712	0.102
11143	10044	0.102
11143	6929	0.102
11143	7050	0.102
11143	8462	0.043
28996	2516	0.131
3815	6772	0.119
3815	6776	0.102
3815	7409	0.051
3815	161742	0.071
3815	200734	0.068
3815	6777	0.126
3955	4851	0
3955	4853	0
4242	28514	0
4242	182	0
4242	4853	0
9063	4089	0.105
4316	3691	0
8650	4851	0.102
56924	367	0.102
51588	51176	0.055
51588	6934	0.098
23509	4088	0
23509	1855	0
23509	2887	0
23509	4851	0
23509	858	0
23509	28514	0
23509	182	0
23509	5076	0.067
23509	5515	0
5515	815	0.102
5515	25898	0.102
5580	1601	0.059
5580	3655	0.102
5580	3691	0.057
5582	1601	0
5582	1856	0
5582	5037	0
8643	1796	0.102
8643	3815	0.138
5782	5359	0.152
5801	3055	0.129
5801	8520	0.132
5801	11143	0.102
10048	6608	0.084
2963	6608	0.102
2963	5801	0.102
2962	5430	0.118
2962	10048	0.069
2962	7472	0.073
9712	2668	0.076
9712	815	0.068
9712	4131	0.051
9712	25898	0.064
9712	8668	0.062
9712	2059	0.221
9712	4853	0.041
29843	10499	0.051
2516	51176	0.197
2516	4602	0.211
2516	6934	0.177
57154	4092	0.326
57154	7046	0.289
58533	4155	0.102
58533	7337	0.07
9021	1857	0.089
57559	8520	0.102
6777	5607	0.075
7329	367	0.152
7329	7337	0.182
7321	6498	0.069
7322	4087	0.075
7323	4087	0.075
7337	8520	0.19
7337	11143	0.102
8409	8520	0.056
8409	11143	0.102
7472	23509	0
8882	29843	0.061
