1	55	0.535
1	55	0.535
1	57	0.607
1	58	0.511
1	249	0.48
1	843	0.424
4	430	0.455
4	681	0.607
4	683	0.691
5	529	0.316
6	162	0
6	308	0
6	648	0
8	121	0.632
8	146	0.609
8	378	0.637
8	471	0.63
8	489	0.56
8	558	0.511
8	559	0.379
8	698	0.655
8	815	0.286
8	956	0.493
9	49	0.041
9	81	0.007
9	271	0.571
11	367	0.409
13	28	0.232
14	724	0
16	196	0.355
17	242	0.31
18	71	0
18	376	0.313
19	445	0.37
21	579	0.412
22	17	0.548
22	55	0.693
22	55	0.693
22	91	0.545
22	91	0.545
22	144	0.637
22	249	0.567
22	279	0.453
22	301	0.422
22	307	0.683
22	308	0.666
22	308	0.666
22	312	0.357
22	335	0.567
22	350	0.598
22	351	0.589
22	352	0.561
22	413	0.602
22	421	0.484
22	434	0.389
22	440	0.663
22	458	0.559
22	493	0.601
22	560	0.71
22	560	0.71
22	572	0.62
22	623	0.569
22	636	0.569
22	653	0.326
22	688	0.498
22	724	0
22	843	0.638
22	915	0.425
22	920	0.532
22	921	0.532
22	956	0.402
22	1255	0.451
24	47	0.547
25	26	0.216
26	10	0.407
26	476	0.604
27	977	0.339
28	91	0.653
28	158	0.581
28	402	0.27
29	53	0.551
29	154	0.424
31	695	0.269
35	524	0.46
35	531	0.357
36	579	0.408
36	588	0.142
36	789	0.107
36	983	0.09
37	579	0.547
38	578	0.765
38	579	0.351
39	579	0.507
40	36	0.587
40	579	0.607
41	579	0.679
42	579	0.897
43	20	0.544
44	724	0
46	378	0.647
46	379	0.555
46	419	0.624
46	420	0.556
46	429	0.576
47	133	0.833
47	344	0.516
47	358	0.508
47	360	0.613
47	797	0
47	1079	0
48	8	0.611
48	66	0.638
48	67	0.616
48	126	0.733
48	127	0.737
48	237	0.51
48	445	0.711
48	448	0.454
48	484	0.661
48	484	0.661
49	81	0.282
49	81	0.282
49	91	0.186
50	48	0.769
50	66	0.546
50	126	0.774
50	127	0.712
50	237	0.593
50	484	0.568
50	537	0.542
50	556	0.726
52	71	0
53	154	0.608
53	307	0.595
53	421	0.405
53	915	0.406
54	853	0
54	857	0
55	56	0.704
55	57	0.691
55	58	0.674
55	58	0.674
55	59	0.645
55	59	0.645
55	91	0.708
55	1148	0.44
56	55	0.704
56	59	0.662
56	131	0.642
56	801	0.138
57	55	0.691
57	56	0.839
57	58	0.736
57	58	0.736
57	131	0.621
57	801	0.092
58	28	0.479
58	55	0.674
58	56	0.697
58	57	0.736
58	59	0.749
58	60	0.613
58	61	0.393
58	617	0.334
58	757	0.617
58	801	0.132
58	1234	0.125
58	1261	0.674
59	55	0.645
59	56	0.662
59	57	0.688
59	58	0.749
59	60	0.719
59	61	0.56
59	61	0.56
59	158	0.516
59	484	0.579
59	757	0.702
59	801	0.103
59	1146	0.521
59	1155	0.598
59	1261	0.691
60	56	0.699
60	57	0.771
60	801	0.116
60	1086	0
61	58	0.393
61	59	0.56
62	131	0.389
62	713	0.428
62	1327	0
63	302	0.615
63	697	0.663
63	1284	0.551
65	47	0.4
68	242	0.49
68	533	0.602
68	1284	0.684
69	154	0.277
69	154	0.277
70	569	0.822
70	1011	0.342
70	1014	0.683
71	76	0
71	78	0
71	80	0
71	105	0
71	134	0
71	135	0
71	180	0
71	278	0
71	447	0
71	448	0
71	458	0
71	522	0
71	523	0
71	528	0
71	541	0
71	552	0
71	722	0
71	734	0
71	766	0
71	767	0
71	768	0
71	774	0
71	814	0
71	818	0
71	872	0
71	939	0
71	1008	0
71	1016	0
71	1048	0
71	1061	0
71	1062	0
71	1065	0
71	1087	0
71	1169	0
72	323	0.428
72	765	0
73	342	0.178
74	72	0
74	447	0
74	457	0
75	57	0.276
75	60	0.288
75	72	0.248
75	91	0.226
75	233	0.315
75	554	0.185
75	572	0.223
75	579	0.248
75	646	0.284
75	648	0.35
75	703	0.283
75	737	0.128
75	907	0.248
75	948	0.077
75	1050	0.17
76	72	0.29
76	233	0.315
76	554	0.325
76	646	0.36
77	75	0.329
77	703	0.143
78	72	0.329
78	74	0
78	79	0.412
78	447	0.329
78	552	0.486
79	144	0.399
79	323	0.5
79	415	0.452
79	428	0.455
79	572	0.392
79	1062	0.289
80	144	0.575
80	648	0.38
81	212	0.224
81	521	0.203
81	521	0.203
81	583	0.258
81	773	0.23
81	984	0.215
81	1170	0.28
82	443	0.483
82	443	0.483
83	94	0.567
83	154	0.323
83	479	0.46
85	28	0.63
85	87	0.549
85	239	0.561
85	340	0.035
85	484	0.379
86	60	0.692
86	393	0.582
87	28	0.701
87	28	0.701
87	55	0.645
87	57	0.651
87	58	0.57
87	59	0.635
87	60	0.609
87	73	0.173
87	88	0.706
87	89	0.729
87	90	0.707
87	172	0.394
87	233	0.58
87	251	0.297
87	251	0.297
87	272	0.565
87	284	0.591
87	284	0.591
87	342	0.612
87	342	0.612
87	421	0.333
87	494	0.645
87	497	0.395
87	574	0.349
87	587	0.553
87	713	0.578
87	757	0.703
87	765	0
87	828	0.531
87	909	0
87	983	0.116
87	988	0
87	994	0.49
87	1127	0.688
87	1248	0.554
87	1259	0.347
88	87	0.706
88	342	0.747
88	393	0.448
88	393	0.448
88	394	0.676
88	395	0
88	493	0.308
89	73	0.205
89	73	0.205
89	91	0.61
89	233	0.391
89	342	0.805
89	497	0.264
89	909	0
89	988	0
90	46	0.598
90	46	0.598
90	60	0.59
90	85	0.636
90	87	0.707
90	340	0.18
90	425	0.26
90	585	0.763
90	988	0
90	1179	0
91	87	0.716
91	87	0.716
91	88	0.395
91	88	0.395
91	89	0.61
92	589	0.304
93	197	0.591
93	714	0.362
93	1161	0.577
93	1193	0.279
93	1196	0.683
94	133	0.599
94	154	0.446
94	211	0.597
94	216	0.597
94	305	0.512
94	389	0.466
94	483	0.463
94	961	0.683
94	1074	0.449
94	1312	0.178
96	118	0.431
96	119	0.638
96	120	0.514
96	122	0.335
96	187	0.486
97	118	0.511
98	187	0.721
98	574	0.636
98	574	0.636
99	574	0.449
100	574	0.449
101	574	0.678
105	144	0
105	368	0
106	664	0.808
106	666	0.749
107	482	0.553
108	714	0.677
111	389	0.725
112	118	0.418
112	118	0.418
113	119	0.686
113	122	0.446
114	118	0.418
115	101	0.62
115	187	0.444
116	279	0.393
116	421	0.478
116	434	0.276
116	493	0.656
116	706	0.455
116	915	0.33
116	920	0.345
116	921	0.345
116	1077	0.568
116	1128	0.428
116	1255	0.374
118	55	0.603
118	97	0.511
118	536	0.643
119	187	0.644
119	478	0.581
119	574	0.672
121	28	0.558
121	165	0.329
121	417	0.561
121	493	0.633
121	648	0.562
121	929	0
121	945	0.422
122	58	0.388
122	574	0.552
123	119	0.597
124	133	0.464
126	112	0.546
126	112	0.546
126	262	0
126	484	0.553
127	66	0.616
127	262	0
127	484	0.613
128	572	0.463
129	65	0.559
131	62	0.389
131	340	0.113
131	713	0.566
131	787	0.516
131	1241	0.615
132	87	0.616
132	89	0.522
133	144	0.802
133	757	0.492
133	1209	0.301
134	447	0.474
134	477	0.117
134	484	0.277
135	165	0.467
136	148	0.123
136	511	0.309
137	60	0.432
137	61	0.336
137	181	0
137	407	0.462
137	407	0.462
137	633	0.41
137	710	0.507
139	64	0.797
141	471	0.61
141	627	0.521
142	28	0.223
144	94	0.63
144	751	0.519
144	797	0
144	881	0.682
144	1075	0.202
144	1076	0.506
145	144	0.466
145	180	0.863
146	8	0.609
146	70	0.623
146	173	0.714
146	403	0.524
146	869	0.406
147	70	0.672
147	173	0.503
148	57	0.501
148	59	0.489
149	223	0.542
149	490	0.586
150	233	0.523
150	389	0.72
150	400	0.626
150	554	0.4
150	632	0.58
152	652	0.39
152	1297	0.498
153	66	0.556
154	94	0.446
154	319	0.481
154	652	0.429
154	695	0.521
154	897	0.673
154	897	0.673
154	1074	0.415
158	28	0.581
158	84	0.497
158	131	0.595
158	511	0.278
160	81	0
161	542	0
164	168	0.276
164	522	0
164	523	0.412
164	1016	0.307
165	121	0.329
165	481	0.378
165	540	0.262
165	993	0.316
166	46	0.697
166	379	0.456
167	101	0.512
167	154	0.288
167	187	0.624
167	413	0.52
167	478	0.919
167	621	0.443
168	522	0
169	424	0
170	513	0.116
171	710	0.551
171	1243	0.508
172	484	0.485
173	22	0.513
174	160	0
174	161	0
174	802	0
174	803	0
174	804	0
175	101	0.593
177	90	0.515
180	144	0.472
180	144	0.472
180	253	0.481
180	817	0
180	893	0.513
180	894	0.321
180	1209	0.249
181	307	0
181	308	0
182	527	0
183	572	0.503
183	757	0.568
185	471	0.376
187	60	0.609
187	175	0.86
187	471	0.674
187	574	0.71
187	574	0.71
187	611	0.641
187	757	0.61
187	1209	0.394
187	1261	0.56
187	1291	0.584
189	640	0.301
190	208	0.299
190	209	0.312
193	421	0.15
195	445	0.345
196	197	0.756
197	85	0.395
197	93	0.591
197	217	0.784
197	302	0.603
197	417	0.737
197	421	0.559
197	447	0.525
197	482	0.647
197	533	0.695
197	552	0.703
197	572	0.639
197	578	0.45
197	602	0.735
197	632	0.669
197	634	0.581
197	636	0.624
197	697	0.609
197	706	0.285
197	933	0.175
197	938	0.613
197	1015	0.528
197	1190	0.7
197	1313	0.253
199	55	0.474
199	1153	0.46
199	1154	0.364
201	206	0.652
201	208	0.791
201	208	0.791
203	202	0.72
203	202	0.72
203	351	0.437
205	206	0.713
206	590	0.66
207	206	0.921
207	590	0.694
210	202	0.798
211	133	0.862
211	253	0.906
211	1052	0
212	282	0
212	569	0.786
212	1011	0.397
214	602	0.354
217	302	0.656
217	515	0.666
217	533	0.717
217	602	0.772
217	632	0.643
217	1015	0.574
217	1071	0.23
217	1204	0.575
219	211	0.772
219	432	0.376
219	435	0.517
219	439	0.842
219	490	0.728
219	1113	0.515
219	1171	0.508
219	1257	0.62
220	91	0.627
220	94	0.575
220	133	0.76
220	144	0.811
220	197	0.704
220	198	0.494
220	211	0.77
220	219	0.906
220	253	0.773
220	378	0.798
220	408	0.782
220	409	0.295
220	432	0.384
220	435	0.519
220	439	0.809
220	490	0.793
220	507	0.4
220	518	0.177
220	528	0.623
220	591	0.791
220	635	0.517
220	648	0.279
220	652	0.496
220	894	0.285
220	909	0
220	922	0.432
220	945	0.204
220	946	0.552
220	989	0.404
220	1028	0.797
220	1033	0.507
220	1062	0.328
220	1113	0.508
220	1171	0.453
220	1257	0.54
221	414	0.756
221	490	0.798
221	1249	0.461
222	215	0
222	410	0
224	223	0.522
226	231	0.651
227	228	0.993
228	248	0.554
228	495	0.698
230	225	0.94
232	85	0.622
232	90	0.814
232	441	0.685
232	448	0.688
232	617	0.366
232	1179	0
233	220	0.664
233	260	0.609
233	302	0.586
233	361	0.656
233	470	0.645
233	515	0.645
233	533	0.648
233	554	0.413
233	602	0.624
233	632	0.72
233	734	0.342
233	1140	0.779
233	1203	0.42
233	1204	0.523
233	1300	0.681
234	618	0.637
238	237	0.992
241	90	0.445
241	239	0.268
242	166	0.65
242	197	0.483
242	232	0.607
242	243	0.78
242	355	0.557
242	448	0.466
242	585	0.635
242	603	0.458
243	242	0.78
243	242	0.78
247	315	0
248	374	0.657
249	243	0.567
249	757	0.573
252	9	0
253	133	0.909
255	307	0
255	308	0
256	181	0
256	264	0.182
256	529	0.176
256	529	0.176
256	756	0.426
257	258	0.501
260	154	0.445
260	163	0
260	533	0.756
260	602	0.763
260	635	0.464
260	737	0.386
260	900	0.458
260	948	0.426
260	1083	0.344
264	181	0
264	219	0.392
264	270	0.335
264	312	0.126
264	516	0.335
266	146	0.663
266	403	0.482
266	468	0.671
266	515	0.637
266	515	0.637
266	914	0.405
267	118	0.522
267	915	0.658
268	9	0.074
268	275	0.656
268	515	0.478
268	516	0.491
268	572	0.339
268	632	0.4
268	761	0.406
268	1012	0.328
268	1201	0.334
269	311	0.396
269	572	0.214
270	311	0.325
270	417	0.453
270	530	0.462
270	1283	0.321
274	330	0.297
274	633	0.648
275	268	0.656
275	283	0.485
275	312	0.712
275	515	0.556
276	311	0.025
278	277	0
279	421	0.696
280	202	0.66
282	202	0
282	311	0
282	364	0
282	468	0
282	494	0
282	560	0
282	565	0
282	572	0
282	579	0
283	22	0.62
283	35	0.424
283	36	0.495
283	572	0.578
283	578	0.552
284	91	0.378
284	724	0
285	695	0
286	521	0.417
287	288	0.695
288	346	0.486
288	515	0.483
289	9	0.079
289	97	0.192
289	270	0.698
289	419	0.447
289	443	0.325
289	530	0.323
289	1201	0.393
296	21	0.466
296	40	0.457
296	579	0.465
296	582	0.322
296	632	0.489
296	1015	0.436
296	1250	0.451
296	1285	0.463
296	1317	0.488
297	40	0.425
297	46	0.414
297	116	0.417
297	552	0.383
297	582	0.3
297	1010	0.157
298	164	0.276
298	530	0.342
299	27	0.219
300	306	0.524
301	430	0.288
301	515	0.323
302	93	0.617
302	219	0.695
302	266	0.717
302	533	0.743
302	572	0.681
302	602	0.767
302	625	0.814
302	630	0.44
302	698	0.762
302	706	0.397
302	818	0.254
302	1005	0.307
302	1033	0.407
302	1197	0
305	652	0.442
305	897	0.482
306	310	0
307	53	0.595
307	133	0.616
307	144	0.642
307	154	0.497
307	427	0.359
307	447	0.456
307	549	0.444
307	648	0.321
307	742	0.383
307	877	0.407
307	1188	0.203
308	22	0.666
308	53	0.624
308	98	0.398
308	154	0.548
308	202	0.375
308	307	0.756
308	616	0.513
308	648	0.41
309	310	0
310	306	0
311	170	0.095
311	282	0
311	417	0.207
311	421	0.179
311	481	0.295
311	488	0.263
311	493	0.309
311	532	0
311	534	0.386
311	539	0.305
311	560	0.224
311	565	0.35
311	572	0.234
311	572	0.234
311	579	0.239
311	587	0.28
311	706	0.365
311	707	0.256
311	708	0.426
312	219	0.422
312	219	0.422
312	220	0.449
312	264	0.126
312	275	0.712
312	373	0.334
312	421	0.504
312	533	0.43
312	572	0.294
312	593	0.365
312	602	0.398
313	60	0.801
313	91	0.586
313	91	0.586
313	1006	0.367
315	57	0
315	329	0
318	71	0
318	71	0
318	91	0.481
318	552	0.47
319	305	0.504
319	897	0.548
320	620	0.539
322	479	0.613
325	60	0.395
325	483	0.473
325	1153	0.478
325	1154	0.32
325	1261	0.503
331	202	0.499
332	87	0.526
332	166	0.515
332	801	0.202
333	413	0.336
333	695	0.285
334	28	0.081
334	1129	0.285
335	20	0.348
335	28	0.282
335	62	0.478
335	551	0.501
336	520	0.301
338	50	0.744
339	22	0
339	337	0
339	484	0
340	91	0.095
341	135	0.165
342	73	0.178
342	73	0.178
342	762	0.938
343	90	0.574
343	232	0.582
343	232	0.582
344	345	0.427
344	377	0.674
345	334	0.302
345	376	0.731
345	377	0.454
345	660	0.367
345	662	0.36
346	347	0.575
347	22	0.599
347	74	0
347	79	0.396
347	219	0.621
347	220	0.63
347	370	0.713
347	447	0.527
347	515	0.59
347	523	0.573
347	602	0.687
347	698	0.612
347	756	0.493
347	867	0.547
348	358	0.558
348	358	0.558
348	360	0.623
348	360	0.623
348	448	0.848
348	448	0.848
348	522	0
348	575	0.811
349	339	0
349	448	0.742
350	348	0.854
350	448	0.814
351	348	0.805
351	448	0.787
352	348	0.833
352	448	0.778
354	377	0.44
355	362	0.542
356	357	0.286
356	419	0.526
357	193	0.067
357	683	0.463
360	1224	0.41
361	1225	0.808
364	565	0.435
365	370	0.669
365	420	0.533
365	602	0.671
365	638	0.435
365	744	0.382
365	867	0.624
365	881	0.638
366	365	0
367	22	0.672
367	71	0
367	368	0.678
367	522	0
368	71	0
368	1172	0.47
369	643	0.838
369	644	0.833
369	664	0.721
369	666	0.696
369	683	0.884
370	219	0.653
370	302	0.723
370	515	0.705
370	938	0.522
372	1219	0.814
372	1315	0.725
373	62	0.293
373	87	0.457
373	253	0.387
373	515	0.516
373	577	0.158
373	713	0.431
374	219	0.475
374	233	0.652
374	249	0.372
374	377	0.53
374	552	0.566
374	602	0.428
374	602	0.428
374	876	0.587
376	377	0.552
376	602	0.569
376	634	0.502
376	635	0.75
376	636	0.447
376	1235	0.526
376	1313	0.116
376	1314	0.532
377	376	0.552
377	486	0
377	634	0.655
377	636	0.648
377	638	0.418
377	694	0.537
378	47	0.821
378	55	0.698
378	58	0.686
378	58	0.686
378	60	0.585
378	84	0.659
378	133	0.801
378	211	0.77
378	243	0.573
378	253	0.791
378	407	0.795
378	417	0.781
378	447	0.593
378	484	0.63
378	602	0.65
378	648	0.335
378	652	0.448
378	757	0.64
378	1152	0.514
378	1248	0.513
378	1299	0.132
379	378	0.781
379	405	0.823
379	407	0.905
379	482	0.711
379	881	0.556
379	1236	0.941
380	273	0.313
382	22	0
386	695	0.232
388	302	0.696
388	533	0.614
389	533	0.729
389	560	0.702
389	698	0.722
389	714	0.676
389	1161	0.638
389	1176	0.457
389	1213	0
390	391	0.257
391	26	0.323
392	28	0.445
392	142	0.419
392	792	0.76
399	259	0.569
400	68	0.645
400	468	0.662
400	533	0.675
400	572	0.688
400	602	0.725
400	697	0.64
400	1083	0.289
400	1149	0.449
400	1159	0.52
401	379	0.492
403	220	0.556
403	378	0.542
404	421	0.577
405	211	0.878
405	418	0.838
405	435	0.475
405	439	0.824
405	1113	0.528
405	1164	0.533
405	1247	0.851
405	1249	0.382
405	1257	0.538
406	124	0.323
406	823	0.411
407	47	0.86
407	133	0.871
407	219	0.741
407	253	0.911
407	253	0.911
407	261	0.561
407	282	0
407	358	0.52
407	360	0.621
407	377	0.497
407	426	0.389
407	447	0.76
407	484	0.412
407	490	0.823
407	552	0.457
407	602	0.661
407	1299	0.092
408	328	0.44
408	332	0.602
408	439	0.797
409	74	0
410	620	0.303
412	28	0.19
412	371	0.566
412	632	0.394
413	479	0.606
413	484	0.624
413	756	0.574
413	956	0.443
414	323	0.599
414	428	0.614
416	74	0
417	58	0.539
417	75	0.285
417	144	0.825
417	211	0.817
417	219	0.861
417	220	0.894
417	253	0.797
417	379	0.797
417	407	0.782
417	432	0.406
417	439	0.825
417	488	0.574
417	490	0.874
417	591	0.821
417	619	0.405
417	625	0.756
417	724	0
417	757	0.517
417	1196	0.703
417	1248	0.486
417	1257	0.551
418	144	0.809
418	219	0.876
418	220	0.914
418	332	0.546
418	417	0.939
419	378	0.787
419	405	0.876
419	406	0.639
419	482	0.748
420	378	0.736
420	405	0.86
420	406	0.585
420	448	0.689
420	482	0.758
420	1268	0.637
421	351	0.779
421	378	0.758
421	379	0.928
421	417	0.751
421	419	0.892
421	429	0.864
421	482	0.674
421	619	0.324
421	645	0.825
421	1039	0.406
421	1307	0.229
422	242	0.469
422	636	0.568
423	176	0.469
423	188	0.584
424	270	0.467
424	289	0.565
424	530	0.362
424	857	0
424	1072	0
428	414	0.614
429	378	0.792
429	407	0.877
429	1236	0.907
430	220	0.454
430	335	0.387
430	378	0.494
430	405	0.431
430	406	0.449
430	482	0.404
430	482	0.404
430	1268	0.452
431	554	0.315
432	431	0.422
432	438	0.546
432	442	0
432	931	0.103
432	1298	0.306
433	438	0.373
433	931	0.234
433	1298	0.139
434	379	0.551
434	420	0.517
434	429	0.538
435	208	0.452
438	442	0
439	144	0.812
439	201	0.443
439	1142	0.834
440	190	0.346
440	201	0.53
440	488	0.667
440	541	0.339
441	369	0.753
441	421	0.756
441	454	0.578
441	670	0.547
441	1229	0.76
443	97	0.472
443	118	0.517
446	478	0.357
447	243	0.451
447	414	0.607
448	94	0.605
448	219	0.734
448	234	0.339
448	243	0.518
448	340	0.211
448	344	0.616
448	348	0.848
448	350	0.814
448	352	0.778
448	358	0.521
448	360	0.64
448	361	0.653
452	463	0.779
453	572	0.511
454	350	0.579
454	351	0.578
454	421	0.658
454	938	0.552
455	652	0.413
455	897	0.318
457	152	0.364
457	579	0.438
457	949	0
458	501	0.508
458	501	0.508
459	465	0
460	348	0.605
460	417	0.587
460	572	0.526
461	1080	0.28
463	146	0.563
463	221	0.561
463	302	0.548
463	370	0.565
463	515	0.541
463	533	0.603
463	602	0.639
463	869	0.374
464	57	0.315
464	58	0.421
465	315	0
466	101	0.679
466	175	0.747
467	636	0.508
468	515	0.875
468	625	0.756
468	1266	0.878
470	70	0.514
470	146	0.647
471	187	0.674
471	413	0.64
471	515	0.363
471	574	0.685
472	122	0.634
473	120	0.715
474	578	0.692
474	580	0
475	270	0
475	270	0
475	307	0
475	307	0
476	44	0.366
476	45	0.366
476	96	0.533
476	101	0.527
476	118	0.709
476	119	0.661
476	119	0.661
476	120	0.585
476	130	0.509
476	261	0.561
476	500	0.558
476	525	0.239
478	119	0.581
479	427	0.403
479	464	0.447
479	484	0.646
482	47	0.744
482	71	0
482	124	0.463
482	133	0.734
482	211	0.778
482	407	0.748
482	408	0.794
482	414	0.788
482	417	0.794
482	418	0.778
482	435	0.444
482	439	0.792
482	447	0.597
482	483	0.53
482	547	0.546
482	574	0.45
482	619	0.413
482	627	0.469
482	634	0.534
482	909	0
482	922	0.409
482	989	0.366
482	1113	0.488
482	1164	0.525
482	1247	0.766
482	1249	0.424
482	1257	0.56
483	22	0.551
483	36	0.544
483	116	0.623
483	348	0.498
483	479	0.411
483	486	0
483	575	0.486
484	48	0.661
484	56	0.59
484	57	0.618
484	58	0.643
484	59	0.579
484	60	0.605
484	61	0.377
484	119	0.544
484	242	0.54
484	267	0.57
484	413	0.624
484	471	0.691
484	476	0.72
484	538	0.124
484	695	0.604
484	1154	0.456
484	1261	0.644
484	1291	0.703
487	572	0.414
488	55	0.53
488	145	0.454
488	308	0.496
488	590	0.532
488	594	0.519
488	823	0.546
488	1031	0
489	261	0.397
489	1291	0.619
490	48	0.578
490	50	0.482
490	55	0.616
490	55	0.616
490	144	0.792
490	443	0.325
490	823	0.331
491	209	0.853
492	678	0.538
493	8	0.656
493	44	0.624
493	45	0.626
493	55	0.543
493	379	0.646
493	392	0.775
493	417	0.705
493	421	0.663
493	432	0.447
493	438	0.293
493	483	0.494
493	560	0.67
493	579	0.583
493	1062	0.192
494	421	0.654
496	275	0.154
496	296	0.172
496	297	0.177
496	312	0.2
497	448	0.538
497	1129	0.389
499	518	0.213
500	120	0.48
501	81	0.252
502	783	0
504	502	0.702
506	367	0.584
506	515	0.655
506	593	0.354
506	634	0.523
506	636	0.551
507	22	0.487
508	22	0.515
508	22	0.515
508	507	0.737
508	522	0
510	103	0.261
510	157	0.268
510	219	0.386
510	222	0
510	632	0.248
511	64	0.678
511	64	0.678
511	139	0.763
511	158	0.278
511	1168	0.223
512	202	0.527
512	202	0.527
513	13	0.546
514	216	0.577
514	1312	0.208
515	22	0.575
515	22	0.575
515	104	0.078
515	116	0.599
515	221	0.601
515	244	0.383
515	294	0.418
515	417	0.668
515	448	0.604
515	482	0.595
515	518	0.33
515	552	0.512
515	572	0.591
515	697	0.745
515	876	0.395
515	981	0
515	982	0
515	1130	0.264
516	552	0.563
516	554	0.397
517	284	0.297
517	518	0.519
518	20	0.21
518	103	0.156
518	164	0.204
518	168	0.758
518	219	0.215
518	284	0.087
518	288	0.326
518	367	0.236
518	448	0.167
518	507	0.468
518	519	0.822
518	519	0.822
518	522	0
518	608	0.122
519	22	0.167
519	283	0.149
519	507	0.431
519	518	0.822
521	55	0.589
521	76	0.301
521	130	0.509
521	144	0.668
521	145	0.389
521	165	0.433
521	447	0.452
521	476	0.528
521	541	0.328
521	616	0.298
522	58	0
522	71	0
522	72	0
522	74	0
522	143	0
522	164	0
522	197	0
522	208	0
522	209	0
522	209	0
522	211	0
522	282	0
522	307	0
522	373	0
522	409	0
522	448	0
522	457	0
522	488	0
522	552	0
522	559	0
522	560	0
522	572	0
522	593	0
522	594	0
522	629	0
522	985	0
522	1285	0
522	1294	0
522	1307	0
523	8	0.612
523	58	0.555
523	208	0.504
523	307	0.612
523	370	0.574
523	409	0.373
523	424	0.324
523	457	0.557
523	530	0.593
523	551	0.593
523	560	0.705
523	721	0.617
523	722	0.592
523	726	0.442
523	737	0.328
523	754	0.565
523	796	0
523	810	0.27
523	818	0.233
523	834	0.309
523	847	0.237
523	855	0.29
523	865	0.35
523	883	0.314
523	900	0.477
523	907	0.151
523	908	0.294
523	917	0.424
523	929	0
523	948	0.313
523	953	0.26
523	989	0.337
523	991	0.261
523	1016	0.395
523	1017	0.359
523	1045	0.435
526	796	0
527	202	0.372
527	202	0.372
527	666	0.61
529	248	0.409
530	164	0.339
530	367	0.577
530	518	0.304
530	878	0
530	981	0
533	71	0
533	164	0.454
533	206	0.359
533	367	0.682
533	515	0.771
533	518	0.258
533	522	0
533	878	0
533	981	0
533	981	0
535	529	0.285
536	443	0.719
537	114	0.486
537	484	0.628
539	28	0.201
540	55	0.149
541	22	0.375
541	53	0.384
541	53	0.384
541	55	0.437
541	130	0.388
541	165	0.482
541	190	0.238
541	379	0.285
541	429	0.289
541	551	0.322
541	648	0.429
541	756	0.453
542	165	0.357
543	28	0.299
543	87	0.271
544	335	0.408
544	348	0.497
544	407	0.431
544	619	0.646
544	632	0.341
547	332	0.491
548	119	0.218
549	154	0.298
549	695	0.417
550	118	0.358
551	233	0.658
551	515	0.574
551	518	0.229
551	519	0.171
551	982	0
552	197	0.703
552	249	0.503
552	302	0.488
552	378	0.586
552	414	0.508
552	419	0.499
552	482	0.571
552	572	0.645
552	602	0.582
552	632	0.689
552	688	0.512
552	891	0.213
554	146	0.49
554	260	0.45
554	470	0.488
554	646	0.52
554	876	0.478
558	67	0.679
559	58	0.258
559	59	0.301
560	55	0.692
560	403	0.557
560	417	0.774
560	418	0.736
561	86	0.693
562	563	0.506
563	22	0.436
563	116	0.46
563	116	0.46
563	572	0.396
564	562	0.427
567	565	0.591
569	761	0.602
570	219	0.459
570	572	0.463
570	578	0.49
571	154	0.474
572	28	0.378
572	219	0.685
572	220	0.699
572	282	0
572	421	0.468
572	434	0.294
572	444	0.25
572	448	0.553
572	482	0.634
572	487	0.414
572	493	0.697
572	515	0.591
572	560	0.7
572	564	0.265
572	632	0.724
572	703	0.503
572	761	0.442
572	1135	0.301
572	1266	0.675
573	22	0.443
573	572	0.448
573	1014	0.598
574	96	0.547
574	97	0.694
574	101	0.678
574	175	0.606
574	187	0.71
574	449	0.349
574	538	0.183
575	362	0.596
576	34	0.663
576	374	0.423
576	704	0.527
578	412	0.34
578	587	0.63
578	724	0
579	233	0.608
579	282	0
579	348	0.465
579	378	0.457
579	412	0.471
579	522	0
579	554	0.43
579	588	0.547
579	724	0
579	1285	0.289
580	581	0
582	297	0.3
582	526	0.371
582	526	0.371
582	579	0.396
585	454	0.391
585	497	0.405
585	1303	0.222
586	611	0.424
587	392	0.592
587	431	0.318
587	432	0.528
587	433	0.3
587	438	0.429
587	442	0
587	1388	0.17
587	1434	0.415
588	392	0.586
588	433	0.38
588	438	0.43
588	796	0
588	799	0.497
588	1000	0.508
589	249	0.343
591	55	0.615
591	144	0.834
591	253	0.795
591	1455	0.363
595	49	0.027
596	578	0.276
597	610	0
597	657	0
599	264	0.024
599	270	0.39
599	312	0.409
600	228	0.596
600	229	0.502
602	219	0.75
602	302	0.767
602	515	0.73
602	572	0.595
602	625	0.813
602	1305	0.599
603	376	0.62
603	377	0.74
603	602	0.695
603	638	0.353
603	697	0.603
603	1133	0.479
603	1308	0.478
603	1314	0.439
603	1390	0.234
603	1469	0.608
604	266	0.63
604	302	0.748
604	417	0.667
604	515	0.739
604	554	0.503
604	554	0.503
604	630	0.375
604	1432	0.628
605	339	0
606	522	0
607	611	0.433
607	1116	0.21
607	1412	0.346
607	1498	0.291
607	1603	0.421
611	428	0.523
611	612	0.812
612	113	0.321
612	675	0.494
612	897	0.569
612	1133	0.604
612	1412	0.456
612	1442	0
612	1524	0.513
613	47	0.471
614	609	0.628
615	610	0.695
615	611	0.717
616	290	0.583
616	291	0.766
616	292	0.562
616	611	0.49
616	627	0.239
616	661	0.12
616	811	0.621
616	1361	0.292
616	1544	0.164
617	57	0.286
617	421	0.415
617	801	0.368
618	617	0.705
619	216	0.56
619	1189	0.632
619	1287	0.667
620	117	0.434
620	159	0.329
623	465	0
624	672	0.533
624	679	0.665
624	815	0.47
624	1033	0.376
624	1394	0.261
624	1465	0.102
624	1469	0.315
624	1604	0.299
625	311	0.253
625	572	0.694
625	1014	0.888
626	483	0.77
626	483	0.77
628	627	0.696
629	593	0.514
630	93	0.594
630	196	0.367
630	269	0.366
630	302	0.44
630	553	0.029
632	70	0.537
632	93	0.569
632	197	0.669
632	233	0.72
632	376	0.399
632	417	0.665
632	470	0.659
632	474	0.452
632	533	0.68
632	552	0.689
632	554	0.505
632	572	0.724
632	579	0.622
632	602	0.634
632	605	0.437
632	636	0.558
632	641	0.633
632	698	0.681
632	754	0.554
632	754	0.554
632	795	0
632	818	0.232
632	847	0.214
632	861	0.464
632	865	0.37
632	900	0.431
632	930	0.483
632	948	0.304
632	1033	0.416
632	1050	0.332
632	1130	0.314
632	1140	0.779
632	1363	0.347
632	1412	0.549
632	1432	0.446
632	1454	0.508
632	1469	0.628
632	1522	0.495
632	1564	0.327
632	1604	0.491
633	274	0.648
634	1232	0.556
635	1232	0.872
636	271	0.135
636	372	0.336
636	634	0.602
639	154	0.407
639	616	0.481
639	715	0.517
639	1400	0.501
639	1465	0.262
639	1469	0.416
639	1552	0
640	152	0.452
641	63	0.459
641	388	0.625
641	533	0.647
641	602	0.635
641	697	0.595
641	1083	0.306
641	1284	0.633
641	1308	0.574
643	419	0.923
643	454	0.644
643	455	0.514
643	482	0.72
643	645	0.941
644	645	0.934
645	378	0.756
645	379	0.84
645	417	0.774
645	419	0.868
645	420	0.845
645	429	0.832
645	454	0.637
645	455	0.514
645	616	0.328
645	643	0.941
645	1130	0.386
645	1454	0.547
650	282	0
651	471	0.453
653	551	0.311
653	551	0.311
654	28	0.192
654	287	0.297
654	374	0.103
655	28	0.276
655	287	0.186
655	374	0.237
656	657	0.718
657	610	0.678
657	611	0.666
657	645	0.448
657	658	0.705
657	1366	0.576
657	1409	0.704
657	1420	0.351
657	1526	0.276
658	643	0.407
658	657	0.705
658	659	0.61
658	1391	0
658	1406	0.177
658	1409	0.612
659	656	0.547
660	350	0.601
660	377	0.57
661	1133	0.35
670	672	0.581
670	673	0.368
672	379	0.612
672	679	0.739
673	681	0.35
674	551	0.374
679	232	0.619
679	585	0.672
679	681	0.705
681	46	0.638
681	46	0.638
681	125	0.316
681	348	0.626
681	396	0.316
681	417	0.588
681	425	0.242
681	425	0.242
681	448	0.587
681	484	0.527
681	645	0.692
681	787	0.685
681	1561	0.535
683	193	0.19
683	351	0.834
683	419	0.792
683	421	0.724
683	643	0.827
683	644	0.837
683	645	0.863
685	572	0.536
687	322	0.457
688	1323	0.32
689	688	0.648
689	1011	0.399
691	270	0.466
692	471	0.515
693	502	0.694
693	650	0.758
694	634	0.455
694	635	0.729
694	637	0.329
695	57	0.507
695	167	0.661
695	186	0.189
695	398	0.419
695	478	0.676
697	22	0.588
697	572	0.606
697	578	0.456
697	579	0.547
698	22	0.619
698	36	0.534
698	116	0.675
698	572	0.702
700	325	0.636
701	22	0.619
701	22	0.619
701	233	0.75
701	515	0.593
701	533	0.641
701	602	0.621
705	81	0.148
706	28	0.189
706	750	0.783
707	28	0.198
708	28	0.132
709	710	0.552
710	256	0.644
710	256	0.644
710	1465	0.381
711	20	0.272
711	28	0.35
711	335	0.436
712	465	0
713	62	0.428
713	87	0.578
713	89	0.544
713	91	0.672
713	91	0.672
713	131	0.566
713	378	0.677
713	643	0.654
713	645	0.632
713	1258	0.487
714	192	0.408
714	698	0.613
714	1083	0.306
714	1308	0.613
715	117	0.272
716	851	0.479
716	857	0
717	853	0
717	857	0
718	523	0
720	81	0.219
721	81	0.215
722	81	0.225
723	733	0.467
723	901	0.478
723	902	0.337
723	903	0.349
725	790	0.635
725	818	0.304
725	847	0.196
727	716	0
727	717	0
728	763	0
731	270	0.493
731	289	0.47
731	857	0
732	851	0.539
732	852	0.274
732	857	0
733	1047	0
736	1045	0.688
736	1069	0.076
737	1047	0
739	778	0
739	779	0
742	154	0.195
743	91	0.467
743	131	0.626
743	1265	0.549
744	93	0.515
744	698	0.647
746	745	0
747	745	0
749	745	0
750	724	0
752	58	0.048
752	560	0.096
753	58	0.528
753	59	0.579
753	90	0.595
754	18	0.506
754	54	0.55
754	270	0.495
754	803	0.466
754	902	0.454
754	924	0.46
754	1125	0.755
754	1133	0.383
755	1080	0.407
756	18	0.515
756	46	0.502
756	54	0.602
756	181	0
756	256	0.426
756	264	0.373
756	348	0.55
756	370	0.435
756	417	0.547
756	482	0.537
756	515	0.468
756	560	0.568
756	579	0.493
756	632	0.574
756	924	0.454
756	960	0.591
756	970	0.468
756	1133	0.54
756	1236	0.503
756	1236	0.503
756	1277	0
757	56	0.761
757	57	0.777
757	58	0.617
757	59	0.702
757	1148	0.688
757	1248	0.656
758	1037	0
759	270	0.514
759	289	0.514
759	851	0.514
759	857	0
760	759	0
761	403	0.584
761	417	0.63
761	418	0.651
763	1030	0
764	769	0.241
765	55	0
765	144	0
765	165	0
765	368	0
765	447	0
765	457	0
765	648	0
765	770	0
765	847	0
765	874	0
765	900	0
765	907	0
765	948	0
765	1060	0
765	1062	0
765	1083	0
766	368	0
766	409	0
766	432	0
766	457	0
766	530	0
766	573	0
766	720	0
766	726	0
766	729	0
766	754	0
766	765	0
766	769	0
766	770	0
766	771	0
766	803	0
766	806	0
766	823	0
766	880	0
766	917	0
766	928	0
766	948	0
766	955	0
766	962	0
766	963	0
766	964	0
766	991	0
766	1006	0
766	1014	0
766	1023	0
766	1026	0
766	1027	0
766	1030	0
766	1050	0
766	1084	0
769	144	0.563
769	457	0.33
769	573	0.512
769	645	0.558
769	737	0.496
769	894	0.409
769	907	0.08
769	953	0.298
769	994	0.458
769	1008	0
769	1024	0.279
769	1030	0.173
769	1035	0.292
769	1051	0.288
769	1062	0.525
769	1065	0.379
769	1067	0.526
769	1069	0.109
769	1078	0.4
769	1432	0.406
770	144	0.715
770	145	0.472
770	457	0.463
770	1062	0.362
771	22	0.46
771	79	0.57
771	770	0.403
772	79	0.491
772	769	0.417
772	770	0.469
773	1025	0.55
774	1014	0.421
775	447	0
775	648	0
775	740	0
775	811	0
775	877	0
775	991	0
775	1069	0
775	1073	0
777	260	0.512
778	851	0.48
778	852	0.718
778	857	0
779	851	0.414
779	852	0.558
779	857	0
780	146	0.343
780	197	0.331
780	260	0.346
780	302	0.375
780	389	0.293
780	515	0.288
780	602	0.354
780	632	0.306
780	698	0.42
780	1432	0.404
781	560	0.177
782	523	0
782	781	0
782	993	0
782	994	0
783	501	0
783	965	0
783	966	0
783	986	0
786	1064	0
787	87	0.555
787	89	0.504
787	90	0.762
787	131	0.516
787	1144	0.674
792	724	0
793	374	0.535
796	433	0
799	1083	0.266
800	857	0
800	953	0.631
801	28	0.13
802	851	0.52
802	853	0
802	857	0
803	851	0.459
803	852	0.299
803	854	0.246
803	857	0
804	302	0.454
804	851	0.481
804	852	0.332
804	857	0
806	1069	0.125
807	28	0
808	926	0
810	164	0.199
811	53	0.618
811	495	0.539
814	928	0.475
815	1015	0.353
816	851	0.504
816	852	0.363
816	857	0
820	202	0.456
820	648	0.254
820	1615	0.491
823	822	0.606
824	745	0
826	828	0.451
829	1392	0.488
829	1400	0.385
829	1469	0.467
829	1552	0
830	816	0.593
830	888	0.513
830	923	0.542
830	950	0.391
831	815	0.387
831	1015	0.514
832	831	0
833	611	0.378
835	154	0.481
836	374	0.68
838	851	0.439
838	853	0
838	854	0.459
838	857	0
840	270	0.536
840	857	0
841	853	0
841	857	0
842	765	0
844	208	0.817
846	848	0
847	785	0
848	852	0.488
848	857	0
850	270	0.512
851	721	0.636
851	722	0.588
853	720	0
853	721	0
853	722	0
854	720	0.43
854	722	0.446
856	846	0
857	370	0
857	515	0
857	530	0
857	720	0
857	721	0
857	754	0
857	860	0
857	890	0
857	953	0
857	997	0
857	1015	0
857	1069	0
858	1019	0.148
860	992	0
862	457	0.682
863	424	0
863	737	0
863	883	0
863	917	0
863	948	0
864	865	0
864	948	0
866	864	0
867	515	0.48
869	22	0.2
869	36	0.911
869	116	0.277
871	533	0.597
871	1408	0.278
871	1436	0.361
871	1540	0.319
872	934	0
873	1030	0.173
874	993	0.308
876	22	0.482
876	307	0.449
876	796	0
876	1130	0.245
877	993	0.271
878	368	0
880	1014	0.598
881	468	0.758
881	515	0.68
881	1272	0.692
882	378	0.506
882	379	0.603
882	429	0.576
882	482	0.457
882	573	0.468
882	812	0.213
882	921	0.595
882	1078	0.487
885	992	0
886	992	0
887	992	0
888	851	0.547
888	852	0.514
888	857	0
889	560	0.448
890	992	0
891	992	0
892	992	0
893	992	0
894	992	0
895	703	0.584
896	36	0.671
898	427	0.418
899	256	0.192
900	71	0
901	270	0.429
901	289	0.47
901	857	0
902	851	0.513
902	852	0.618
902	857	0
903	821	0
903	851	0.346
903	857	0
910	220	0.5
910	379	0.598
910	429	0.582
910	998	0.405
910	1250	0.522
911	482	0.457
912	482	0.542
913	379	0.598
914	379	0.559
914	429	0.527
914	911	0.696
914	1250	0.486
915	379	0.615
915	429	0.633
915	911	0.793
915	912	0.534
917	851	0.669
917	852	0.384
917	857	0
919	378	0.523
919	405	0.559
919	406	0.624
919	407	0.608
919	482	0.459
919	1236	0.629
919	1268	0.366
920	379	0.598
920	429	0.599
920	1002	0.328
921	379	0.598
922	208	0.467
923	851	0.513
923	852	0.374
923	857	0
925	220	0.43
925	403	0.405
928	1069	0.27
932	769	0.667
933	737	0.101
934	87	0.592
934	89	0.627
934	91	0.404
935	181	0
935	256	0.546
938	8	0.641
938	493	0.77
938	1264	0.667
940	54	0.404
940	731	0.446
940	732	0.543
943	1014	0.523
948	71	0
948	533	0.385
948	1034	0.393
949	977	0
950	851	0.458
950	852	0.621
950	857	0
952	217	0.408
953	71	0
954	55	0.555
954	370	0.398
954	447	0.364
954	560	0.558
954	761	0.469
954	792	0.491
954	843	0.427
954	956	0.345
954	1027	0
957	530	0
957	993	0
957	1042	0
958	959	0.114
959	270	0.346
959	851	0.396
959	852	0.455
959	857	0
960	270	0.454
960	857	0
961	1133	0.514
962	783	0
963	783	0
964	783	0
965	81	0.219
966	81	0.25
967	81	0.019
968	81	0.351
969	81	0
970	81	0.179
971	783	0
972	973	0.767
973	533	0.714
973	604	0.636
973	744	0.391
974	936	0
975	22	0.689
975	488	0.604
975	490	0.682
975	522	0
975	523	0.67
975	1028	0.668
975	1130	0.344
975	1282	0.663
976	1011	0.39
976	1013	0.502
977	783	0
979	917	0.422
980	133	0.651
980	154	0.371
981	22	0
981	87	0
981	90	0
981	91	0
981	164	0
981	284	0
981	706	0
981	749	0
981	754	0
981	818	0
981	860	0
981	991	0
981	1008	0
981	1030	0
982	22	0
982	523	0
982	698	0
982	749	0
982	876	0
982	975	0
982	1042	0
983	981	0
984	54	0.438
984	55	0.585
984	94	0.493
984	144	0.605
984	165	0.376
984	368	0.664
984	447	0.364
984	448	0.551
984	457	0.564
984	482	0.586
984	530	0.543
984	533	0.65
984	560	0.653
984	560	0.653
984	569	0.65
984	632	0.592
984	648	0.269
984	726	0.39
984	737	0.335
984	751	0.407
984	761	0.499
984	771	0.436
984	802	0.483
984	837	0.485
984	847	0.257
984	865	0.403
984	874	0.56
984	883	0.311
984	886	0.218
984	894	0.204
984	900	0.553
984	907	0.139
984	917	0.361
984	927	0.423
984	948	0.343
984	965	0.456
984	966	0.462
984	970	0.592
984	971	0.288
984	991	0.319
984	997	0.417
984	1008	0
984	1011	0.39
984	1025	0.406
984	1046	0.348
984	1051	0.37
984	1060	0.112
984	1062	0.25
984	1277	0
984	1278	0.359
985	954	0.488
985	1432	0.421
986	144	0.412
986	457	0.388
986	728	0.391
986	917	0.375
986	971	0.487
987	984	0.547
988	202	0
989	718	0
991	71	0
993	58	0.319
993	144	0.474
993	769	0.378
993	792	0.238
993	948	0.221
994	22	0.451
994	55	0.491
994	58	0.469
994	79	0.371
994	144	0.443
994	307	0.474
994	470	0.396
994	770	0.434
994	792	0.319
994	900	0.265
994	945	0.107
994	948	0.264
995	53	0.528
995	55	0.461
996	648	0.346
997	71	0
999	1033	0.419
1000	724	0
1000	981	0
1002	905	0
1003	365	0.506
1005	260	0.341
1005	389	0.326
1005	632	0.301
1007	1006	0.384
1008	1006	0
1009	260	0.301
1011	560	0.401
1011	564	0.33
1011	761	0.384
1012	569	0.478
1012	1011	0.396
1013	564	0.332
1013	1014	0.543
1014	515	0.762
1014	560	0.775
1014	564	0.645
1014	761	0.688
1014	1255	0.508
1015	22	0.501
1015	572	0.547
1015	1014	0.49
1016	1014	0.665
1017	1011	0.423
1017	1014	0.545
1019	302	0.298
1019	602	0.245
1020	270	0.462
1020	289	0.351
1020	851	0.395
1021	270	0.436
1022	560	0.45
1025	928	0.561
1025	954	0.559
1025	1006	0.728
1025	1008	0
1025	1045	0.688
1025	1065	0.727
1027	1014	0
1028	55	0.624
1028	144	0.837
1028	586	0.409
1028	823	0.345
1028	1031	0
1029	71	0
1030	71	0
1031	594	0
1032	1053	0
1033	94	0.431
1035	883	0.394
1038	758	0.231
1038	1037	0
1040	838	0
1040	839	0
1040	840	0
1040	841	0
1041	483	0.36
1042	377	0.388
1042	630	0.574
1042	734	0.318
1042	1019	0.18
1043	698	0.656
1044	59	0.6
1045	953	0.569
1046	722	0.368
1046	1045	0.609
1047	856	0
1047	860	0
1048	1030	0.632
1049	1011	0.452
1051	993	0.344
1053	936	0
1053	1054	0.8
1054	1037	0
1055	1057	0
1055	1058	0
1057	851	0.51
1057	852	0.467
1057	857	0
1058	851	0.499
1058	852	0.453
1058	857	0
1058	1042	0.376
1060	220	0.125
1060	1443	0.302
1060	1444	0.327
1061	1065	0
1062	724	0
1062	854	0.36
1065	900	0.46
1065	1029	0.492
1065	1069	0.408
1067	1014	0.445
1068	1069	0.088
1069	890	0.109
1069	953	0.109
1072	641	0
1074	633	0.51
1074	898	0.48
1077	44	0.718
1077	778	0.226
1078	22	0.476
1080	260	0.617
1080	370	0.561
1080	602	0.605
1080	881	0.551
1082	960	0.144
1083	818	0.157
1085	724	0
1086	56	0
1086	56	0
1086	57	0
1086	801	0
1088	374	0.668
1089	47	0.32
1090	256	0.607
1090	899	0.163
1113	208	0.422
1115	216	0.579
1115	1287	0.614
1125	756	0.591
1126	28	0.303
1126	801	0.286
1128	1483	0.481
1130	55	0.329
1130	55	0.329
1130	57	0.34
1130	91	0.365
1130	307	0.284
1130	688	0.255
1130	713	0.266
1130	843	0.278
1130	966	0.239
1132	28	0.437
1133	268	0.255
1133	289	0.254
1133	634	0.54
1133	843	0.448
1133	1140	0.367
1133	1488	0.49
1133	1614	0.348
1135	417	0.396
1135	1618	0.486
1137	22	0.515
1137	116	0.51
1137	493	0.503
1139	713	0.639
1140	471	0.339
1140	1133	0.367
1141	57	0.614
1143	28	0.876
1145	57	0.562
1147	801	0.114
1148	55	0.44
1148	56	0.498
1148	57	0.525
1148	60	0.632
1148	61	0.556
1148	757	0.688
1149	641	0.33
1150	90	0.802
1151	57	0
1152	58	0.537
1152	59	0.696
1152	1148	0.668
1152	1248	0.649
1153	58	0.656
1153	59	0.687
1154	58	0.531
1154	59	0.644
1155	801	0.094
1156	71	0
1156	417	0.455
1156	754	0.362
1156	1313	0.2
1157	57	0.349
1158	154	0.404
1159	468	0.676
1159	697	0.777
1160	1161	0.66
1162	1153	0.32
1163	710	0.561
1165	91	0.248
1166	154	0.193
1166	181	0
1167	60	0
1168	511	0.223
1169	55	0
1169	447	0
1171	1116	0.381
1171	1133	0.518
1171	1344	0.405
1171	1396	0.395
1171	1468	0.205
1171	1496	0.396
1171	1497	0.372
1171	1498	0.392
1172	71	0
1173	57	0.527
1173	59	0.522
1173	87	0.506
1174	1161	0.648
1175	1129	0.258
1176	515	0.376
1176	533	0.378
1176	697	0.514
1176	1308	0.592
1177	216	0.546
1177	710	0.411
1178	243	0.802
1180	28	0.619
1180	91	0.623
1182	57	0.611
1183	57	0.16
1184	1152	0.798
1185	379	0.515
1185	429	0.504
1189	216	0.705
1190	468	0.66
1191	90	0.096
1191	232	0.065
1192	1193	0.716
1192	1212	0.447
1193	533	0.534
1193	602	0.466
1193	1196	0.3
1193	1313	0.218
1194	90	0.596
1195	256	0.57
1195	710	0.577
1196	302	0.737
1196	604	0.647
1197	1271	0
1199	9	0.211
1200	504	0.233
1201	9	0.281
1201	9	0.281
1201	197	0.358
1201	515	0.418
1201	572	0.34
1201	754	0.352
1201	1207	0.477
1201	1283	0.268
1203	578	0.659
1205	471	0.324
1207	197	0.587
1208	560	0.438
1209	58	0.379
1209	59	0.54
1209	1148	0.535
1211	1129	0
1212	1192	0.447
1212	1193	0.339
1213	641	0
1214	603	0.332
1215	154	0.478
1216	181	0
1217	1218	0.66
1218	376	0.712
1218	694	0.661
1219	1231	0.796
1220	1221	0.755
1220	1222	0.444
1221	377	0.782
1221	694	0.676
1221	1224	0.755
1222	1224	0.7
1223	1235	0.496
1224	376	0.518
1224	1221	0.755
1224	1223	0.822
1225	376	0.514
1226	713	0.375
1227	652	0.436
1228	365	0.761
1229	683	0.642
1230	369	0.723
1230	1229	0.429
1233	533	0.597
1235	376	0.526
1236	47	0.854
1236	133	0.855
1236	447	0.723
1236	484	0.397
1236	602	0.689
1236	1299	0.112
1238	57	0.353
1240	154	0
1241	87	0.51
1241	89	0.607
1241	91	0.514
1242	1187	0.215
1243	53	0.422
1243	256	0.403
1243	710	0.354
1244	379	0.487
1244	429	0.492
1245	378	0.762
1245	407	0.86
1245	1236	0.878
1246	59	0.693
1247	332	0.502
1248	56	0.577
1248	57	0.57
1248	757	0.656
1248	801	0.117
1248	1155	0.588
1249	133	0.388
1250	221	0.712
1252	219	0.74
1252	220	0.77
1252	378	0.743
1252	407	0.876
1252	1236	0.89
1253	219	0.717
1253	220	0.745
1254	219	0.415
1254	220	0.419
1255	379	0.587
1255	429	0.581
1256	417	0.547
1256	418	0.577
1257	144	0.541
1257	201	0.487
1257	1142	0.473
1260	60	0.698
1261	56	0.739
1261	57	0.731
1261	58	0.674
1261	59	0.691
1261	1248	0.581
1262	743	0.654
1263	28	0
1264	724	0
1265	713	0.549
1265	743	0.549
1265	1206	0.544
1266	1271	0.242
1266	1279	0
1267	1209	0.211
1269	1266	0.55
1270	216	0.365
1270	1312	0.155
1271	1266	0.242
1272	1266	0.892
1273	219	0.38
1273	220	0.369
1276	181	0
1277	81	0
1278	1292	0.829
1280	612	0.529
1280	634	0.62
1281	55	0.521
1282	488	0.534
1282	1552	0
1283	164	0.35
1283	981	0
1283	981	0
1284	164	0.419
1287	216	0.598
1288	57	0.344
1289	543	0.854
1290	376	0.322
1290	634	0.324
1290	694	0.335
1291	57	0.795
1291	58	0.69
1291	59	0.675
1291	1148	0.592
1291	1248	0.627
1292	1202	0.972
1293	1240	0
1294	572	0.466
1295	216	0.972
1296	268	0.185
1296	270	0.31
1296	1199	0.336
1297	216	0.575
1300	302	0.51
1300	533	0.606
1300	602	0.549
1300	1197	0
1300	1271	0.211
1301	181	0
1301	256	0.558
1302	1138	0.021
1304	1115	0.5
1304	1312	0.267
1304	1441	0.405
1306	216	0.459
1309	154	0.409
1309	216	0.662
1310	365	0.351
1310	376	0.37
1310	377	0.41
1312	216	0.241
1312	1270	0.155
1313	476	0.168
1313	634	0.184
1315	1231	0.831
1317	697	0.6
1317	815	0.383
1318	216	0
1323	201	0.367
1323	488	0.387
1324	417	0.639
1324	418	0.639
1325	1154	0.262
1328	683	0.579
1330	713	0.301
1331	379	0.535
1331	429	0.565
1334	1396	0.464
1335	1116	0.53
1337	829	0.314
1337	1469	0.476
1352	1133	0.268
1356	1604	0.287
1360	1545	0.521
1360	1625	0.171
1366	611	0.509
1366	612	0.454
1366	1412	0.366
1370	1442	0
1376	1432	0.37
1377	811	0.368
1377	1412	0.398
1380	604	0.286
1380	710	0.219
1380	1441	0.115
1380	1567	0.492
1382	612	0.505
1386	1412	0.455
1387	811	0
1389	1391	0
1391	1133	0
1392	1460	0.474
1392	1461	0.351
1393	710	0.132
1414	811	0.472
1414	1405	0.351
1414	1432	0.364
1423	1116	0.377
1424	633	0.548
1424	811	0.641
1424	1400	0.714
1424	1412	0.359
1432	602	0.655
1432	603	0.57
1432	634	0.447
1432	636	0.393
1432	698	0.614
1432	867	0.443
1432	990	0.447
1432	1015	0.352
1432	1372	0.288
1432	1411	0.501
1432	1412	0.428
1432	1472	0.219
1432	1486	0.292
1432	1550	0.298
1432	1591	0.254
1432	1604	0.386
1443	604	0.135
1443	636	0.144
1443	867	0.113
1443	1060	0.302
1443	1455	0.766
1443	1525	0.316
1443	1540	0.233
1443	1603	0.242
1443	1610	0.266
1444	586	0.288
1444	610	0.205
1444	611	0.225
1444	636	0.151
1444	867	0.135
1444	1060	0.327
1444	1133	0.242
1444	1375	0.308
1444	1525	0.337
1444	1540	0.249
1444	1554	0.313
1444	1564	0.19
1444	1603	0.25
1444	1610	0.272
1444	1611	0.246
1454	1562	0.414
1469	634	0.554
1469	638	0.345
1469	697	0.55
1469	1586	0.29
1469	1587	0.282
1469	1591	0.383
1475	1116	0.447
1475	1496	0.467
1484	1396	0
1484	1467	0
1484	1496	0
1486	612	0.441
1487	1465	0.338
1501	1116	0.47
1507	1133	0.412
1515	897	0.234
1515	1604	0.332
1523	611	0.398
1523	811	0.394
1523	867	0.396
1523	1116	0.376
1523	1363	0.138
1523	1396	0.491
1523	1467	0.401
1523	1510	0.364
1523	1525	0.414
1525	769	0.412
1525	1352	0.324
1530	1392	0.543
1530	1464	0.509
1530	1465	0.329
1531	1392	0.44
1531	1400	0.422
1531	1552	0
1536	815	0.672
1536	1469	0.259
1538	1522	0.329
1540	871	0.319
1540	1443	0.233
1540	1444	0.249
1545	616	0.351
1546	616	0.15
1546	1540	0.2
1547	1524	0.867
1547	1545	0.105
1547	1625	0.271
1554	751	0.243
1554	769	0.211
1554	906	0.04
1554	1352	0.288
1554	1406	0.103
1554	1412	0.335
1554	1496	0.154
1561	661	0.393
1562	897	0.365
1562	1491	0.532
1562	1604	0.405
1571	615	0.616
1571	657	0.518
1579	908	0.146
1579	1618	0.235
1581	1401	0.432
1589	1443	0
1591	1250	0.493
1614	1133	0.348
1614	1618	0.557
1615	622	0.593
1616	610	0.354
1617	610	0.564
1618	1443	0.277
1618	1444	0.279
1619	1443	0.415
1619	1444	0.461
1625	1523	0.364
1634	1561	0.335
