10971	572	0.64
10971	572	0.64
10971	581	0.665
10971	596	0.609
10971	2309	0.654
10971	2308	0.66
7128	1843	0.502
7128	7186	0.59
7128	7189	0.563
5345	3936	0.385
4961	397	0
4961	2932	0
4961	4137	0
25	1020	0.601
25	1398	0.506
25	5599	0.577
25	1029	0.499
25	7161	0.578
25	5829	0.495
25	5888	0.586
25	5883	0.581
25	7410	0.5
25	1796	1
25	7158	0.488
427	51761	0
427	820	0.743
427	2588	0.291
1145	808	0.147
71	317	0.658
87	280979	0
87	7791	0.661
8038	1950	0.57
4303	355	0.762
185	0	0
185	3716	0.452
186	4683	0.522
11214	387	0.593
207	4303	0.612
207	572	0.634
207	572	0.634
207	842	0.592
207	842	0.592
207	1385	0.51
207	2309	0.575
207	5871	0.754
207	2908	0.53
207	2931	0.678
207	2932	0.681
207	2932	0.681
207	2792	0.487
207	3320	0.715
207	3551	0.729
207	1147	0.697
207	8517	0.583
207	4193	0.675
207	4214	0.717
207	4293	0.737
207	2475	0.591
207	4846	0.459
207	5058	0.71
207	5894	0.757
207	5894	0.757
207	5879	0.592
207	6647	0.581
207	6774	0.588
207	7015	0.521
207	7248	0.554
207	280979	0
207	2308	0.566
207	4216	0.581
207	4294	0.584
207	4294	0.584
207	7158	0.514
207	4296	0.746
657	1386	0.498
353	5562	0.085
5562	31	0.421
5562	1026	0.437
4878	2983	0.429
317	842	0.684
317	54205	0.523
317	57591	0.576
324	8312	0.694
324	1499	0.582
333	7314	1
375	5581	0.627
375	5333	0.331
392	387	0.59
392	9475	0.62
392	11113	0.307
392	5305	0.09
393	387	0.66
394	29984	1
394	387	0.728
395	387	0.233
9138	392	0.669
9138	387	0.695
9826	387	0.63
7984	387	0.673
405	196	0.859
10097	280979	0
4217	5599	0.642
4217	6416	0.714
4217	5606	0.6
4217	5608	0.6
4217	5609	0.743
1386	3725	0.862
1386	3458	0.602
1386	3558	0.174
1386	3565	0.453
1386	0	0
1386	7193	0
472	25	0.616
472	672	0.621
472	675	0.499
472	1111	0.749
472	11200	0.781
472	2177	0.547
472	4683	0.618
472	4790	0.587
472	7157	0.6
472	7157	0.6
51761	820	0
51761	820	0
51761	842	0
545	472	0.755
545	672	0.625
545	1111	0.739
545	11200	0.741
545	2177	0.547
545	7157	0.558
545	1263	0.74
545	5884	1
551	0	0
8312	1499	0.735
8312	2931	0.586
8312	4214	0.664
8312	4216	0.615
154	0	0
154	0	0
572	578	0.676
572	581	0.721
572	596	0.597
572	596	0.597
572	598	0.697
572	598	0.697
572	842	0.72
572	599	0.666
578	572	0.676
578	598	0.892
578	56616	1
578	1329	0
581	572	0.721
581	578	0.851
581	596	0.854
581	596	0.854
581	56616	1
581	1329	0
596	317	0.596
596	572	0.597
596	578	0.763
596	581	0.854
596	598	0.831
596	637	0.595
596	638	1
596	6609	1
596	10018	0.615
596	1329	0
596	9445	0.592
596	5366	1
598	317	0.656
598	572	0.697
598	578	0.892
598	581	0.906
598	596	0.831
598	637	0.672
598	638	1
598	638	1
598	54205	0.575
598	7157	0.673
598	10018	0.702
598	1329	0
598	79370	0.796
598	666	0.874
598	5366	1
637	578	0.744
637	581	0.646
637	1329	0
637	7417	0.632
638	596	1
638	598	1
332	56616	1
332	331	0.67
332	56604	0
29760	2885	0.676
29760	7409	0.625
29760	5336	0.538
659	1386	0.438
695	355	0.685
695	5335	0.507
695	5336	0.536
8945	1499	0.557
8945	1499	0.557
2889	5906	0.839
2889	54386	1
2889	4893	0.728
0	824	0
0	889	0
0	816	0
0	0	0
0	1452	0
0	1455	0
0	30818	0
0	2978	0
0	4772	0
0	4790	0
0	4846	0
0	50818	0
0	5578	0
0	5319	0
0	5524	0
0	2185	0
0	111	0
0	89	0
0	801	0
0	821	0
0	811	0
0	10156	0
0	8448	0
0	1759	0
0	3208	0
0	23413	0
0	22895	0
0	10125	0
0	6717	0
0	9900	0
0	6853	0
0	6857	0
0	7447	0
0	4934	0
23523	10014	0.229
23523	0	0
790	1676	0.787
5535	23523	0
5535	4772	0
5535	4842	0
823	581	0.63
823	637	0.635
823	23523	0.229
823	842	0.763
823	5747	0.564
823	5829	0.603
823	5879	0.562
823	387	0.622
823	7094	0.524
823	4137	0.567
823	7430	0.657
823	2890	0.455
823	4133	0.595
823	2903	0.518
823	6712	0.321
824	23523	0.229
824	5747	0.611
824	5829	0.631
824	7094	0.564
831	823	0.645
831	7430	0.785
889	23523	0.536
889	5535	0
889	8536	0.603
889	4772	0.503
889	2185	0.509
8536	1385	0.489
8536	10014	0.57
8536	4208	0.507
8536	9734	0.532
8536	5879	0.553
8536	6853	0.688
816	1385	0.702
816	4137	0.702
820	10411	1
820	5567	1
820	5567	1
820	5576	1
820	11069	1
820	5566	1
820	1260	0.349
10487	4661	0
10487	4661	0
10498	1387	0.548
10498	1499	0.549
10498	2033	0.595
843	317	0.5
843	836	0.788
843	2188	1
843	248	0.323
843	7157	0.573
835	637	0.69
835	4000	0.716
836	317	0.445
836	317	0.445
836	572	0.463
836	581	0.508
836	596	0.495
836	598	0.514
836	637	0.434
836	790	0.389
836	839	0.848
836	840	0.859
836	841	0.835
836	5591	0.494
836	5747	0.484
836	6711	0.449
836	6711	0.449
836	2620	0
836	2934	0.465
836	2934	0.465
836	1676	1
836	1676	1
836	4214	0.488
836	5062	0.508
836	142	0.52
836	5925	0.524
836	6093	0.503
836	331	0.421
836	10018	0.464
836	0	0
836	1982	0.456
836	4207	0
836	5305	0.136
836	10887	0
836	5527	0.414
836	22985	0.607
836	4170	0.431
836	4719	0.416
839	836	0.848
839	1676	1
839	4000	0.662
839	4000	0.662
839	4001	0
839	84823	0
839	5058	0.642
840	790	0.426
840	790	0.426
840	842	0.829
840	5747	0.566
840	1676	1
840	142	0.63
840	4207	0
840	10887	0
841	4217	0.482
841	4217	0.482
841	637	0.447
841	843	0.929
841	836	0.835
841	248	0.28
841	9525	0.561
841	8737	0.561
841	10887	0
841	9191	0.482
842	836	0.808
842	836	0.808
842	839	0.821
842	839	0.821
842	840	0.829
847	6098	0.493
867	1956	0.551
867	5335	0.516
867	7535	0.629
867	916	0.642
867	2263	0.595
867	10818	0.5
1387	3725	0.776
1387	1499	0.672
1387	2002	0.655
1387	2099	0.648
1387	7088	0.701
1387	3932	0.482
1387	8874	0.494
1387	8850	0.758
1387	6932	0.612
1387	10011	0.623
890	983	1
890	1017	1
890	1019	1
890	1021	1
890	1869	1
891	983	0.548
595	1869	0.704
595	5925	0.762
595	5925	0.762
894	5925	0.705
896	5925	0.705
898	5925	0.778
0	1385	0
0	3708	0
929	7097	0.567
929	7099	0.726
948	1432	0.224
920	7535	0.588
5788	3932	0.636
995	983	0.544
995	983	0.544
993	1017	0.571
993	1021	0.654
995	983	0.544
997	898	0.662
997	1869	0.692
998	5871	0.665
998	4214	0.649
998	4293	0.561
998	5058	0.593
998	8936	0.615
998	4216	0.567
998	4294	0.428
998	4294	0.428
998	7454	0.69
998	10188	0.502
998	4296	0.642
983	572	0.539
983	891	0.548
983	5347	0.818
1017	1869	0.574
1017	5715	0.516
1017	5925	0.569
1020	317	0.465
1020	84152	0.081
1020	5604	0.68
1020	5058	0.712
1020	4137	0.476
1020	282378	0
1020	4744	0.32
1021	596	0.577
1021	5925	0.611
1022	1017	0.589
1050	3725	0.812
1111	995	0.558
1111	995	0.558
1111	5545	0
1111	7157	0.561
11200	672	0.749
11200	5545	0
11200	7157	0.687
1123	5879	0.465
8646	659	0.629
56616	332	1
56616	248	0.64
56616	331	1
56616	330	1
56616	79444	1
329	836	0.472
329	840	0.593
3725	1385	0.894
3725	10018	0.535
3725	8739	1
1452	4772	0.506
1452	11076	0.708
1452	7157	0.58
1455	84152	0.163
1456	1409	0.551
1456	5187	0.256
1457	324	0.557
1457	637	0.62
1457	638	1
1457	8215	0
1457	5601	0.654
1457	5601	0.654
1457	6722	0.516
1457	7471	0.365
9575	406	0.821
4609	1029	0.625
4609	6667	0.84
1073	317	1
1385	1387	0.794
1385	2668	0.355
1385	0	0
1385	8660	1
1385	2959	0.548
1385	6872	0.667
1390	1385	0.606
1390	30818	0.745
1398	25	0.506
1398	2889	0.583
1398	1793	0.651
1398	11184	0.567
1398	9743	1
1399	2889	0.634
1399	1793	0.69
1409	581	0.75
1409	598	0.784
1436	2113	0.4
1436	6196	0.458
1445	5747	0.718
1445	3932	0.686
1445	4067	0.815
1445	5829	0.651
1445	6714	0.699
1487	3172	0.624
1487	8204	0.624
5932	672	0.617
1499	1387	0.672
1499	9734	0.633
1499	3172	0.652
1499	7314	1
1499	51176	0.607
1499	51176	0.607
1499	6932	0.598
54205	317	0.523
54205	834	0.475
54205	56616	1
54205	5187	0.385
25802	820	0
28503	5495	0
1605	1040	0.008
1605	50818	0
1605	5578	0.495
1605	10125	0.209
84152	1020	0.081
84152	2644	0.27
84152	5464	0
84152	5501	0.094
1616	4217	0.667
1616	6416	0.592
5694	898	0.462
5694	1499	0.462
5694	1869	0.462
5694	4193	0.462
5694	5715	0.462
5694	6622	0.531
1040	50818	0
0	2911	0
1730	5216	0.809
22943	7471	0.559
22943	4035	0.645
5591	7157	0.611
1793	207	0.559
0	25802	0
0	28503	0
0	1812	0
0	1813	0
0	1814	0
7027	898	0.71
8718	841	0.21
30818	1385	0.549
30818	1385	0.549
30818	2353	0.565
30818	0	0
30818	3750	0.071
30818	3751	0.411
30818	8739	0.73
8215	2931	0
8215	2932	0
0	5610	0
8655	5879	1
8655	10018	1
2118	1029	0.227
1869	637	0.679
1869	7027	0.802
1869	1029	0.638
1869	5925	0.835
1869	5925	0.835
1869	4088	0.699
1869	10018	0.713
1869	8739	1
1869	5366	1
1869	27113	1
1738	7341	0
10682	1977	0.258
10682	1981	0.278
51295	4214	0.634
1909	4683	0.501
1950	1956	0.498
1956	843	0.519
1956	867	0.551
1956	2064	0.769
1956	2885	0.557
1956	5604	0.629
1956	4214	0.715
1956	4772	0.491
1956	1432	0.625
1956	5335	0.574
1956	2185	0.703
1956	5879	0.556
1956	29984	0.4
1956	6464	0.593
1956	6714	0.686
1956	6772	0.635
1956	6774	0.625
1956	7409	0.521
1956	8936	0.561
1956	2035	0.496
1956	4690	0.52
1956	5921	0.539
1956	2065	0.678
1956	6646	0.462
1959	572	0.617
1959	664	0.679
1959	665	0.651
1978	1973	0.512
1978	1977	0.563
1978	1977	0.563
1967	1965	0.765
1967	1965	0.765
1967	1147	0.569
8661	1973	0.788
1973	6194	0.763
1975	1973	0.806
1975	6194	0.936
1983	1965	0.756
2002	3725	0.725
2002	2353	0.87
2002	0	0
10411	0	0
10411	5906	0.815
10411	54386	1
2057	6464	0.488
2064	2885	0.575
2064	5290	0.598
2064	5335	0.554
2064	6464	0.59
2064	6714	0.676
2064	5921	0.561
2064	6640	0.53
2064	2886	0.621
5595	2002	0.573
5595	4638	0.58
5595	8569	0.756
5595	9252	0.734
5595	6196	0.697
5595	2872	0.756
5595	10524	0.546
5595	8986	0.619
5594	842	0.593
5594	1387	0.502
5594	3725	0.523
5594	1385	0.505
5594	1956	0.672
5594	1958	0.603
5594	2002	0.564
5594	5595	0.806
5594	2353	0.595
5594	5599	0.697
5594	9261	0.848
5594	4082	0.524
5594	4638	0.695
5594	8569	0.839
5594	9252	0.852
5594	6196	0.838
5594	5163	0.784
5594	27124	0
5594	5319	0.377
5594	6197	0.747
5594	6773	0.66
5594	4137	0.575
5594	3172	0.593
5594	3751	0.514
5594	4207	0
5594	79092	0.305
5594	4744	0.448
5594	4741	0.587
5594	9373	1
5594	6195	0.755
5594	10657	0.56
5594	6853	0.653
5594	2872	0.839
5594	10524	0.562
5594	8986	0.737
5598	4205	0.538
5598	6196	0.621
5598	7020	0.549
0	2069	0
0	53615	0
2114	2113	0.929
2160	2158	0
2165	2147	0
2147	2243	0.694
2147	2149	0.61
2155	2159	0.83
8772	843	0.634
8772	841	0.561
8772	4615	0.772
8772	4790	0.607
8772	6609	1
8772	9191	0.629
5747	5594	0.709
5747	2534	0.709
5747	2885	0.616
5747	3569	0.57
5747	9564	0.72
5747	5290	0.675
5747	5335	0.589
5747	5829	0.581
5747	6464	0.579
5747	6714	0.77
5747	89	0.573
5747	50807	1
5747	23092	0.559
5747	2886	0.683
5747	1969	0.701
8439	6610	0
2178	2177	0
2191	841	0.731
2191	2188	1
355	1616	0.703
355	1956	0.716
355	8772	0.688
355	356	0.783
355	3552	0.705
355	4790	0.697
355	8737	0.695
355	5777	0.762
355	10016	0.649
355	5783	0.717
355	23017	0
356	355	0.783
356	355	0.783
0	0	0
2243	3688	0.738
2309	356	0.687
2309	10018	0.662
0	427	0
2353	3725	0.767
10023	2931	0
10023	2932	0
8321	8215	0
8321	175	0
8321	3936	0.36
8321	3936	0.36
8321	408	0.587
2488	2492	1
2534	1499	0.538
2534	1600	0
2534	5335	0.489
2534	6464	0.728
2534	6773	0.613
2534	2890	0.467
2534	775	0.5
2534	2903	0.506
2534	203068	0.556
175	8215	0
175	5595	0
175	2776	0.044
175	2792	0.044
175	5294	0.027
2549	1398	0.66
2549	11184	0.595
2549	5295	0.485
2549	5290	0.436
2549	5290	0.436
2549	4215	0.754
1647	983	1
1647	4216	1
2770	427	0.427
2770	2782	0.743
2770	5290	0.445
2770	5294	0.439
2770	5879	0.715
2770	6714	0.561
2770	673	0.607
2770	5909	0.632
2770	629	0.231
9628	92170	0.4
9628	5879	0.58
2776	92170	1
2776	5604	0.535
2776	23236	0.53
2776	3339	0.575
2626	6767	0.611
2626	6722	0.764
2782	2770	0.743
2782	9181	0.706
2782	2792	1
2782	5290	0.484
79751	92170	0
2978	83733	0
5871	4214	0.833
440275	1965	0.215
0	1965	0
0	92170	0
0	3838	0
0	5295	0
0	5062	0
0	5894	0
0	5901	0
0	5879	0
0	387	0
9181	207	0.545
9181	375	0.554
9181	392	0.543
9181	5879	0.568
9181	29984	0.4
2934	842	0.639
2934	280979	0
2670	7314	0
9771	5567	0.163
2688	2690	0.568
2690	3479	0.591
2690	5290	0.472
2767	427	0.362
2767	891	0.36
2767	2776	0.886
2767	5606	0.421
2767	4661	0.228
2767	23236	0.242
2767	629	0.182
2768	11214	0.637
2768	9138	0.608
2768	387	0.706
2768	10160	0.127
2768	6714	0.559
2768	5921	0.559
2768	5607	0.604
2768	5589	0.259
2768	7006	0.552
10672	9138	0.569
10672	4217	0.543
10672	998	0.618
10672	2185	0.552
10672	10160	0.111
10672	5962	0.569
2769	1605	0.281
2769	23236	0.288
23566	4878	0.405
2876	2937	0.1
2908	1843	0.486
2908	5290	0.442
2885	867	0.701
2885	5595	0.559
2885	2549	0.667
2885	5335	0.647
2885	5879	0.568
2885	6464	0.748
2885	6654	0.544
2885	10252	1
2885	7410	0.573
2885	8936	0.592
2885	1759	0.743
2885	5786	0.537
2885	10657	0.711
2885	1	0
7088	3172	0.688
7088	51176	0.492
2937	0	0
2931	8312	0.586
2931	3725	0.511
2931	1385	0.489
2931	1499	0.547
2931	4286	0.541
2931	4772	0.461
2931	5663	0.521
2931	4137	0.553
2931	64682	0
2931	5055	0.329
2931	8894	0.566
2932	207	0.681
2932	8312	0.679
2932	595	0.682
2932	1499	0.627
2932	1965	0.534
2932	2931	0.805
2932	6608	0.501
2932	4137	0.574
2936	0	0
0	2937	0
92170	1730	0.208
92170	0	0
92170	5604	0.464
92170	4214	0.464
92170	2644	0.4
92170	6198	0.464
92170	5058	0.464
92170	5334	0.322
92170	5337	0.4
92170	23647	0.4
92170	5894	0.464
92170	5901	1
92170	5879	1
92170	5879	1
92170	387	1
92170	6093	0.464
92170	8936	0.4
92170	10163	0.4
92170	10810	0
2792	5595	0.4
2792	5595	0.4
2792	5594	0.408
2792	175	0.044
2792	2782	1
2792	3672	0.4
2792	4214	0.464
2792	5335	0.4
2792	5879	1
2792	8720	0.45
2792	6464	0.4
3002	637	0.623
3002	842	0.779
3002	842	0.779
3002	5864	0.683
0	581	0
0	0	0
10542	0	0
10542	0	0
10542	842	0.601
10542	2185	0.496
9734	7088	0.725
9734	51176	0.474
3065	6615	0.56
8841	2033	0.637
3091	637	0.604
3091	8874	0.67
3091	664	0.699
3091	665	0.665
3091	5366	1
27102	1965	0.36
3315	836	0.473
3315	1616	0.686
3315	1329	0
3337	4193	0.605
3337	7314	1
3308	317	0.95
3308	9131	0.657
3320	196	0.634
3320	317	0.659
3320	332	0.642
3320	5728	0.501
5688	8544	0.667
3364	545	1
0	207	0
0	1994	0
0	7157	0
248	842	0.399
29851	1455	0
1676	790	0.787
1676	790	0.787
1676	1677	0.787
8837	841	0.563
8837	8772	0.803
8837	8772	0.803
3458	3459	0.602
3458	3717	0.793
3459	3308	0.657
3459	3716	0.533
3459	3717	0.49
3459	9093	0.562
3459	30851	0.643
3479	3480	0.544
3480	207	0.582
3480	5535	0
3480	8536	0.488
3480	5595	0.483
3480	5594	0.554
3480	3667	0.58
3480	4772	0.43
3480	5290	0.525
3480	5578	0.564
3480	6464	0.588
3480	7410	0.463
3480	408	0.475
3480	2887	0.56
4792	3558	0.323
4792	3558	0.323
4792	3565	0.608
4792	3565	0.608
4792	4790	0.717
4792	4790	0.717
4792	50818	0
4792	5970	0.69
4793	0	0
4793	4790	0.672
3551	4792	0.65
3551	4790	0.607
1147	4792	0.63
1147	4790	0.611
8517	4792	0.718
8517	4790	0.642
3595	3717	0.342
3552	3576	0.709
3553	3554	0.482
3553	5606	0.546
3554	51295	0.579
3554	7189	0.512
3565	3566	0.503
3569	3570	0.583
3838	5901	0.64
3643	3667	0.526
3643	5608	0.42
3643	6464	0.577
3643	6776	1
3643	10603	0.391
3643	2887	0.404
3643	8660	1
0	3643	0
808	207	0.509
808	0	0
808	3708	0.408
808	50818	0
3708	0	0
3708	84876	0.642
3654	10454	0.594
3654	23118	0.58
3654	7097	0.533
3654	7099	0.566
3654	7189	0.612
3667	5595	0.506
3667	2885	0.602
3667	5290	0.413
3667	4690	0.627
148022	9641	0.746
148022	29110	0.687
3672	332	0.602
3672	836	0.439
3672	2353	0.602
3672	5290	0.429
3672	5977	0.457
3672	331	0.553
3688	5595	0.596
3688	5747	0.634
3688	2309	0.625
3688	3717	0.537
3688	2185	0.52
3688	6464	0.517
3688	6464	0.517
3688	3611	0.657
3716	3717	0.74
3716	6464	0.576
3716	6772	0.58
3716	6773	0.659
3716	6774	0.67
3716	3718	0.895
3716	6646	0.449
3716	6778	0.776
3717	3716	0.74
3717	55566	0
3717	6772	0.558
3717	6774	0.593
3717	6776	1
3717	7297	0.749
5599	1386	0.439
5599	572	0.519
5599	596	0.523
5599	596	0.523
5599	637	0.484
5599	834	0.454
5599	3725	0.498
5599	2002	0.491
5599	356	0.55
5599	2353	0.511
5599	5601	0.718
5599	5604	0.676
5599	4772	0.433
5599	7157	0.548
5599	6464	0.511
5599	4137	0.513
5599	3172	0.539
5599	10018	0.517
5599	90427	1
5599	4170	0.465
5599	319	0.358
6416	5599	0.698
6416	5600	0.898
6416	5601	0.738
6416	1432	0.765
6416	8660	1
6416	5602	0.736
3726	2625	0.762
0	207	0
3912	7314	0.499
27040	2885	0.718
27040	5335	0.613
3932	5335	0.569
3932	5894	0.636
3932	7410	0.52
3932	7535	0.625
3932	916	0.567
3932	10870	0.637
3932	83696	0
3952	3953	0
3953	5562	0.518
3984	317	0.63
3984	1073	1
3984	1072	1
7376	9971	0.572
4067	695	0.808
4067	5295	0.431
4067	5335	0.596
4067	5879	0.576
4067	6464	0.635
4067	7409	0.56
4067	203068	0.546
4067	613	0.808
4067	930	0.758
8567	6416	0.562
11184	5594	0.802
11184	5599	0.706
11183	4214	0.869
5600	2002	0.565
5600	5605	0.697
5600	8569	0.886
5600	9252	0.894
5600	2872	0.886
5600	1649	0.638
5600	7867	0.87
5600	7020	0.535
5600	8986	0.76
5603	1050	0.616
5603	29904	0.64
5601	1386	0.476
5601	3725	0.561
5601	5595	0.823
5601	2353	0.607
5601	2353	0.607
5601	5544	0
5601	0	0
5601	3558	0.374
5601	3565	0.561
5601	3717	0.537
5601	6351	0.576
5601	4772	0.514
5601	7157	0.601
5601	6196	0.659
5601	2185	0.518
5601	6464	0.509
5601	319	0.459
9261	3150	0.73
9261	3315	0.608
9261	9252	0.91
4082	5535	0
53615	6615	0.57
1729	317	0.701
1729	10458	0.708
1729	6714	0.69
4193	2033	0.58
4193	7157	0.744
4193	408	0.661
4193	7158	0.7
4205	10014	0.648
4205	9734	0.628
4209	5535	0
5604	596	0.526
5604	823	0.485
5604	1385	0.458
5604	2002	0.499
5604	5595	0.573
5604	5594	0.752
5604	2353	0.517
5604	6416	0.802
5604	5601	0.536
5604	4638	0.595
5604	9252	0.813
5604	6198	0.89
5604	6196	0.89
5604	6197	0.752
5604	9612	0.489
5604	6654	0.527
5604	280979	0
5604	10018	0.525
5604	10818	0.456
5604	4170	0.475
5604	8986	0.702
5605	1385	0.454
5605	5595	0.551
5605	5594	0.684
5605	3315	0.556
5605	5604	0.915
5606	5599	0.543
5606	5600	0.663
5606	5603	0.663
5606	1432	0.533
5608	5599	0.543
5608	5600	0.663
5608	5603	0.663
5608	4790	0.707
5608	1432	0.533
5608	6300	0.726
4214	1147	0.754
4214	5599	0.723
4214	6416	0.883
4214	5604	0.777
4214	5606	0.788
4214	5609	0.728
4214	1432	0.776
4214	9612	0.584
4214	6885	0.893
4214	2043	0.668
4214	6548	0.52
4233	355	0.713
4233	6774	0.701
2117	11218	0.481
2117	1874	0.911
2911	2776	0.653
2911	2767	0.583
2911	23236	0.464
2911	0	0
2911	0	0
9734	4205	0.628
5609	5599	0.548
5609	5601	0.572
5609	5602	0.715
1843	5594	0.466
1843	3320	0.543
1843	5599	0.396
1843	5600	0.453
1843	5603	0.453
1843	1432	0.398
1843	1432	0.398
1843	6300	0.498
23209	5829	0.636
4638	23209	0.552
4638	103910	1
4638	4542	0.394
4638	9220	0
4638	3680	0
4660	103910	0.468
4660	9220	0
4660	3680	0
4293	6416	0.808
4293	5608	0.576
4293	5609	0.698
8569	1977	0.636
103910	4542	0.658
9252	1385	0.529
9252	1978	0.643
9252	466	0.652
2475	10682	0.2
2475	1978	0.412
2475	6198	0.589
2475	5524	0.395
4615	3654	0.593
4615	4214	0.575
4615	9020	0.545
4615	7124	0.746
4615	51135	0.607
4661	891	0.431
4661	983	0.349
4738	5715	0.687
4772	356	0.531
4772	4205	0.728
4790	1387	0.716
4790	5595	0.634
4790	8439	0.667
4790	356	0.725
4790	248	0.398
4790	3458	0.602
4790	4792	0.717
4790	3551	0.607
4790	8517	0.642
4790	3558	0.332
4790	3565	0.63
4790	3569	0.645
4803	4914	0.102
4804	5879	0.633
9020	3551	0.766
9020	1147	0.75
9020	4214	0.864
9020	4690	0.543
51701	3172	0.624
51701	51176	0.499
4842	1487	0.497
4842	387	0.382
4842	0	0
4846	5138	0.337
4846	5138	0.337
27035	0	0
5579	4792	0.558
5579	5604	0.645
5579	5879	0.514
4909	4915	0
4914	1398	0.495
4914	5598	0.497
4914	2885	0.533
4914	3667	0.459
4914	5290	0.5
4914	5335	0.465
4914	6464	0.521
4914	9743	1
3164	581	0.689
3164	596	0.663
0	0	0
5933	898	0.714
5933	7027	0.939
4839	6774	0.683
5295	5290	0.358
5295	6654	0.416
5295	5291	0.344
9564	2889	0.686
9564	1398	0.701
1029	1869	0.638
1029	4193	0.649
1029	5290	0.419
1029	5925	0.651
1030	1021	0.58
1031	1019	0.567
2909	29984	0
2909	0	0
5375	2776	0.121
5375	2776	0.121
5375	2931	0.153
5375	2931	0.153
1026	10097	0.246
1026	10096	0.509
1026	890	1
1026	898	0.513
1026	983	0.499
1026	1017	0.437
1026	1017	0.437
1026	1019	0.476
1026	51085	0.41
1026	5544	0
1026	5111	0.417
1026	5313	0
5715	1017	0.516
2033	4286	0.542
2033	3164	0.585
2033	7157	0.647
1432	1386	0.438
1432	0	0
1432	1050	0.57
1432	3725	0.496
1432	2002	0.494
1432	5601	0.701
1432	9261	0.788
1432	4205	0.5
1432	5604	0.811
1432	5605	0.744
1432	8569	0.766
1432	9252	0.792
1432	4772	0.445
1432	8874	0.517
1432	8550	0.82
1432	5925	0.572
1432	9612	0.483
1432	6667	0.539
1432	6772	0.508
1432	4207	0
1432	79092	0.305
1432	9373	1
1432	2872	0.766
1432	1649	0.577
1432	7867	0.864
1432	7020	0.502
1432	8986	0.689
8874	207	0.563
8874	392	0.63
8874	998	0.675
8874	4792	0.688
8874	2033	0.526
8874	55566	0
8874	5970	0.566
7157	472	0.6
7157	578	0.646
7157	581	0.628
7157	596	0.686
7157	598	0.673
7157	637	0.576
7157	638	1
7157	1017	0.55
7157	355	0.654
7157	1647	1
7157	4193	0.744
7157	1029	0.658
7157	1026	0.579
7157	84172	1
7157	7314	1
7157	665	0.635
7157	666	0.632
7157	5366	1
7157	27113	1
4688	5879	0.569
6198	572	0.596
6198	1390	0.604
6198	2932	0.69
6198	6194	0.685
6198	5704	0.668
6198	29904	0.662
6198	0	0
7161	5544	0
7161	27113	1
6196	472	0.767
6196	545	0.768
6196	572	0.589
6196	572	0.589
6196	1385	0.494
6196	4661	0.429
6196	29904	0.654
26986	1981	0.712
5054	5327	0.668
5058	25	0.645
5058	10097	0.342
5058	10096	0.64
5058	572	0.611
5058	6416	0.906
5058	3984	0.873
5058	5604	0.796
5058	4214	0.848
5058	4638	0.726
5058	103910	1
5058	8874	0.659
5058	5894	0.906
5058	387	0.633
5058	6853	0.683
5062	4214	0.854
5074	2782	0.678
5074	2768	0.575
5074	10672	0.549
5074	2792	0.4
142	4790	0.728
142	9131	0.574
2324	27124	0
5111	1019	0.446
5138	820	1
5145	0	0
5148	5145	0.12
5156	808	0.413
5156	5290	0.52
5156	8720	0.369
5156	6772	0.524
5156	6774	0.541
5163	207	0.688
5164	207	0.703
5164	207	0.703
5164	5163	0.866
5164	50818	0
27043	1234	0.485
27043	7852	0.556
27043	5595	0.655
27043	0	0
27043	6714	0.583
5187	406	0.621
5187	406	0.621
5187	9575	0.709
5187	54205	0.385
5187	1195	0.089
9451	1965	0.588
9451	1965	0.588
5216	71	0.577
10891	2099	0.586
10891	10011	0.75
5290	207	0.663
5290	207	0.663
5290	10575	0.458
5290	998	0.464
5290	5598	0.423
5290	51341	0.289
5290	6517	0.397
5290	5604	0.702
5290	4790	0.502
5290	1432	0.651
5290	27124	0
5290	2185	0.606
5290	5879	0.445
5290	7409	0.445
5290	3611	0.712
5290	0	0
5290	0	0
5290	10000	0.766
5294	2185	0.598
5294	5829	0.424
8394	2934	0.671
8394	27124	0
27124	196	0
27124	1234	0
27124	1605	0
27124	1040	0
27124	5595	0
27124	2934	0
27124	2690	0
27124	808	0
27124	4790	0
27124	5163	0
27124	3632	0
27124	3632	0
27124	50818	0
27124	6502	0
3632	207	0.496
3632	9181	0.506
3632	5163	0.493
3632	27124	0
5567	572	0.618
5567	824	0.572
5567	51085	0.479
5567	1385	0.516
5567	1390	0.594
5567	84152	0.108
5567	4772	0.494
5567	1026	0.596
5567	5524	0.517
5567	6608	0.512
50818	596	0
50818	0	0
50818	23523	0
50818	5535	0
50818	50820	0
50818	1605	0
50818	1956	0
50818	1977	0
50818	1981	0
50818	1981	0
50818	2002	0
50818	0	0
50818	2931	0
50818	3672	0
50818	4082	0
50818	4790	0
50818	4842	0
50818	6198	0
50818	2185	0
50818	5883	0
50818	5894	0
50818	5879	0
50818	8720	0
50818	5704	0
50818	8877	0
50818	5587	0
50818	5589	0
50818	10235	0
50818	6548	0
5578	25	0.643
5578	596	0.583
5578	1977	0.527
5578	2931	0.774
5578	3667	0.506
5578	4082	0.524
5578	2911	0.538
5578	4842	0.393
5578	23236	0.494
5578	5728	0.436
5578	5894	0.849
5578	108	0.344
5578	111	0.363
5578	118	0.481
5578	2890	0.451
5578	156	0.677
5578	94274	0
5578	1716	0.252
5578	1759	0.654
5578	23114	1
5578	2554	0.181
5578	2596	1
5578	2741	0.431
5578	2897	0.055
5578	775	0.487
5578	4133	0.537
5578	4155	1
5578	2917	0.235
5578	282378	0
5578	2903	0.492
5578	774	0.498
5578	9373	1
5578	490	1
5578	10125	0.321
5578	25780	0.327
5578	6616	1
5585	94274	0
5610	1965	0.621
5610	1965	0.621
5610	7099	0.483
3936	2243	0.477
23236	1605	0.375
23236	808	0.502
23236	27124	0
23236	0	0
23236	0	0
5335	0	0
5335	1605	0.474
5335	1973	0.485
5335	808	0.49
5335	5290	0.41
5335	27124	0
5335	50818	0
5335	0	0
5335	0	0
5335	0	0
5340	3936	0.374
5347	4661	0.368
1263	995	0.626
1263	7157	0.615
23647	317	0.656
5464	572	0.026
5524	207	0.551
5524	324	0.463
5524	8312	0.542
5524	8312	0.542
5524	572	0.519
5524	51085	0.451
5524	84152	0.283
5524	10682	0.248
5524	6416	0.506
5524	5609	0.526
5524	5728	0.414
5524	4137	0.429
5524	408	0.551
5495	84152	0.163
8125	317	0.718
8125	836	0.471
5465	3320	0.547
5465	4792	0.564
5465	5601	0.523
5465	9612	0.504
5465	6714	0.529
8550	3315	0.56
5551	1017	0.505
5663	1499	0.585
5663	7314	1
5726	983	0.165
5728	5747	0.474
5728	5290	0.366
5728	27124	0
5728	3632	0.49
5728	0	0
2185	1956	0.703
2185	2309	0.535
2185	2885	0.503
2185	5599	0.6
2185	4205	0.494
2185	5606	0.531
2185	1432	0.631
2185	5879	0.484
2185	6464	0.584
2185	6714	0.689
2185	7248	0.502
2185	3737	0.27
5829	1398	0.609
5829	2534	0.552
5829	9564	0.697
5829	7094	0.706
5829	3611	0.663
5888	675	0.586
5883	596	0.635
5883	598	0.734
5894	572	0.64
5894	11184	0.868
5894	5604	0.823
5894	5605	0.738
8738	835	0.71
5898	10928	0.467
10928	207	0.53
10928	998	0.585
10928	998	0.585
10928	5879	0.595
5900	5898	0.638
5903	5901	0.6
5906	673	0.611
5908	5595	0.589
5908	5879	0.8
5908	29984	1
5914	1499	0.677
5879	317	0.612
5879	5595	0.572
5879	5594	0.565
5879	0	0
5879	4214	0.608
5879	4293	0.508
5879	56259	0.706
5879	4790	0.601
5879	1432	0.481
5879	4688	0.569
5879	5058	0.582
5879	5290	0.445
5879	5894	0.609
5879	5900	0.576
5879	6714	0.578
5879	7430	0.598
5879	673	0.607
5879	369	0.592
5879	5291	0.425
5923	207	0.155
5923	5879	0.18
5923	4893	0.137
5925	890	1
5925	891	0.676
5925	898	0.778
5925	7027	0.698
5925	1869	0.835
5925	4800	0.752
5925	84172	1
5970	3576	0.513
5649	7804	0.171
5649	3688	0.159
5649	7436	0.109
29984	1729	0.4
29984	6093	0.464
29984	280979	0
387	5747	0.59
387	0	0
387	4792	0.624
387	5599	0.486
387	1729	0.684
387	50818	0
387	5829	0.609
387	9475	0.64
387	280979	0
387	5589	0.324
0	0	0
10160	10672	0.111
10160	5585	0.059
10160	5585	0.059
10160	387	0.152
8737	9020	0.748
8737	142	0.687
8737	4215	0.766
8737	8476	0.772
9978	4088	0.557
6093	3984	0.927
6093	23209	0.669
6093	4638	0.765
6093	4660	0.468
6093	103910	1
6093	4542	0.513
6093	1488	1
6093	2623	0.582
9475	3984	0.822
9475	4660	0.468
9475	103910	1
9475	94274	0
9475	1808	0.611
9475	832	0.658
6098	2309	0.64
6197	572	0.761
6197	1385	0.492
6197	2353	0.612
6197	8290	1
55811	51761	0
6295	29984	0
56681	4087	0
56681	7046	0
6387	175	0
6387	2776	0.445
6387	2792	0.208
462	2147	0.576
462	2152	0.811
6464	5595	0.515
6464	2885	0.748
6464	5290	0.529
6464	5879	0.5
6464	6654	0.475
6464	3635	1
5777	3716	0.558
5777	3717	0.556
5777	6464	0.483
5777	6776	1
5777	7409	0.593
5777	367	0.562
5777	3937	1
5777	6778	0.649
5777	1500	0.627
5777	3815	0.583
5781	2549	0.66
5781	2885	0.58
5781	5604	0.463
5781	5290	0.419
5781	5829	0.507
5781	5829	0.507
5781	10252	1
5781	9846	0.538
25942	0	0
51763	50818	0
6500	4088	0.542
6500	4851	0.618
6500	2059	0.661
6500	4855	0.717
6500	6929	0.539
4088	9734	0.625
4088	4089	0.813
4089	993	0.594
4089	10140	0.57
4089	51176	0.667
4089	367	0.742
4089	2059	0.574
4089	126961	0
4089	5430	0.638
4090	1386	0.45
4091	4086	0.736
4092	4087	0.784
4092	4088	0.752
6608	2735	0.571
6608	2736	0.564
6608	2737	0.518
6608	4088	0.513
6608	6667	0.541
6608	10499	0.497
6608	1855	0.573
6608	1308	1
6608	5899	0.528
6609	581	1
6609	4214	1
6609	1329	0
6610	6609	0
9612	2099	0.474
9612	2100	0.541
9612	5241	0.665
6615	999	0.561
6615	1588	0.253
6647	0	0
9530	7132	0.457
9530	8717	0.363
9530	1796	0.64
9530	10657	0.646
9530	1646	0.095
9530	3691	0.475
9530	3815	0.399
9530	6934	0.351
6654	92170	0.4
6654	5879	0.535
6654	4893	0.728
6655	8874	1
6655	8874	1
6670	6667	1
8877	8720	0.369
10252	867	1
10252	1950	1
10252	9628	1
10252	2885	1
10252	5787	1
6714	2889	0.546
6714	867	0.666
6714	1956	0.686
6714	5747	0.77
6714	3716	0.692
6714	5604	0.684
6714	9564	0.598
6714	2909	0.103
6714	5335	0.552
6714	2185	0.689
6714	5829	0.556
6714	5879	0.578
6714	387	0.562
6714	6464	0.746
6714	25942	0.556
6714	6774	0.601
6714	6850	0.793
6714	7410	0.565
6714	156	0.664
6714	156	0.664
6714	2017	1
6714	1759	0.609
6714	2554	0.093
6714	28964	1
6714	2741	0.503
6714	775	0.528
6714	4593	0.703
6714	2903	0.532
6714	10657	0.606
6714	6712	0.321
6714	10188	0.684
6714	10000	0.714
6714	50807	1
6714	858	0.577
6714	2059	0.632
6714	9846	0.57
6714	28996	0.635
6714	3815	0.704
6714	5359	0.598
6714	10044	0.631
6714	6934	0.572
6722	2626	0.764
6772	10379	1
6773	10379	1
6774	2588	0.041
6774	148022	0.713
6774	6772	0.79
51684	1499	0.709
51684	6608	0.598
51684	6935	0.778
51684	1856	0.696
51684	3691	0.716
51684	3815	0.679
51684	5037	0.739
7341	1487	0.621
6850	29760	0.565
6850	27040	0.61
6850	5335	0.509
6850	6464	0.644
6850	7409	0.591
6850	203068	0.576
6850	5336	0.542
6850	3937	1
10454	5606	0.784
10454	9020	0.616
10454	51701	0.59
10454	1432	0.505
10454	6885	0.589
23118	6885	0.568
6885	5599	0.723
6885	6416	0.858
6885	5604	0.781
6885	5606	0.617
6885	5608	0.617
6885	5609	0.612
6885	9020	0.844
6885	51701	0.772
6885	6608	0.497
6885	10454	0.589
6885	10000	0.864
6885	28996	0.679
2783	0	0
6909	1029	0.579
7015	5728	0.337
7015	5728	0.337
7031	317	1
7031	2688	1
7031	3688	1
7032	317	1
7032	2688	1
7032	3688	1
7040	7046	0.597
7046	4087	0.658
7046	4088	0.592
7046	6885	0.695
7046	7048	0.865
7046	960	0.539
7046	2022	0.724
7046	2339	0.474
7046	5520	0.469
7048	10454	0.47
7048	7046	0.865
7048	7049	0.873
7048	23002	0.498
7048	8668	0.46
7048	2022	0.775
7049	7040	0.585
9093	3551	0.623
9093	3717	0.573
10499	367	0.562
7124	7132	0.621
7124	7133	0.682
7132	6416	0.663
7132	8717	0.612
7133	7186	0.637
8658	5728	0.393
8717	8772	0.643
8717	8737	0.764
8717	7186	0.634
7186	4217	0.645
7186	4217	0.645
7186	60489	0.555
7186	4792	0.69
7186	4023	0.521
7186	5604	0.544
7186	9525	0.561
7186	9525	0.561
7186	4790	0.578
7186	7157	0.669
7186	6885	0.587
7186	330	0.647
7186	29843	0.523
7189	51295	0.525
7189	1147	0.55
7189	5606	0.68
7189	4214	0.673
7189	10454	0.534
7189	23118	0.523
7189	6885	0.549
7204	5879	0.579
7001	8841	0.072
7248	6097	0.576
7249	7248	0.778
7249	54386	1
7275	2776	0.728
7291	1029	0.606
2793	5145	0.201
2793	2783	0.636
7297	6772	0.568
7297	6773	0.686
7297	6775	0
7314	581	1
7314	5694	0.462
7314	1629	0
7314	4040	1
7314	5715	1
7409	207	0.536
7409	5879	0.578
7409	29984	0.4
7409	387	0.635
7410	207	0.534
7410	392	0.623
7410	998	0.592
7410	5879	0.579
7422	3091	0.548
3791	207	0.605
3791	207	0.605
3791	5747	0.635
3791	5290	0.584
3791	5335	0.51
3791	6464	0.599
7434	820	0.538
8936	317	0.669
8936	10095	0.487
10163	317	0.72
10810	317	0
11197	7471	0.602
7471	8321	0.547
7471	8321	0.547
7471	3691	0.633
9049	196	0.609
9049	317	0.584
9049	3320	0.565
7498	0	0
331	332	0.67
331	836	0.421
331	840	0.555
331	842	0.63
331	842	0.63
331	1111	0.589
331	56616	1
331	5599	0.527
331	10454	0.714
331	6885	0.615
331	150684	0.633
7535	22915	0
7535	7410	0.621
7535	203068	0.597
7535	3937	1
6935	999	0.536
134	2773	0.621
134	0	0
135	0	0
135	0	0
8	5578	0
107	820	0
108	820	0.659
111	820	0.659
2261	1139	0.238
2261	1128	0.215
2261	1129	0.047
2261	1132	0
162	1211	0.695
162	1759	0.857
162	2554	0.24
0	134	0
0	135	0
952	0	0
148	2776	0.295
148	2767	0.207
148	0	0
150	2773	0.278
150	2775	0.271
150	0	0
1139	0	0
29091	6616	0
29091	6809	0
2890	0	0
0	1268	0
0	1269	0
64682	1499	0
57448	842	0.648
57448	56616	1
57448	27429	0.572
10603	867	0.574
10603	7410	0.608
55738	0	0
10564	0	0
9266	0	0
10095	280979	0
9532	596	0.691
9532	5894	0.841
10134	596	1
10134	598	1
10134	841	1
156	185	0.392
156	154	0.41
156	2776	0.467
156	1813	0.449
156	1129	0.047
156	4988	0.382
156	11318	0.599
156	367	0.533
627	4915	0
408	185	0.487
408	4217	0.593
408	154	0.497
408	8215	0
408	8321	0.587
408	175	0
408	4792	0.706
408	3667	0.604
408	5604	0.557
408	1432	0.522
408	5290	0.46
408	5894	0.601
408	387	0.568
408	6714	0.574
408	4988	0.469
408	2150	0.6
408	5144	0.546
408	367	0.669
408	5602	0.507
408	5602	0.507
408	64414	0
10018	578	0.783
10018	581	0.673
10018	596	0.615
10018	598	0.702
10018	599	0.789
10018	4170	0.599
3309	0	0
623	2776	1
623	2767	0.621
623	2773	0.621
623	0	0
0	623	0
673	11184	0.845
673	5604	0.801
673	5605	0.726
0	6261	0
9478	815	0.621
0	572	0
0	1385	0
0	84152	0
0	3708	0
0	4772	0
0	4842	0
0	4137	0
0	814	0
0	2554	0
0	5502	0
0	775	0
0	4133	0
0	2903	0
0	84867	0
0	6853	0
0	203068	0
801	3708	0
801	4082	0
801	4638	0
801	4842	0
801	23236	0
801	5923	0
801	107	0
801	118	0
801	9495	0
801	156	0
801	0	0
801	815	0
801	814	0
801	10645	0
801	1813	0
801	1612	0
801	29904	0
801	8826	0
801	2917	0
801	10497	0
801	2903	0
801	27360	0
801	5136	0
801	5153	0
801	5137	0
801	490	0
801	5864	0
801	4893	0
801	53827	0
801	6014	0
801	9610	0
801	6261	0
801	6712	0
801	9218	0
815	1385	0.534
815	4842	0.432
815	5923	0.245
815	6885	0.799
815	2890	0.538
815	3751	0.607
815	4133	0.662
815	774	0.603
815	5527	0.673
815	22895	0.649
815	9743	1
815	6261	0.619
815	1739	0.581
815	84687	0.627
815	6853	0.723
815	6857	0.569
815	8831	0.343
815	6809	0.665
815	7074	0.142
815	9846	0.588
814	1385	0
814	1390	0
814	4842	0
814	6853	0
10645	207	0.505
10645	8536	0.554
10645	814	0
9647	8536	0.503
9647	815	0.617
9647	814	0
11069	22999	0.583
10156	4893	0.145
53944	4772	0
53944	4137	0
53944	286	0
53944	1855	0
53944	5055	0
53944	490	0
53944	6809	0
53944	10716	0
857	2534	0.551
1268	2773	0.379
1268	2775	0.379
1268	0	0
1269	2773	0
1269	2775	0
1269	0	0
868	1398	1
868	1956	1
868	2534	1
868	2885	1
868	3932	1
868	5290	1
868	6464	1
868	6714	1
868	7410	1
868	9846	1
64781	5894	0.367
0	5578	0
0	64781	0
0	5501	0
0	5527	0
0	5138	0
0	5139	0
0	5140	0
0	5593	0
0	6855	0
330	836	0.451
330	840	0.63
330	841	0.459
330	56616	1
330	8915	0.581
1072	280979	0
1277	3688	0.639
94274	4660	0
1808	203068	0.577
80331	0	0
80331	774	0
1329	317	0
1812	2773	0.399
1812	0	0
1812	0	0
1813	2773	0.369
1813	2775	0.341
1813	2781	0.367
1813	0	0
1814	2885	0.532
1814	2773	0.412
1814	2775	0.369
1814	0	0
1612	6809	0.621
0	317	0
1636	0	0
1716	1605	0.031
1855	8312	0.736
1855	2149	0.607
8448	10497	1
1796	5921	1
4985	2773	0.444
4985	2775	0.393
4985	0	0
1859	1965	0.524
1859	4137	0.533
1859	7321	0.631
29904	1938	0.318
23362	0	0
8669	1982	0.931
6456	1601	0.623
6456	1856	0.888
6456	3815	0.735
6456	5037	0.716
5179	4985	0.507
5179	4986	0.507
5179	4988	0.445
5179	4987	0.587
1948	1796	1
1948	5921	0.619
0	1948	0
55914	4088	0.525
2241	1499	0.54
2335	3688	0.835
3350	2773	0.476
3350	0	0
3350	2781	0.457
3350	0	0
3356	2776	0.213
3356	0	0
3360	0	0
3360	0	0
11146	0	0
8637	1977	0.563
0	2550	0
2554	0	0
2550	2775	0.391
2550	0	0
10287	2776	0.702
2773	108	0.104
2773	111	0.112
0	107	0
0	108	0
0	111	0
2781	107	0
2781	111	0.096
6507	0	0
0	3667	0
0	5290	0
0	23236	0
0	107	0
0	108	0
0	156	0
0	3760	0
0	3736	0
0	774	0
0	773	0
0	5921	0
0	6809	0
2668	5947	0.151
3760	0	0
9229	4842	1
0	2911	0
0	2890	0
0	2897	0
0	2917	0
0	2903	0
0	2741	0
0	2903	0
6536	0	0
2887	5290	0.431
9743	207	1
9743	392	1
9743	998	1
3055	5335	0.516
3055	2005	0.628
3055	2697	0.625
3055	5801	0.598
3208	4671	0.646
9455	6261	0
5502	5501	0.566
3611	207	0.712
3611	2931	0.838
3611	94274	0
3611	10000	0.895
5055	5501	0.329
0	3708	0
8826	4893	0.728
8660	5295	1
8660	5290	1
8660	5296	1
9479	5599	0.461
9479	6416	0.577
9479	5609	0.561
9479	1432	0.442
9479	5923	0.196
9479	8788	0
9479	4294	0.34
9479	7074	0.126
0	0	0
3761	0	0
3766	0	0
4986	2773	0.453
4986	2775	0.4
4986	0	0
10256	5894	0.557
3736	0	0
3737	0	0
3739	0	0
3750	0	0
3751	0	0
3897	7430	0
23365	392	0.668
51176	4286	0.634
28992	8321	0.563
775	0	0
1128	2776	0.297
1128	2767	0.297
1128	0	0
1129	2773	0.426
1129	2775	0.426
1129	0	0
1132	1917	0
1132	2773	0
1132	0	0
10746	5594	0.865
10746	6416	0.935
10746	5609	0.763
10746	60675	0.635
10746	5607	0.935
8491	1432	0.792
50488	1432	0.792
10746	6416	0.935
4215	6416	1
4215	5609	0.698
4215	8491	0.933
4215	5607	1
4216	6416	0.814
4216	5609	0.592
4216	8491	0.776
4216	50488	0.776
2917	2773	0.189
2917	2775	0.162
2917	0	0
11221	5599	0.255
11221	5600	0.348
11221	5603	0.348
11221	5601	0.278
11221	1432	0.287
11221	5602	0.276
11221	6300	0.336
4294	6416	0.701
4294	5609	0.439
4294	1742	0.271
4294	6416	0.701
79092	1977	0.305
4988	2773	0.418
4988	2775	0.385
4988	0	0
8649	5594	0.584
8649	11184	0.573
10497	6809	0.675
25924	815	0.749
2035	2890	0.44
4671	836	0.473
4671	840	0.675
4671	842	0.648
85407	8215	0
85407	8321	1
4690	25	0.494
4690	5058	0.581
4690	8976	0.644
1991	154	0.475
1991	148	0.235
1991	150	0.443
4763	4893	0.728
2903	0	0
2903	5335	0.473
2903	1741	0.578
0	2983	0
4987	2773	0.544
4987	2775	0.471
4987	0	0
9518	2064	0
774	0	0
7533	572	0.598
7533	3667	0.646
7533	4772	0.514
7533	5894	0.608
7533	673	0.607
7533	1072	1
7533	2308	0.619
7533	7158	0.552
7533	9610	1
0	23236	0
0	5501	0
0	30011	0
5828	5724	0.538
5724	2776	0.399
5724	2773	0.376
5724	2775	0.292
5724	0	0
2150	2776	0.625
2150	0	0
8850	367	0.577
5136	0	0
5153	0	0
5137	0	0
5139	820	0
5140	820	1
5141	820	1
5142	820	0.507
5143	820	0.148
5144	820	1
8654	0	0
5154	5159	0.648
5159	5335	0.485
5159	5781	0.426
5159	10603	0.424
29943	0	0
5170	207	0.665
5170	6198	0.71
5170	6196	0.718
5170	50818	0
5170	5578	0.714
5170	6195	0.677
5170	10000	0.747
5170	5590	0.714
9693	54386	1
9693	5911	0.437
2983	0	0
9463	2917	0.23
5300	3725	0.482
5300	1499	0.52
0	207	0
0	836	0
0	841	0
0	842	0
0	1605	0
0	2934	0
0	8936	0
0	9266	0
0	156	0
0	1759	0
0	3760	0
0	490	0
0	22895	0
0	6261	0
0	207	0
0	5578	0
0	7410	0
0	9266	0
0	3611	0
0	5170	0
0	30011	0
5305	0	0
5566	154	0.452
5566	572	0.604
5566	1387	0.469
5566	1385	0.506
5566	84152	0.091
5566	3708	0.424
5566	4772	0.485
5566	4790	0.576
5566	4842	0.382
5566	1432	0.654
5566	23236	0.477
5566	5335	0.533
5566	5894	0.698
5566	5894	0.698
5566	5906	0.503
5566	6714	0.624
5566	4137	0.565
5566	118	0.435
5566	2890	0.446
5566	2668	0.422
5566	673	0.688
5566	10645	0.413
5566	1812	0.422
5566	2316	0.551
5566	2554	0.134
5566	2741	0.428
5566	5502	0.496
5566	2897	0.048
5566	3761	0.555
5566	3751	0.479
5566	775	0.479
5566	4133	0.522
5566	2917	0.204
5566	8428	0.691
5566	2903	0.483
5566	5139	0
5566	5140	0.482
5566	5144	0.542
5566	8654	0.098
5566	490	1
5566	773	0.476
5566	22895	0.525
5566	54386	1
5566	22999	0.549
5566	23557	0.55
5566	84687	0.505
5566	84867	0.144
5566	6853	0.66
5566	64414	0
5566	5256	0.2
5587	7533	0.614
5587	9846	0.585
5593	1385	0.551
5593	4842	0.619
5593	952	0
5593	2917	0.256
5593	8654	0.312
5569	5566	0.579
10887	1965	0
9373	8	0
490	0	0
5501	596	0.6
5501	1385	0.541
5501	815	0.66
5501	1072	1
5501	2903	0.539
5527	207	0.526
5527	572	0.62
5527	596	0.582
5527	8536	0.596
5527	1385	0.488
5527	2931	0.525
5527	9564	0.713
5527	814	0
5527	1072	1
5527	775	0.505
5527	4744	0.453
5527	2903	0.516
5494	8312	0.666
5494	572	0.532
5536	4137	0.582
773	0	0
3276	10657	0.608
832	280979	0
832	0	0
1742	4130	0.502
5770	3643	0.462
5786	2534	0.518
5786	3932	0.581
5786	6714	0.549
2664	5864	0.505
22895	5864	0.623
23613	2534	0.536
54386	5894	1
54386	5900	1
54386	673	1
5909	5906	0.527
5909	54386	1
5911	5900	0.696
5911	4893	0.728
4893	5290	0.728
4893	5894	0.728
4893	5900	0.728
4893	673	0.728
4893	4296	0.728
5921	207	0.559
5921	5879	0.57
5921	4893	0.728
10125	4893	0.324
25780	54386	0.621
25780	4893	0.349
5947	2885	0.342
5947	6464	0.687
5997	2776	0.688
5997	2767	0.382
5997	2773	0.394
5999	2776	0.428
6009	5894	0.685
22999	10497	0.711
22999	7533	0.593
22999	5864	0.685
22999	22895	0.623
22999	6616	1
22999	6857	0.536
9610	4893	0.728
6195	572	0.698
6195	1385	0.473
6195	9978	0.555
6195	29904	0.572
6195	0	0
777	0	0
6261	0	0
0	5704	0
0	6729	0
10657	1387	0.502
1739	2897	0.03
11231	3309	0.633
11231	0	0
0	3350	0
0	3358	0
0	3356	0
0	3360	0
50944	8874	0.541
30011	3717	1
30011	10252	1
30011	89	1
30011	5947	0.342
6478	7410	0.701
10572	598	0.598
6616	774	1
23557	111	0.439
23557	6616	1
0	6507	0
0	3760	0
6717	6261	0.498
6494	54386	1
84687	5501	0.567
6729	0	0
6729	6734	1
6734	0	0
0	6751	0
0	6752	0
6751	2773	0.426
6751	2775	0.426
6751	0	0
6752	2773	0.409
6752	2775	0.361
6752	0	0
6752	30011	1
84867	5594	0.233
84867	8520	0.253
84867	11143	0.344
9900	6857	0.667
6853	280979	0
6853	2781	0.419
6857	775	0.462
6857	777	0.096
6857	6809	0.501
8831	4893	0.071
9751	6809	0.352
6809	3736	0.522
6809	774	0.516
0	6850	0
6932	6722	0.775
6932	51176	0.753
7454	10097	0.238
7454	1268	0
7074	207	0.082
4915	2534	0.38
4915	3667	0.224
4915	6464	0.272
4915	8660	0.702
5644	2150	0.369
203068	1759	0.703
7408	280979	0
7417	578	0.717
7417	578	0.717
7417	581	0.701
7417	1329	0
7448	3688	0.757
7443	1386	0.425
7475	8321	1
7475	28992	0.44
2872	1977	0.636
9611	2099	0.57
9611	5241	0.739
11318	408	0.599
43	317	0.475
43	1329	0
10188	7094	0.463
10188	7414	0.478
10188	4168	1
10000	572	0.664
10000	572	0.664
10000	581	0.652
10000	842	0.645
10000	2931	0.815
10000	7248	0.642
10000	331	0.691
10000	2308	0.648
10000	5140	0.546
51074	317	0.604
367	2770	0.575
367	2767	0.331
367	6772	0.768
367	2308	0.675
367	50807	1
367	4486	0.577
367	7329	0.626
369	5604	0.83
369	5605	0.737
369	7337	0.8
9459	207	0.543
9459	998	0.564
9459	5058	0.609
5414	331	0.585
50807	1029	1
50807	367	1
29108	581	0.68
57099	317	1
10017	581	0.83
23786	1329	0
599	572	0.666
599	578	0.993
599	581	0.83
599	637	0.741
599	638	1
599	10018	0.789
613	6850	0.861
51283	841	0.499
7009	581	0
90427	596	1
90427	598	1
90427	599	1
90427	4170	1
664	596	0.756
664	598	0.876
665	596	0.734
665	598	0.84
666	1329	0
9970	0	0
9970	5604	0.353
9970	156	0.344
9970	6646	0.353
1513	581	0.277
25776	1499	0.568
930	5295	0.343
930	7409	0.343
940	916	0.606
961	664	0.678
9350	7471	0.158
3880	842	0.566
1119	8312	0.308
1119	1499	0.251
1119	8215	0
4963	637	0
1195	5187	0.089
4934	572	0
4934	4772	0
10524	4851	0.622
10524	367	0.576
10524	351	0.598
10524	28514	0.572
10524	3714	0.572
10524	4853	0.575
10524	4854	1
10524	4855	0.613
84876	0	0
1410	581	0.794
1410	598	0.829
1410	836	0.512
1493	916	1
5478	9131	0.48
10870	5290	0.47
10870	5335	0.568
10870	7409	0.696
10870	3937	1
190	2099	0.622
190	7471	0.425
8771	356	0.857
22861	317	0.923
22861	842	0.759
11315	581	0.475
10294	581	0.649
140735	90427	0
7786	6416	0.902
7786	5609	0.757
1400	581	1
2100	2099	0.827
2065	5295	0.501
5783	841	0.475
5783	8772	0.58
2247	2263	0.512
2247	6383	0.568
2263	5335	0.493
2263	6464	0.606
2263	10818	0.464
2263	6646	0.445
9994	841	0.394
6422	8321	0.848
6422	7471	0.38
10818	2885	0.691
10818	5781	0.506
1	23368	0
2778	427	0.28
6540	5148	0
629	427	0.373
629	427	0.373
629	1956	0.128
629	5290	0.218
629	5879	0.226
629	156	0.229
629	1839	0
629	3339	0.276
23092	29984	0.4
9265	1029	0.076
1839	1956	0.186
3094	5894	0.607
8739	596	1
8739	598	1
8739	599	1
8739	4170	1
3329	836	0.484
3329	839	0.544
3303	9131	0
6383	2247	0.568
6383	2263	0.59
83696	6850	0
3802	5777	0.696
56998	1499	0.55
80319	8215	0
3440	3454	0.589
3454	3716	0.533
3454	7297	0.536
9641	3661	0.678
3596	3597	1
3596	3598	0.621
3597	3717	1
3597	7297	1
3597	3566	1
3598	3566	0.661
3561	3718	0.395
3566	3716	0.506
3566	3597	1
3566	3561	0.637
3570	3716	0.46
55437	331	1
4188	3172	1
3630	3643	0.501
51135	7189	0.575
11213	3654	0.838
11213	51135	0.767
3702	5335	0.496
3718	3716	0.895
5602	1386	0.421
5602	3725	0.485
5602	4772	0.433
5602	7157	0.549
5602	6464	0.496
5602	319	0.376
2547	581	0.573
607	1499	1
79444	836	0.466
79444	840	0.6
79444	842	0.693
4018	9170	0.568
4035	8312	0.572
4035	8321	0.592
4035	7471	0.391
9175	6416	0.83
9175	5609	0.718
1845	5599	0.186
1845	5601	0.191
1845	5602	0.189
64112	581	0.673
64112	596	0.685
64112	598	0.714
7867	3315	0.568
4170	578	0.8
4170	581	0.876
4170	10018	0.599
4170	1329	0
4170	666	0.781
7020	3725	0.801
5607	5598	0.727
9927	578	0.783
9927	581	0.673
1846	5595	0.114
1846	5594	0.144
1846	5599	0.124
1846	5601	0.114
1846	5602	0.114
1848	5595	0.135
1848	5594	0.144
1852	5595	0.567
1852	5594	0.559
4296	6416	0.804
4296	5609	0.644
4342	5604	0.666
4342	5605	0.489
8986	1385	0.491
8986	1978	0.509
8986	466	0.547
4836	637	0.743
5366	578	1
5366	581	1
5366	596	1
5366	598	1
5366	4170	1
10193	57448	0.852
55075	317	1
8976	280979	0
27429	331	0.561
27429	57448	0.572
27429	10456	0.569
5291	23368	1
5291	54545	1
925	8739	1
8503	5291	0.92
10714	2099	0.455
10714	10011	0.582
23368	5291	1
5296	5291	0.861
1844	5595	0.501
1844	5594	0.503
51237	842	1
79581	8215	0
64414	820	0
5256	5834	0
8554	4089	0.625
8554	6772	0.573
11040	572	0.494
5590	6198	0.853
5590	5037	0.625
3339	1605	0.549
3339	0	0
3339	0	0
5336	1605	0.489
5241	2099	0.69
5621	581	0.711
5757	8125	0
5757	1329	0
10076	3716	0.525
10076	6772	0.54
10076	7297	0.526
27113	581	1
27113	596	1
27113	598	1
27113	599	1
27113	4170	1
5834	5837	0
26108	607	1
10235	5879	0.339
11331	2099	0.466
5308	2770	0.514
5308	2776	0.503
5308	2778	0.446
8204	2099	0.458
1969	2885	0.566
1969	5335	0.527
1969	6464	0.592
1969	1	0
1969	23368	1
6259	8215	0
6259	8321	0.632
6296	473	0
23013	9611	0.748
23013	10011	0.709
23013	23426	0.637
8431	2099	0.51
6597	1499	0.657
6597	2099	0.537
1154	3643	1
1154	3716	1
1154	3717	1
56848	598	0.637
10011	2099	0.456
10011	10714	0.582
6646	1026	0.37
6646	6772	0.478
29110	3661	0.689
7006	7409	0.646
7006	1796	1
23389	2099	0
6097	1978	0.56
6097	6198	0.57
1326	5604	0.788
1326	5605	0.701
55240	665	1
7318	7189	0.184
8457	79370	0
54739	331	0
51776	6416	0.785
51776	5609	0.713
7791	7408	0.734
102	28514	0.645
6868	4851	0.526
83737	6456	0.649
83737	3815	0.608
25898	367	0.592
59343	6934	0.554
667	10048	0.666
667	7472	0.615
960	4088	0.533
960	4089	0.551
960	2059	0.555
1025	126961	0
4435	9846	0.525
1459	1855	0.697
1459	2059	0.675
1213	5781	0.512
1213	7471	0.422
1213	23426	0.599
1213	3636	0.602
10987	4089	0.603
1453	2059	0.681
1454	1855	0
10664	23002	0.574
23002	367	0.584
1601	3398	0.588
1601	3399	0.572
55802	7471	0.492
1999	1855	0.655
1999	1915	0.619
1999	9846	0.541
5045	4851	0.491
2535	6722	0.181
2535	1855	0.268
2535	1856	0.319
2535	2059	0.26
9846	6464	0.653
9846	5777	0.503
9846	6772	0.529
9846	6774	0.576
9846	7410	0.542
9846	2887	0.545
9846	5338	1
9846	5921	0.538
9846	634	0.591
9846	2060	0.546
9846	2059	0.646
9846	3875	0.559
9846	9063	0.481
9846	6004	0.549
9846	6777	0.554
9846	6934	0.537
8520	5781	0.474
8520	6774	0.595
8520	2887	0.589
8520	84867	0.253
8520	8290	1
8520	5515	1
8520	5801	0.528
8520	6929	0.517
8520	7050	0.528
11143	9978	1
11143	4087	1
11143	4088	1
11143	6774	1
11143	2887	1
11143	84867	0.344
11143	367	1
11143	9541	1
11143	5515	1
11143	5801	1
11143	9712	0.512
11143	10044	1
11143	6929	1
11143	7050	1
11143	8462	0.593
28996	2516	0.617
3815	6772	0.62
3815	6776	1
3815	7409	0.616
3815	161742	0.559
3815	200734	0.559
3815	6777	0.662
3955	4851	0
3955	4853	0
4242	28514	0
4242	182	0
4242	4853	0
9063	4089	0.598
4316	3691	0
8650	4851	1
56924	367	1
51588	51176	0.479
51588	6934	0.572
23509	4088	0.018
23509	1855	0.051
23509	2887	0.103
23509	4851	0.059
23509	858	0.082
23509	28514	0.103
23509	182	0.069
23509	5076	0.066
23509	5515	0.206
5515	815	1
5515	25898	1
5580	1601	0.488
5580	3655	1
5580	3691	0.543
5582	1601	0.221
5582	1856	0.306
5582	5037	0.3
8643	1796	0.23
8643	3815	0.141
5782	5359	0.598
5801	3055	0.598
5801	8520	0.528
5801	11143	1
10048	6608	0.557
2963	6608	1
2963	5801	1
2962	5430	0.634
2962	10048	0.63
2962	7472	0.583
9712	2668	0.233
9712	815	0.281
9712	4131	0.326
9712	25898	0.237
9712	8668	0.323
9712	2059	0.406
9712	4853	0.285
29843	10499	0.518
2516	51176	0.653
2516	4602	0.734
2516	6934	0.683
57154	4092	0.7
57154	7046	0.657
58533	4155	1
58533	7337	0.725
9021	1857	0.647
57559	8520	1
6777	5607	0.689
7329	367	0.626
7329	7337	0.717
7321	6498	0.664
7322	4087	0.512
7323	4087	0.512
7337	8520	0.645
7337	11143	1
8409	8520	0.533
8409	11143	1
7472	23509	0.069
8882	29843	0.577
