10971	572	0.559
10971	572	0.559
10971	581	0.624
10971	596	0.539
10971	2309	0.506
10971	2308	0.455
7128	1843	0.472
7128	7186	0.619
7128	7189	0.699
5345	3936	0.352
4961	397	0
4961	2932	0
4961	4137	0
25	1020	0.652
25	1398	0.63
25	5599	0.656
25	1029	0.644
25	7161	0.588
25	5829	0.442
25	5888	0.535
25	5883	0.417
25	7410	0.679
25	1796	0.357
25	7158	0.532
427	51761	0.114
427	820	0.02
427	2588	0.612
1145	808	0.459
71	317	0.286
87	280979	0
87	7791	0.452
8038	1950	0.394
4303	355	0.369
185	0	0
185	3716	0.352
186	4683	0.401
11214	387	0.447
207	4303	0.582
207	572	0.706
207	572	0.706
207	842	0.568
207	842	0.568
207	1385	0.663
207	2309	0.592
207	5871	0.49
207	2908	0.483
207	2931	0.699
207	2932	0.683
207	2932	0.683
207	2792	0.415
207	3320	0.598
207	3551	0.622
207	1147	0.616
207	8517	0.587
207	4193	0.626
207	4214	0.515
207	4293	0.419
207	2475	0.691
207	4846	0.58
207	5058	0.622
207	5894	0.729
207	5894	0.729
207	5879	0.641
207	6647	0.59
207	6774	0.603
207	7015	0.36
207	7248	0.52
207	280979	0
207	2308	0.657
207	4216	0.461
207	4294	0.565
207	4294	0.565
207	7158	0.446
207	4296	0.484
657	1386	0.573
353	5562	0.262
5562	31	0.445
5562	1026	0.625
4878	2983	0.362
317	842	0.676
317	54205	0.618
317	57591	0.317
324	8312	0.569
324	1499	0.452
333	7314	0.303
375	5581	0.482
375	5333	0.391
392	387	0.447
392	9475	0.206
392	11113	0.185
392	5305	0.16
393	387	0.574
394	29984	0.782
394	387	0.391
395	387	0.535
9138	392	0.615
9138	387	0.625
9826	387	0.696
7984	387	0.902
405	196	0.575
10097	280979	0
4217	5599	0.661
4217	6416	0.578
4217	5606	0.64
4217	5608	0.577
4217	5609	0.594
1386	3725	0.844
1386	3458	0.537
1386	3558	0.533
1386	3565	0.635
1386	0	0
1386	7193	0
472	25	0.635
472	672	0.658
472	675	0.633
472	1111	0.743
472	11200	0.752
472	2177	0.541
472	4683	0.726
472	4790	0.483
472	7157	0.676
472	7157	0.676
51761	820	0.305
51761	820	0.305
51761	842	0.265
545	472	0.782
545	672	0.569
545	1111	0.782
545	11200	0.728
545	2177	0.62
545	7157	0.59
545	1263	0.567
545	5884	0.743
551	0	0
8312	1499	0.618
8312	2931	0.607
8312	4214	0.43
8312	4216	0.435
154	0	0
154	0	0
572	578	0.715
572	581	0.701
572	596	0.688
572	596	0.688
572	598	0.662
572	598	0.662
572	842	0.722
572	599	0.468
578	572	0.715
578	598	0.68
578	56616	0.662
578	1329	0.185
581	572	0.701
581	578	0.845
581	596	0.745
581	596	0.745
581	56616	0.636
581	1329	0.134
596	317	0.511
596	572	0.688
596	578	0.709
596	581	0.745
596	598	0.762
596	637	0.632
596	638	0.424
596	6609	0.385
596	10018	0.634
596	1329	0.17
596	9445	0.156
596	5366	0.686
598	317	0.583
598	572	0.662
598	578	0.68
598	581	0.701
598	596	0.762
598	637	0.734
598	638	0.582
598	638	0.582
598	54205	0.543
598	7157	0.599
598	10018	0.717
598	1329	0.149
598	79370	0.548
598	666	0.621
598	5366	0.705
637	578	0.713
637	581	0.78
637	1329	0.167
637	7417	0
638	596	0.424
638	598	0.582
332	56616	0.426
332	331	0.466
332	56604	0
29760	2885	0.639
29760	7409	0.689
29760	5336	0.582
659	1386	0.429
695	355	0.529
695	5335	0.629
695	5336	0.705
8945	1499	0.322
8945	1499	0.322
2889	5906	0.839
2889	54386	0.367
2889	4893	0.705
0	824	0
0	889	0
0	816	0
0	0	0
0	1452	0
0	1455	0
0	30818	0
0	2978	0
0	4772	0
0	4790	0
0	4846	0
0	50818	0
0	5578	0
0	5319	0
0	5524	0
0	2185	0
0	111	0
0	89	0
0	801	0
0	821	0
0	811	0
0	10156	0
0	8448	0
0	1759	0
0	3208	0
0	23413	0
0	22895	0
0	10125	0
0	6717	0
0	9900	0
0	6853	0
0	6857	0
0	7447	0
0	4934	0
23523	10014	0.468
23523	0	0
790	1676	0.225
5535	23523	0
5535	4772	0
5535	4842	0
823	581	0.316
823	637	0.328
823	23523	0.308
823	842	0.275
823	5747	0.36
823	5829	0.234
823	5879	0.264
823	387	0.291
823	7094	0.336
823	4137	0.391
823	7430	0.33
823	2890	0.201
823	4133	0.288
823	2903	0.126
823	6712	0.194
824	23523	0.337
824	5747	0.349
824	5829	0.348
824	7094	0.395
831	823	0.367
831	7430	0.185
889	23523	0.386
889	5535	0
889	8536	0.439
889	4772	0.388
889	2185	0.512
8536	1385	0.426
8536	10014	0.521
8536	4208	0.473
8536	9734	0.479
8536	5879	0.415
8536	6853	0.324
816	1385	0.6
816	4137	0.418
820	10411	0.254
820	5567	0.236
820	5567	0.236
820	5576	0.291
820	11069	0.262
820	5566	0.245
820	1260	0.304
10487	4661	0.511
10487	4661	0.511
10498	1387	0.603
10498	1499	0.351
10498	2033	0.492
843	317	0.66
843	836	0.581
843	2188	0.602
843	248	0.098
843	7157	0.416
835	637	0.706
835	4000	0.605
836	317	0.726
836	317	0.726
836	572	0.661
836	581	0.667
836	596	0.593
836	598	0.655
836	637	0.631
836	790	0.233
836	839	0.726
836	840	0.751
836	841	0.721
836	5591	0.431
836	5747	0.605
836	6711	0.338
836	6711	0.338
836	2620	0.594
836	2934	0.612
836	2934	0.612
836	1676	0.639
836	1676	0.639
836	4214	0.375
836	5062	0.67
836	142	0.436
836	5925	0.386
836	6093	0.581
836	331	0.607
836	10018	0.721
836	0	0
836	1982	0.567
836	4207	0
836	5305	0.182
836	10887	0
836	5527	0.526
836	22985	0.706
836	4170	0.572
836	4719	0.388
839	836	0.726
839	1676	0.769
839	4000	0.488
839	4000	0.488
839	4001	0.7
839	84823	0
839	5058	0.35
840	790	0.268
840	790	0.268
840	842	0.636
840	5747	0.429
840	1676	0.819
840	142	0.323
840	4207	0
840	10887	0
841	4217	0.618
841	4217	0.618
841	637	0.611
841	843	0.658
841	836	0.721
841	248	0.247
841	9525	0.302
841	8737	0.775
841	10887	0
841	9191	0
842	836	0.732
842	836	0.732
842	839	0.436
842	839	0.436
842	840	0.636
847	6098	0.347
867	1956	0.621
867	5335	0.594
867	7535	0.416
867	916	0.615
867	2263	0.322
867	10818	0.705
1387	3725	0.624
1387	1499	0.472
1387	2002	0.627
1387	2099	0.64
1387	7088	0.56
1387	3932	0.502
1387	8874	0.511
1387	8850	0.713
1387	6932	0.495
1387	10011	0.238
890	983	0.458
890	1017	0.657
890	1019	0.548
890	1021	0.374
890	1869	0.518
891	983	0.538
595	1869	0.74
595	5925	0.653
595	5925	0.653
894	5925	0.469
896	5925	0.469
898	5925	0.694
0	1385	0
0	3708	0
929	7097	0.821
929	7099	0.759
948	1432	0.585
920	7535	0.704
5788	3932	0.739
995	983	0.454
995	983	0.454
993	1017	0.706
993	1021	0.484
995	983	0.454
997	898	0.65
997	1869	0.491
998	5871	0.433
998	4214	0.507
998	4293	0.309
998	5058	0.671
998	8936	0.479
998	4216	0.37
998	4294	0.386
998	4294	0.386
998	7454	0.593
998	10188	0.462
998	4296	0.406
983	572	0.621
983	891	0.538
983	5347	0.66
1017	1869	0.665
1017	5715	0.606
1017	5925	0.685
1020	317	0.59
1020	84152	0.394
1020	5604	0.589
1020	5058	0.654
1020	4137	0.589
1020	282378	0
1020	4744	0.453
1021	596	0.42
1021	5925	0.575
1022	1017	0.62
1050	3725	0.497
1111	995	0.564
1111	995	0.564
1111	5545	0
1111	7157	0.571
11200	672	0.638
11200	5545	0
11200	7157	0.63
1123	5879	0.489
8646	659	0.572
56616	332	0.426
56616	248	0.172
56616	331	0.593
56616	330	0.546
56616	79444	0.636
329	836	0.64
329	840	0.552
3725	1385	0.813
3725	10018	0.512
3725	8739	0.334
1452	4772	0.555
1452	11076	0.191
1452	7157	0.341
1455	84152	0.548
1456	1409	0.193
1456	5187	0.362
1457	324	0.648
1457	637	0.46
1457	638	0.371
1457	8215	0
1457	5601	0.497
1457	5601	0.497
1457	6722	0.446
1457	7471	0.535
9575	406	0.809
4609	1029	0.628
4609	6667	0.562
1073	317	0.26
1385	1387	0.659
1385	2668	0.555
1385	0	0
1385	8660	0.7
1385	2959	0.251
1385	6872	0.539
1390	1385	0.527
1390	30818	0.941
1398	25	0.63
1398	2889	0.648
1398	1793	0.737
1398	11184	0.558
1398	9743	0.448
1399	2889	0.698
1399	1793	0.548
1409	581	0.521
1409	598	0.509
1436	2113	0.574
1436	6196	0.613
1445	5747	0.548
1445	3932	0.736
1445	4067	0.643
1445	5829	0.435
1445	6714	0.598
1487	3172	0.429
1487	8204	0.529
5932	672	0.585
1499	1387	0.472
1499	9734	0.499
1499	3172	0.452
1499	7314	0.544
1499	51176	0.683
1499	51176	0.683
1499	6932	0.446
54205	317	0.618
54205	834	0.542
54205	56616	0.629
54205	5187	0.323
25802	820	0
28503	5495	0
1605	1040	0.326
1605	50818	0
1605	5578	0.441
1605	10125	0.35
84152	1020	0.394
84152	2644	0.423
84152	5464	0.33
84152	5501	0.375
1616	4217	0.714
1616	6416	0.491
5694	898	0.549
5694	1499	0.326
5694	1869	0.66
5694	4193	0.548
5694	5715	0.943
5694	6622	0.471
1040	50818	0
0	2911	0
1730	5216	0.165
22943	7471	0.564
22943	4035	0.521
5591	7157	0.511
1793	207	0.55
0	25802	0
0	28503	0
0	1812	0
0	1813	0
0	1814	0
7027	898	0.629
8718	841	0.558
30818	1385	0.53
30818	1385	0.53
30818	2353	0.535
30818	0	0
30818	3750	0.592
30818	3751	0.4
30818	8739	0.314
8215	2931	0
8215	2932	0
0	5610	0
8655	5879	0.529
8655	10018	0.591
2118	1029	0.42
1869	637	0.634
1869	7027	0.878
1869	1029	0.689
1869	5925	0.726
1869	5925	0.726
1869	4088	0.661
1869	10018	0.634
1869	8739	0.432
1869	5366	0.584
1869	27113	0.608
1738	7341	0.362
10682	1977	0.364
10682	1981	0.377
51295	4214	0.192
1909	4683	0.392
1950	1956	0.773
1956	843	0.434
1956	867	0.621
1956	2064	0.803
1956	2885	0.625
1956	5604	0.755
1956	4214	0.584
1956	4772	0.562
1956	1432	0.671
1956	5335	0.716
1956	2185	0.72
1956	5879	0.661
1956	29984	0.484
1956	6464	0.751
1956	6714	0.689
1956	6772	0.602
1956	6774	0.653
1956	7409	0.637
1956	8936	0.32
1956	2035	0.221
1956	4690	0.632
1956	5921	0.569
1956	2065	0.719
1956	6646	0.28
1959	572	0.495
1959	664	0.484
1959	665	0.397
1978	1973	0.703
1978	1977	0.828
1978	1977	0.828
1967	1965	0.756
1967	1965	0.756
1967	1147	0.491
8661	1973	0.77
1973	6194	0.699
1975	1973	0.955
1975	6194	0.73
1983	1965	0.838
2002	3725	0.872
2002	2353	0.915
2002	0	0
10411	0	0
10411	5906	0.803
10411	54386	0.422
2057	6464	0.424
2064	2885	0.678
2064	5290	0.686
2064	5335	0.737
2064	6464	0.787
2064	6714	0.668
2064	5921	0.619
2064	6640	0.268
2064	2886	0.602
5595	2002	0.786
5595	4638	0.399
5595	8569	0.551
5595	9252	0.853
5595	6196	0.745
5595	2872	0.55
5595	10524	0.53
5595	8986	0.647
5594	842	0.649
5594	1387	0.606
5594	3725	0.773
5594	1385	0.824
5594	1956	0.726
5594	1958	0.517
5594	2002	0.785
5594	5595	0.913
5594	2353	0.786
5594	5599	0.813
5594	9261	0.798
5594	4082	0.333
5594	4638	0.408
5594	8569	0.556
5594	9252	0.821
5594	6196	0.812
5594	5163	0.43
5594	27124	0.226
5594	5319	0.645
5594	6197	0.806
5594	6773	0.539
5594	4137	0.315
5594	3172	0.524
5594	3751	0.326
5594	4207	0
5594	79092	0.461
5594	4744	0.242
5594	4741	0.559
5594	9373	0.467
5594	6195	0.811
5594	10657	0.552
5594	6853	0.364
5594	2872	0.546
5594	10524	0.478
5594	8986	0.572
5598	4205	0.768
5598	6196	0.814
5598	7020	0.485
0	2069	0
0	53615	0
2114	2113	0.556
2160	2158	0.668
2165	2147	1
2147	2243	0.569
2147	2149	0.713
2155	2159	0.951
8772	843	0.643
8772	841	0.822
8772	4615	0.699
8772	4790	0.699
8772	6609	0.41
8772	9191	0
5747	5594	0.685
5747	2534	0.635
5747	2885	0.607
5747	3569	0.67
5747	9564	0.666
5747	5290	0.663
5747	5335	0.667
5747	5829	0.46
5747	6464	0.647
5747	6714	0.734
5747	89	0.384
5747	50807	0.786
5747	23092	0.461
5747	2886	0.55
5747	1969	0.697
8439	6610	0.673
2178	2177	1
2191	841	0.463
2191	2188	0.331
355	1616	0.671
355	1956	0.522
355	8772	0.633
355	356	0.806
355	3552	0.589
355	4790	0.501
355	8737	0.658
355	5777	0.502
355	10016	0.548
355	5783	0.131
355	23017	0.454
356	355	0.806
356	355	0.806
0	0	0
2243	3688	0.668
2309	356	0.594
2309	10018	0.59
0	427	0
2353	3725	0.916
10023	2931	0
10023	2932	0
8321	8215	0
8321	175	0.224
8321	3936	0.224
8321	3936	0.224
8321	408	0.46
2488	2492	0.54
2534	1499	0.47
2534	1600	0
2534	5335	0.777
2534	6464	0.78
2534	6773	0.495
2534	2890	0.452
2534	775	0.491
2534	2903	0.463
2534	203068	0.392
175	8215	0
175	5595	0.413
175	2776	0.353
175	2792	0.172
175	5294	0.353
2549	1398	0.685
2549	11184	0.522
2549	5295	0.693
2549	5290	0.663
2549	5290	0.663
2549	4215	0.449
1647	983	0.542
1647	4216	0.672
2770	427	0.135
2770	2782	0.681
2770	5290	0.514
2770	5294	0.525
2770	5879	0.381
2770	6714	0.441
2770	673	0.451
2770	5909	0.406
2770	629	0.379
9628	92170	0.42
9628	5879	0.257
2776	92170	0.353
2776	5604	0.484
2776	23236	0.488
2776	3339	0.363
2626	6767	0.366
2626	6722	0.663
2782	2770	0.681
2782	9181	0.517
2782	2792	0.748
2782	5290	0.588
79751	92170	0.068
2978	83733	0
5871	4214	0.716
440275	1965	0.695
0	1965	0
0	92170	0
0	3838	0
0	5295	0
0	5062	0
0	5894	0
0	5901	0
0	5879	0
0	387	0
9181	207	0.639
9181	375	0.448
9181	392	0.529
9181	5879	0.597
9181	29984	0.579
2934	842	0.416
2934	280979	0
2670	7314	0
9771	5567	0.459
2688	2690	0.708
2690	3479	0.509
2690	5290	0.507
2767	427	0.148
2767	891	0.258
2767	2776	0.727
2767	5606	0.508
2767	4661	0.462
2767	23236	0.38
2767	629	0.438
2768	11214	0.502
2768	9138	0.489
2768	387	0.495
2768	10160	0.36
2768	6714	0.516
2768	5921	0.477
2768	5607	0.482
2768	5589	0.5
2768	7006	0.515
10672	9138	0.466
10672	4217	0.453
10672	998	0.462
10672	2185	0.428
10672	10160	0.34
10672	5962	0.226
2769	1605	0.31
2769	23236	0.375
23566	4878	0.246
2876	2937	0.557
2908	1843	0.35
2908	5290	0.392
2885	867	0.643
2885	5595	0.71
2885	2549	0.736
2885	5335	0.759
2885	5879	0.696
2885	6464	0.781
2885	6654	0.83
2885	10252	0.474
2885	7410	0.78
2885	8936	0.426
2885	1759	0.301
2885	5786	0.353
2885	10657	0.455
2885	1	0
7088	3172	0.486
7088	51176	0.514
2937	0	0
2931	8312	0.607
2931	3725	0.63
2931	1385	0.658
2931	1499	0.51
2931	4286	0.4
2931	4772	0.49
2931	5663	0.471
2931	4137	0.35
2931	64682	0.41
2931	5055	0.438
2931	8894	0.253
2932	207	0.683
2932	8312	0.637
2932	595	0.43
2932	1499	0.563
2932	1965	0.409
2932	2931	0.764
2932	6608	0.53
2932	4137	0.437
2936	0	0
0	2937	0
92170	1730	0.137
92170	0	0
92170	5604	0.249
92170	4214	0.216
92170	2644	0.333
92170	6198	0.305
92170	5058	0.338
92170	5334	0
92170	5337	0.413
92170	23647	0.345
92170	5894	0.27
92170	5901	0.388
92170	5879	0.264
92170	5879	0.264
92170	387	0.272
92170	6093	0.319
92170	8936	0.399
92170	10163	0.283
92170	10810	0.45
2792	5595	0.473
2792	5595	0.473
2792	5594	0.503
2792	175	0.172
2792	2782	0.748
2792	3672	0.377
2792	4214	0.549
2792	5335	0.493
2792	5879	0.354
2792	8720	0.417
2792	6464	0.457
3002	637	0.81
3002	842	0.611
3002	842	0.611
3002	5864	0.4
0	581	0
0	0	0
10542	0	0
10542	0	0
10542	842	0.503
10542	2185	0.492
9734	7088	0.545
9734	51176	0.565
3065	6615	0.56
8841	2033	0.633
3091	637	0.42
3091	8874	0.503
3091	664	0.496
3091	665	0.351
3091	5366	0.521
27102	1965	0.529
3315	836	0.553
3315	1616	0.548
3315	1329	0.276
3337	4193	0.362
3337	7314	0.318
3308	317	0.124
3308	9131	0.312
3320	196	0.394
3320	317	0.333
3320	332	0.509
3320	5728	0.531
5688	8544	0.359
3364	545	0.762
0	207	0
0	1994	0
0	7157	0
248	842	0.144
29851	1455	0.242
1676	790	0.225
1676	790	0.225
1676	1677	0.945
8837	841	0.596
8837	8772	0.599
8837	8772	0.599
3458	3459	0.476
3458	3717	0.688
3459	3308	0.337
3459	3716	0.752
3459	3717	0.501
3459	9093	0.426
3459	30851	0.397
3479	3480	0.6
3480	207	0.623
3480	5535	0
3480	8536	0.424
3480	5595	0.641
3480	5594	0.653
3480	3667	0.729
3480	4772	0.562
3480	5290	0.61
3480	5578	0.597
3480	6464	0.702
3480	7410	0.639
3480	408	0.515
3480	2887	0.567
4792	3558	0.58
4792	3558	0.58
4792	3565	0.642
4792	3565	0.642
4792	4790	0.854
4792	4790	0.854
4792	50818	0
4792	5970	0.82
4793	0	0
4793	4790	0.765
3551	4792	0.863
3551	4790	0.824
1147	4792	0.818
1147	4790	0.799
8517	4792	0.845
8517	4790	0.792
3595	3717	0.481
3552	3576	0.568
3553	3554	0.342
3553	5606	0.556
3554	51295	0.112
3554	7189	0.505
3565	3566	0.464
3569	3570	0.814
3838	5901	0.479
3643	3667	0.685
3643	5608	0.558
3643	6464	0.687
3643	6776	0.464
3643	10603	0.437
3643	2887	0.643
3643	8660	0.657
0	3643	0
808	207	0.691
808	0	0
808	3708	0.7
808	50818	0
3708	0	0
3708	84876	0.507
3654	10454	0.848
3654	23118	0.844
3654	7097	0.737
3654	7099	0.71
3654	7189	0.891
3667	5595	0.669
3667	2885	0.737
3667	5290	0.72
3667	4690	0.543
148022	9641	0.829
148022	29110	0.745
3672	332	0.329
3672	836	0.486
3672	2353	0.418
3672	5290	0.537
3672	5977	0.215
3672	331	0.458
3688	5595	0.498
3688	5747	0.669
3688	2309	0.399
3688	3717	0.551
3688	2185	0.584
3688	6464	0.455
3688	6464	0.455
3688	3611	0.609
3716	3717	0.577
3716	6464	0.593
3716	6772	0.536
3716	6773	0.77
3716	6774	0.485
3716	3718	0.546
3716	6646	0.158
3716	6778	0.562
3717	3716	0.577
3717	55566	0
3717	6772	0.673
3717	6774	0.675
3717	6776	0.447
3717	7297	0.563
5599	1386	0.832
5599	572	0.711
5599	596	0.701
5599	596	0.701
5599	637	0.604
5599	834	0.682
5599	3725	0.813
5599	2002	0.79
5599	356	0.602
5599	2353	0.806
5599	5601	0.812
5599	5604	0.796
5599	4772	0.625
5599	7157	0.649
5599	6464	0.671
5599	4137	0.367
5599	3172	0.48
5599	10018	0.655
5599	90427	0.538
5599	4170	0.534
5599	319	0.178
6416	5599	0.803
6416	5600	0.847
6416	5601	0.917
6416	1432	0.74
6416	8660	0.592
6416	5602	0.953
3726	2625	0.35
0	207	0
3912	7314	0.276
27040	2885	0.716
27040	5335	0.646
3932	5335	0.745
3932	5894	0.719
3932	7410	0.738
3932	7535	0.698
3932	916	0.663
3932	10870	0.492
3932	83696	0
3952	3953	0.313
3953	5562	0.382
3984	317	0.49
3984	1073	0.44
3984	1072	0.777
7376	9971	0.593
4067	695	0.665
4067	5295	0.678
4067	5335	0.691
4067	5879	0.702
4067	6464	0.738
4067	7409	0.662
4067	203068	0.336
4067	613	0.499
4067	930	0.555
8567	6416	0.53
11184	5594	0.592
11184	5599	0.576
11183	4214	0.594
5600	2002	0.896
5600	5605	0.852
5600	8569	0.527
5600	9252	0.842
5600	2872	0.574
5600	1649	0.57
5600	7867	0.87
5600	7020	0.428
5600	8986	0.579
5603	1050	0.371
5603	29904	0.445
5601	1386	0.873
5601	3725	0.88
5601	5595	0.756
5601	2353	0.919
5601	2353	0.919
5601	5544	0.578
5601	0	0
5601	3558	0.546
5601	3565	0.643
5601	3717	0.524
5601	6351	0.428
5601	4772	0.778
5601	7157	0.443
5601	6196	0.84
5601	2185	0.488
5601	6464	0.683
5601	319	0.144
9261	3150	0.454
9261	3315	0.628
9261	9252	0.812
4082	5535	0
53615	6615	0.332
1729	317	0.237
1729	10458	0.585
1729	6714	0.419
4193	2033	0.624
4193	7157	0.644
4193	408	0.594
4193	7158	0.475
4205	10014	0.617
4205	9734	0.631
4209	5535	0
5604	596	0.564
5604	823	0.332
5604	1385	0.839
5604	2002	0.832
5604	5595	0.871
5604	5594	0.905
5604	2353	0.811
5604	6416	0.819
5604	5601	0.798
5604	4638	0.43
5604	9252	0.836
5604	6198	0.612
5604	6196	0.888
5604	6197	0.835
5604	9612	0.448
5604	6654	0.777
5604	280979	0
5604	10018	0.541
5604	10818	0.723
5604	4170	0.509
5604	8986	0.581
5605	1385	0.82
5605	5595	0.883
5605	5594	0.921
5605	3315	0.566
5605	5604	0.946
5606	5599	0.808
5606	5600	0.897
5606	5603	0.661
5606	1432	0.775
5608	5599	0.757
5608	5600	0.879
5608	5603	0.611
5608	4790	0.708
5608	1432	0.783
5608	6300	0.675
4214	1147	0.791
4214	5599	0.773
4214	6416	0.934
4214	5604	0.767
4214	5606	0.901
4214	5609	0.872
4214	1432	0.696
4214	9612	0.372
4214	6885	0.833
4214	2043	0.427
4214	6548	0.274
4233	355	0.509
4233	6774	0.602
2117	11218	0.532
2117	1874	0.639
2911	2776	0.493
2911	2767	0.589
2911	23236	0.402
2911	0	0
2911	0	0
9734	4205	0.631
5609	5599	0.808
5609	5601	0.889
5609	5602	0.92
1843	5594	0.482
1843	3320	0.419
1843	5599	0.519
1843	5600	0.467
1843	5603	0.482
1843	1432	0.437
1843	1432	0.437
1843	6300	0.479
23209	5829	0.332
4638	23209	0.436
4638	103910	0.567
4638	4542	0
4638	9220	0.154
4638	3680	0.338
4660	103910	0.418
4660	9220	0.308
4660	3680	0.197
4293	6416	0.565
4293	5608	0.533
4293	5609	0.554
8569	1977	0.506
103910	4542	0
9252	1385	0.824
9252	1978	0.48
9252	466	0.843
2475	10682	0.412
2475	1978	0.565
2475	6198	0.698
2475	5524	0.367
4615	3654	0.77
4615	4214	0.773
4615	9020	0.605
4615	7124	0.566
4615	51135	0.779
4661	891	0.517
4661	983	0.561
4738	5715	0.405
4772	356	0.501
4772	4205	0.636
4790	1387	0.625
4790	5595	0.749
4790	8439	0.398
4790	356	0.546
4790	248	0.29
4790	3458	0.629
4790	4792	0.854
4790	3551	0.824
4790	8517	0.792
4790	3558	0.545
4790	3565	0.656
4790	3569	0.664
4803	4914	0.788
4804	5879	0.534
9020	3551	0.605
9020	1147	0.603
9020	4214	0.678
9020	4690	0.577
51701	3172	0.459
51701	51176	0.361
4842	1487	0.394
4842	387	0.461
4842	0	0
4846	5138	0.529
4846	5138	0.529
27035	0	0
5579	4792	0.622
5579	5604	0.61
5579	5879	0.55
4909	4915	0.314
4914	1398	0.586
4914	5598	0.577
4914	2885	0.572
4914	3667	0.584
4914	5290	0.565
4914	5335	0.623
4914	6464	0.661
4914	9743	0.413
3164	581	0.355
3164	596	0.461
0	0	0
5933	898	0.704
5933	7027	0.784
4839	6774	0.553
5295	5290	0.886
5295	6654	0.77
5295	5291	0.887
9564	2889	0.549
9564	1398	0.667
1029	1869	0.689
1029	4193	0.655
1029	5290	0.391
1029	5925	0.698
1030	1021	0.658
1031	1019	0.729
2909	29984	0.712
2909	0	0
5375	2776	0
5375	2776	0
5375	2931	0
5375	2931	0
1026	10097	0.404
1026	10096	0.404
1026	890	0.557
1026	898	0.556
1026	983	0.725
1026	1017	0.679
1026	1017	0.679
1026	1019	0.614
1026	51085	0.541
1026	5544	0.578
1026	5111	0.583
1026	5313	0.299
5715	1017	0.606
2033	4286	0.439
2033	3164	0.489
2033	7157	0.664
1432	1386	0.764
1432	0	0
1432	1050	0.502
1432	3725	0.751
1432	2002	0.797
1432	5601	0.766
1432	9261	0.813
1432	4205	0.805
1432	5604	0.813
1432	5605	0.792
1432	8569	0.493
1432	9252	0.807
1432	4772	0.631
1432	8874	0.565
1432	8550	0.58
1432	5925	0.485
1432	9612	0.459
1432	6667	0.512
1432	6772	0.56
1432	4207	0
1432	79092	0.442
1432	9373	0.436
1432	2872	0.529
1432	1649	0.555
1432	7867	0.788
1432	7020	0.46
1432	8986	0.593
8874	207	0.581
8874	392	0.578
8874	998	0.643
8874	4792	0.529
8874	2033	0.449
8874	55566	0
8874	5970	0.52
7157	472	0.676
7157	578	0.609
7157	581	0.635
7157	596	0.66
7157	598	0.599
7157	637	0.628
7157	638	0.408
7157	1017	0.566
7157	355	0.568
7157	1647	0.592
7157	4193	0.644
7157	1029	0.703
7157	1026	0.732
7157	84172	0.162
7157	7314	0.627
7157	665	0.484
7157	666	0.508
7157	5366	0.662
7157	27113	0.717
4688	5879	0.441
6198	572	0.556
6198	1390	0.523
6198	2932	0.528
6198	6194	0.566
6198	5704	0.55
6198	29904	0.572
6198	0	0
7161	5544	0.426
7161	27113	0.634
6196	472	0.604
6196	545	0.509
6196	572	0.636
6196	572	0.636
6196	1385	0.811
6196	4661	0.462
6196	29904	0.371
26986	1981	0.88
5054	5327	0.565
5058	25	0.674
5058	10097	0.643
5058	10096	0.645
5058	572	0.561
5058	6416	0.668
5058	3984	0.789
5058	5604	0.718
5058	4214	0.683
5058	4638	0.469
5058	103910	0.336
5058	8874	0.522
5058	5894	0.688
5058	387	0.599
5058	6853	0.232
5062	4214	0.677
5074	2782	0.224
5074	2768	0.235
5074	10672	0.258
5074	2792	0.279
142	4790	0.564
142	9131	0.425
2324	27124	0.262
5111	1019	0.517
5138	820	0.277
5145	0	0
5148	5145	0.723
5156	808	0.602
5156	5290	0.67
5156	8720	0.386
5156	6772	0.542
5156	6774	0.574
5163	207	0.522
5164	207	0.549
5164	207	0.549
5164	5163	0.779
5164	50818	0
27043	1234	0.294
27043	7852	0.303
27043	5595	0.42
27043	0	0
27043	6714	0.289
5187	406	0.692
5187	406	0.692
5187	9575	0.774
5187	54205	0.323
5187	1195	0.258
9451	1965	0.558
9451	1965	0.558
5216	71	0.564
10891	2099	0.607
10891	10011	0.261
5290	207	0.602
5290	207	0.602
5290	10575	0.136
5290	998	0.62
5290	5598	0.619
5290	51341	0.409
5290	6517	0.458
5290	5604	0.687
5290	4790	0.622
5290	1432	0.62
5290	27124	0.378
5290	2185	0.534
5290	5879	0.612
5290	7409	0.765
5290	3611	0.428
5290	0	0
5290	0	0
5290	10000	0.336
5294	2185	0.582
5294	5829	0.442
8394	2934	0.349
8394	27124	0.557
27124	196	0.272
27124	1234	0.2
27124	1605	0.251
27124	1040	0.785
27124	5595	0.264
27124	2934	0.156
27124	2690	0.36
27124	808	0.283
27124	4790	0.211
27124	5163	0.525
27124	3632	0.847
27124	3632	0.847
27124	50818	0
27124	6502	0.187
3632	207	0.221
3632	9181	0.196
3632	5163	0.491
3632	27124	0.847
5567	572	0.611
5567	824	0.348
5567	51085	0.542
5567	1385	0.695
5567	1390	0.467
5567	84152	0.498
5567	4772	0.501
5567	1026	0.569
5567	5524	0.368
5567	6608	0.339
50818	596	0
50818	0	0
50818	23523	0
50818	5535	0
50818	50820	0
50818	1605	0
50818	1956	0
50818	1977	0
50818	1981	0
50818	1981	0
50818	2002	0
50818	0	0
50818	2931	0
50818	3672	0
50818	4082	0
50818	4790	0
50818	4842	0
50818	6198	0
50818	2185	0
50818	5883	0
50818	5894	0
50818	5879	0
50818	8720	0
50818	5704	0
50818	8877	0
50818	5587	0
50818	5589	0
50818	10235	0
50818	6548	0
5578	25	0.633
5578	596	0.576
5578	1977	0.543
5578	2931	0.631
5578	3667	0.597
5578	4082	0.415
5578	2911	0.366
5578	4842	0.577
5578	23236	0.614
5578	5728	0.612
5578	5894	0.724
5578	108	0.646
5578	111	0.625
5578	118	0.475
5578	2890	0.392
5578	156	0.591
5578	94274	0
5578	1716	0.322
5578	1759	0.281
5578	23114	0.344
5578	2554	0.283
5578	2596	0.323
5578	2741	0.38
5578	2897	0.358
5578	775	0.511
5578	4133	0.201
5578	4155	0.338
5578	2917	0.453
5578	282378	0
5578	2903	0.354
5578	774	0.304
5578	9373	0.404
5578	490	0.313
5578	10125	0.452
5578	25780	0.402
5578	6616	0.473
5585	94274	0
5610	1965	0.406
5610	1965	0.406
5610	7099	0.619
3936	2243	0.433
23236	1605	0.367
23236	808	0.596
23236	27124	0.349
23236	0	0
23236	0	0
5335	0	0
5335	1605	0.48
5335	1973	0.412
5335	808	0.704
5335	5290	0.785
5335	27124	0.311
5335	50818	0
5335	0	0
5335	0	0
5335	0	0
5340	3936	0.324
5347	4661	0.752
1263	995	0.509
1263	7157	0.647
23647	317	0.264
5464	572	0.189
5524	207	0.404
5524	324	0.468
5524	8312	0.406
5524	8312	0.406
5524	572	0.459
5524	51085	0.414
5524	84152	0.51
5524	10682	0.295
5524	6416	0.323
5524	5609	0.318
5524	5728	0.348
5524	4137	0.452
5524	408	0.473
5495	84152	0.401
8125	317	0.355
8125	836	0.338
5465	3320	0.445
5465	4792	0.528
5465	5601	0.469
5465	9612	0.677
5465	6714	0.375
8550	3315	0.525
5551	1017	0.269
5663	1499	0.334
5663	7314	0.451
5726	983	0.385
5728	5747	0.674
5728	5290	0.596
5728	27124	0.276
5728	3632	0.216
5728	0	0
2185	1956	0.72
2185	2309	0.527
2185	2885	0.513
2185	5599	0.606
2185	4205	0.532
2185	5606	0.537
2185	1432	0.599
2185	5879	0.664
2185	6464	0.605
2185	6714	0.705
2185	7248	0.533
2185	3737	0.255
5829	1398	0.518
5829	2534	0.491
5829	9564	0.526
5829	7094	0.551
5829	3611	0.518
5888	675	0.692
5883	596	0.3
5883	598	0.341
5894	572	0.708
5894	11184	0.603
5894	5604	0.794
5894	5605	0.753
8738	835	0.701
5898	10928	0.558
10928	207	0.483
10928	998	0.508
10928	998	0.508
10928	5879	0.447
5900	5898	0.463
5903	5901	0.629
5906	673	0.625
5908	5595	0.492
5908	5879	0.488
5908	29984	0.519
5914	1499	0.494
5879	317	0.416
5879	5595	0.7
5879	5594	0.715
5879	0	0
5879	4214	0.496
5879	4293	0.323
5879	56259	0.287
5879	4790	0.574
5879	1432	0.654
5879	4688	0.441
5879	5058	0.71
5879	5290	0.612
5879	5894	0.718
5879	5900	0.308
5879	6714	0.737
5879	7430	0.531
5879	673	0.476
5879	369	0.335
5879	5291	0.693
5923	207	0.484
5923	5879	0.487
5923	4893	0.634
5925	890	0.567
5925	891	0.707
5925	898	0.694
5925	7027	0.631
5925	1869	0.726
5925	4800	0.397
5925	84172	0.227
5970	3576	0.618
5649	7804	0.679
5649	3688	0.445
5649	7436	0.555
29984	1729	0.374
29984	6093	0.653
29984	280979	0
387	5747	0.625
387	0	0
387	4792	0.49
387	5599	0.483
387	1729	0.491
387	50818	0
387	5829	0.466
387	9475	0.571
387	280979	0
387	5589	0.341
0	0	0
10160	10672	0.34
10160	5585	0.403
10160	5585	0.403
10160	387	0.423
8737	9020	0.421
8737	142	0.436
8737	4215	0.493
8737	8476	0.27
9978	4088	0.45
6093	3984	0.626
6093	23209	0.353
6093	4638	0.549
6093	4660	0.373
6093	103910	0.461
6093	4542	0
6093	1488	0.219
6093	2623	0.443
9475	3984	0.618
9475	4660	0.435
9475	103910	0.457
9475	94274	0
9475	1808	0.544
9475	832	0.539
6098	2309	0.381
6197	572	0.633
6197	1385	0.847
6197	2353	0.809
6197	8290	0.398
55811	51761	0.076
6295	29984	0.338
56681	4087	0
56681	7046	0
6387	175	0.068
6387	2776	0.421
6387	2792	0.461
462	2147	0.621
462	2152	0.53
6464	5595	0.765
6464	2885	0.781
6464	5290	0.748
6464	5879	0.616
6464	6654	0.828
6464	3635	0.638
5777	3716	0.645
5777	3717	0.759
5777	6464	0.713
5777	6776	0.391
5777	7409	0.63
5777	367	0.521
5777	3937	0.511
5777	6778	0.49
5777	1500	0.277
5777	3815	0.631
5781	2549	0.651
5781	2885	0.762
5781	5604	0.686
5781	5290	0.755
5781	5829	0.533
5781	5829	0.533
5781	10252	0.407
5781	9846	0.647
25942	0	0
51763	50818	0
6500	4088	0.46
6500	4851	0.25
6500	2059	0.379
6500	4855	0.342
6500	6929	0.459
4088	9734	0.546
4088	4089	0.829
4089	993	0.364
4089	10140	0.519
4089	51176	0.588
4089	367	0.638
4089	2059	0.487
4089	126961	0
4089	5430	0.555
4090	1386	0.519
4091	4086	0.652
4092	4087	0.712
4092	4088	0.733
6608	2735	0.598
6608	2736	0.774
6608	2737	0.577
6608	4088	0.508
6608	6667	0.286
6608	10499	0.178
6608	1855	0.634
6608	1308	0.324
6608	5899	0.218
6609	581	0.326
6609	4214	0.461
6609	1329	0.438
6610	6609	0.739
9612	2099	0.604
9612	2100	0.685
9612	5241	0.724
6615	999	0.459
6615	1588	0.359
6647	0	0
9530	7132	0.564
9530	8717	0.693
9530	1796	0.536
9530	10657	0.434
9530	1646	0.31
9530	3691	0.162
9530	3815	0.361
9530	6934	0.345
6654	92170	0.297
6654	5879	0.711
6654	4893	0.899
6655	8874	0.783
6655	8874	0.783
6670	6667	0.748
8877	8720	0.549
10252	867	0.618
10252	1950	0.404
10252	9628	0.397
10252	2885	0.474
10252	5787	0.082
6714	2889	0.568
6714	867	0.597
6714	1956	0.689
6714	5747	0.734
6714	3716	0.43
6714	5604	0.686
6714	9564	0.678
6714	2909	0.483
6714	5335	0.699
6714	2185	0.705
6714	5829	0.543
6714	5879	0.737
6714	387	0.639
6714	6464	0.653
6714	25942	0.467
6714	6774	0.582
6714	6850	0.648
6714	7410	0.7
6714	156	0.577
6714	156	0.577
6714	2017	0
6714	1759	0.274
6714	2554	0.261
6714	28964	0.496
6714	2741	0.397
6714	775	0.459
6714	4593	0.508
6714	2903	0.345
6714	10657	0.462
6714	6712	0.37
6714	10188	0.533
6714	10000	0.377
6714	50807	0.786
6714	858	0.37
6714	2059	0.576
6714	9846	0.476
6714	28996	0.528
6714	3815	0.645
6714	5359	0.517
6714	10044	0.37
6714	6934	0.514
6722	2626	0.663
6772	10379	0.591
6773	10379	0.888
6774	2588	0.19
6774	148022	0.379
6774	6772	0.629
51684	1499	0.448
51684	6608	0.518
51684	6935	0.564
51684	1856	0.542
51684	3691	0.321
51684	3815	0.467
51684	5037	0
7341	1487	0.489
6850	29760	0.487
6850	27040	0.648
6850	5335	0.662
6850	6464	0.653
6850	7409	0.616
6850	203068	0.344
6850	5336	0.651
6850	3937	0.599
10454	5606	0.93
10454	9020	0.666
10454	51701	0.541
10454	1432	0.738
10454	6885	0.945
23118	6885	0.938
6885	5599	0.77
6885	6416	0.851
6885	5604	0.788
6885	5606	0.876
6885	5608	0.854
6885	5609	0.843
6885	9020	0.657
6885	51701	0.541
6885	6608	0.354
6885	10454	0.945
6885	10000	0.443
6885	28996	0.563
2783	0	0
6909	1029	0.477
7015	5728	0.34
7015	5728	0.34
7031	317	0.24
7031	2688	0.337
7031	3688	0.14
7032	317	0.339
7032	2688	0.228
7032	3688	0.292
7040	7046	0.729
7046	4087	0.697
7046	4088	0.686
7046	6885	0.474
7046	7048	0.721
7046	960	0.596
7046	2022	0.72
7046	2339	0.384
7046	5520	0.323
7048	10454	0.432
7048	7046	0.721
7048	7049	0.626
7048	23002	0
7048	8668	0.213
7048	2022	0.634
7049	7040	0.566
9093	3551	0.618
9093	3717	0.588
10499	367	0.409
7124	7132	0.6
7124	7133	0.391
7132	6416	0.635
7132	8717	0.76
7133	7186	0.373
8658	5728	0.397
8717	8772	0.642
8717	8737	0.686
8717	7186	0.725
7186	4217	0.651
7186	4217	0.651
7186	60489	0.349
7186	4792	0.644
7186	4023	0.351
7186	5604	0.619
7186	9525	0.291
7186	9525	0.291
7186	4790	0.603
7186	7157	0.553
7186	6885	0.708
7186	330	0.701
7186	29843	0.553
7189	51295	0.232
7189	1147	0.843
7189	5606	0.808
7189	4214	0.738
7189	10454	0.837
7189	23118	0.846
7189	6885	0.872
7204	5879	0.559
7001	8841	0.487
7248	6097	0.352
7249	7248	0.661
7249	54386	0.425
7275	2776	0.476
7291	1029	0.533
2793	5145	0.71
2793	2783	0.783
7297	6772	0.493
7297	6773	0.758
7297	6775	0.372
7314	581	0.528
7314	5694	0.689
7314	1629	0.248
7314	4040	0.446
7314	5715	0.701
7409	207	0.62
7409	5879	0.629
7409	29984	0.496
7409	387	0.573
7410	207	0.648
7410	392	0.578
7410	998	0.695
7410	5879	0.72
7422	3091	0.647
3791	207	0.64
3791	207	0.64
3791	5747	0.761
3791	5290	0.612
3791	5335	0.657
3791	6464	0.639
7434	820	0.205
8936	317	0.237
8936	10095	0.797
10163	317	0.247
10810	317	0.184
11197	7471	0.637
7471	8321	0.663
7471	8321	0.663
7471	3691	0.415
9049	196	0.348
9049	317	0.411
9049	3320	0.493
7498	0	0
331	332	0.466
331	836	0.607
331	840	0.574
331	842	0.691
331	842	0.691
331	1111	0.486
331	56616	0.593
331	5599	0.695
331	10454	0.672
331	6885	0.649
331	150684	0.515
7535	22915	0.444
7535	7410	0.642
7535	203068	0.357
7535	3937	0.642
6935	999	0.317
134	2773	0.531
134	0	0
135	0	0
135	0	0
8	5578	0
107	820	0.255
108	820	0.251
111	820	0.261
2261	1139	0.496
2261	1128	0.517
2261	1129	0.381
2261	1132	0.401
162	1211	0.654
162	1759	0.328
162	2554	0.228
0	134	0
0	135	0
952	0	0
148	2776	0.519
148	2767	0.523
148	0	0
150	2773	0.565
150	2775	0.313
150	0	0
1139	0	0
29091	6616	0.691
29091	6809	0.131
2890	0	0
0	1268	0
0	1269	0
64682	1499	0.23
57448	842	0.496
57448	56616	0.65
57448	27429	0.573
10603	867	0.57
10603	7410	0.695
55738	0	0
10564	0	0
9266	0	0
10095	280979	0
9532	596	0.079
9532	5894	0.14
10134	596	0.55
10134	598	0.599
10134	841	0.612
156	185	0.529
156	154	0.576
156	2776	0.515
156	1813	0.489
156	1129	0.49
156	4988	0.479
156	11318	0.855
156	367	0.426
627	4915	0.437
408	185	0.537
408	4217	0.525
408	154	0.619
408	8215	0
408	8321	0.46
408	175	0.393
408	4792	0.567
408	3667	0.458
408	5604	0.568
408	1432	0.561
408	5290	0.494
408	5894	0.591
408	387	0.516
408	6714	0.593
408	4988	0.476
408	2150	0.603
408	5144	0.483
408	367	0.571
408	5602	0.525
408	5602	0.525
408	64414	0
10018	578	0.771
10018	581	0.783
10018	596	0.634
10018	598	0.717
10018	599	0.702
10018	4170	0.667
3309	0	0
623	2776	0.542
623	2767	0.542
623	2773	0.542
623	0	0
0	623	0
673	11184	0.618
673	5604	0.651
673	5605	0.667
0	6261	0
9478	815	0.292
0	572	0
0	1385	0
0	84152	0
0	3708	0
0	4772	0
0	4842	0
0	4137	0
0	814	0
0	2554	0
0	5502	0
0	775	0
0	4133	0
0	2903	0
0	84867	0
0	6853	0
0	203068	0
801	3708	0
801	4082	0
801	4638	0
801	4842	0
801	23236	0
801	5923	0
801	107	0
801	118	0
801	9495	0
801	156	0
801	0	0
801	815	0
801	814	0
801	10645	0
801	1813	0
801	1612	0
801	29904	0
801	8826	0
801	2917	0
801	10497	0
801	2903	0
801	27360	0
801	5136	0
801	5153	0
801	5137	0
801	490	0
801	5864	0
801	4893	0
801	53827	0
801	6014	0
801	9610	0
801	6261	0
801	6712	0
801	9218	0
815	1385	0.584
815	4842	0.362
815	5923	0.548
815	6885	0.576
815	2890	0.547
815	3751	0.453
815	4133	0.147
815	774	0.338
815	5527	0.506
815	22895	0
815	9743	0.332
815	6261	0.223
815	1739	0.337
815	84687	0.33
815	6853	0.556
815	6857	0.414
815	8831	0.551
815	6809	0.187
815	7074	0.434
815	9846	0.444
814	1385	0.738
814	1390	0.543
814	4842	0.49
814	6853	0.399
10645	207	0.497
10645	8536	0.599
10645	814	0.453
9647	8536	0.512
9647	815	0.449
9647	814	0.498
11069	22999	0.572
10156	4893	0.45
53944	4772	0
53944	4137	0
53944	286	0
53944	1855	0
53944	5055	0
53944	490	0
53944	6809	0
53944	10716	0
857	2534	0.539
1268	2773	0.508
1268	2775	0.73
1268	0	0
1269	2773	0.454
1269	2775	0.583
1269	0	0
868	1398	0.416
868	1956	0.402
868	2534	0.415
868	2885	0.439
868	3932	0.361
868	5290	0.355
868	6464	0.423
868	6714	0.369
868	7410	0.504
868	9846	0.468
64781	5894	0.228
0	5578	0
0	64781	0
0	5501	0
0	5527	0
0	5138	0
0	5139	0
0	5140	0
0	5593	0
0	6855	0
330	836	0.583
330	840	0.535
330	841	0.777
330	56616	0.546
330	8915	0.688
1072	280979	0
1277	3688	0.554
94274	4660	0
1808	203068	0.362
80331	0	0
80331	774	0.655
1329	317	0.198
1812	2773	0.545
1812	0	0
1812	0	0
1813	2773	0.489
1813	2775	0.334
1813	2781	0.297
1813	0	0
1814	2885	0.477
1814	2773	0.508
1814	2775	0.365
1814	0	0
1612	6809	0.217
0	317	0
1636	0	0
1716	1605	0.247
1855	8312	0.632
1855	2149	0.559
8448	10497	0.512
1796	5921	0.439
4985	2773	0.53
4985	2775	0.397
4985	0	0
1859	1965	0.495
1859	4137	0.301
1859	7321	0.518
29904	1938	0.636
23362	0	0
8669	1982	0.492
6456	1601	0.514
6456	1856	0.425
6456	3815	0.503
6456	5037	0
5179	4985	0.671
5179	4986	0.592
5179	4988	0.639
5179	4987	0.443
1948	1796	0.426
1948	5921	0.549
0	1948	0
55914	4088	0.425
2241	1499	0.501
2335	3688	0.694
3350	2773	0.467
3350	0	0
3350	2781	0.499
3350	0	0
3356	2776	0.554
3356	0	0
3360	0	0
3360	0	0
11146	0	0
8637	1977	0.819
0	2550	0
2554	0	0
2550	2775	0.512
2550	0	0
10287	2776	0.543
2773	108	0.664
2773	111	0.62
0	107	0
0	108	0
0	111	0
2781	107	0.483
2781	111	0.499
6507	0	0
0	3667	0
0	5290	0
0	23236	0
0	107	0
0	108	0
0	156	0
0	3760	0
0	3736	0
0	774	0
0	773	0
0	5921	0
0	6809	0
2668	5947	0.193
3760	0	0
9229	4842	0.688
0	2911	0
0	2890	0
0	2897	0
0	2917	0
0	2903	0
0	2741	0
0	2903	0
6536	0	0
2887	5290	0.505
9743	207	0.251
9743	392	0.92
9743	998	0.322
3055	5335	0.615
3055	2005	0.318
3055	2697	0.406
3055	5801	0.348
3208	4671	0
9455	6261	0.204
5502	5501	0.347
3611	207	0.512
3611	2931	0.473
3611	94274	0
3611	10000	0.305
5055	5501	0.316
0	3708	0
8826	4893	0.627
8660	5295	0.771
8660	5290	0.697
8660	5296	0.71
9479	5599	0.538
9479	6416	0.625
9479	5609	0.599
9479	1432	0.491
9479	5923	0.499
9479	8788	0.258
9479	4294	0.618
9479	7074	0.517
0	0	0
3761	0	0
3766	0	0
4986	2773	0.575
4986	2775	0.539
4986	0	0
10256	5894	0.496
3736	0	0
3737	0	0
3739	0	0
3750	0	0
3751	0	0
3897	7430	0.607
23365	392	0.701
51176	4286	0.447
28992	8321	0.249
775	0	0
1128	2776	0.471
1128	2767	0.531
1128	0	0
1129	2773	0.54
1129	2775	0.64
1129	0	0
1132	1917	0
1132	2773	0.403
1132	0	0
10746	5594	0.52
10746	6416	0.612
10746	5609	0.595
10746	60675	0.439
10746	5607	0.549
8491	1432	0.498
50488	1432	0.577
10746	6416	0.612
4215	6416	0.584
4215	5609	0.556
4215	8491	0.725
4215	5607	0.518
4216	6416	0.631
4216	5609	0.65
4216	8491	0.809
4216	50488	0.572
2917	2773	0.69
2917	2775	0.413
2917	0	0
11221	5599	0.555
11221	5600	0.599
11221	5603	0.653
11221	5601	0.639
11221	1432	0.499
11221	5602	0.659
11221	6300	0.409
4294	6416	0.629
4294	5609	0.627
4294	1742	0.373
4294	6416	0.629
79092	1977	0.501
4988	2773	0.539
4988	2775	0.406
4988	0	0
8649	5594	0.453
8649	11184	0.432
10497	6809	0.296
25924	815	0.677
2035	2890	0.178
4671	836	0.617
4671	840	0.649
4671	842	0.439
85407	8215	0
85407	8321	0.563
4690	25	0.66
4690	5058	0.779
4690	8976	0.684
1991	154	0.432
1991	148	0.478
1991	150	0.561
4763	4893	0.55
2903	0	0
2903	5335	0.429
2903	1741	0.428
0	2983	0
4987	2773	0.486
4987	2775	0.637
4987	0	0
9518	2064	0.475
774	0	0
7533	572	0.575
7533	3667	0.428
7533	4772	0.405
7533	5894	0.584
7533	673	0.497
7533	1072	0.517
7533	2308	0.455
7533	7158	0.386
7533	9610	0
0	23236	0
0	5501	0
0	30011	0
5828	5724	0.172
5724	2776	0.389
5724	2773	0.432
5724	2775	0.486
5724	0	0
2150	2776	0.474
2150	0	0
8850	367	0.55
5136	0	0
5153	0	0
5137	0	0
5139	820	0.25
5140	820	0.278
5141	820	0.054
5142	820	0.373
5143	820	0
5144	820	0.21
8654	0	0
5154	5159	0.778
5159	5335	0.728
5159	5781	0.651
5159	10603	0.44
29943	0	0
5170	207	0.709
5170	6198	0.638
5170	6196	0.702
5170	50818	0
5170	5578	0.691
5170	6195	0.685
5170	10000	0.411
5170	5590	0.68
9693	54386	0.413
9693	5911	0.522
2983	0	0
9463	2917	0.444
5300	3725	0.667
5300	1499	0.397
0	207	0
0	836	0
0	841	0
0	842	0
0	1605	0
0	2934	0
0	8936	0
0	9266	0
0	156	0
0	1759	0
0	3760	0
0	490	0
0	22895	0
0	6261	0
0	207	0
0	5578	0
0	7410	0
0	9266	0
0	3611	0
0	5170	0
0	30011	0
5305	0	0
5566	154	0.478
5566	572	0.606
5566	1387	0.534
5566	1385	0.633
5566	84152	0.436
5566	3708	0.694
5566	4772	0.417
5566	4790	0.571
5566	4842	0.58
5566	1432	0.616
5566	23236	0.567
5566	5335	0.676
5566	5894	0.68
5566	5894	0.68
5566	5906	0.675
5566	6714	0.616
5566	4137	0.31
5566	118	0.431
5566	2890	0.399
5566	2668	0.445
5566	673	0.53
5566	10645	0.477
5566	1812	0.506
5566	2316	0.508
5566	2554	0.302
5566	2741	0.436
5566	5502	0.578
5566	2897	0.357
5566	3761	0.26
5566	3751	0.251
5566	775	0.584
5566	4133	0.188
5566	2917	0.391
5566	8428	0.469
5566	2903	0.383
5566	5139	0.486
5566	5140	0.486
5566	5144	0.607
5566	8654	0.33
5566	490	0.368
5566	773	0.461
5566	22895	0
5566	54386	0.422
5566	22999	0.442
5566	23557	0.378
5566	84687	0.408
5566	84867	0.151
5566	6853	0.29
5566	64414	0
5566	5256	0.396
5587	7533	0.513
5587	9846	0.454
5593	1385	0.469
5593	4842	0.426
5593	952	0.469
5593	2917	0.419
5593	8654	0.524
5569	5566	0.559
10887	1965	0
9373	8	0
490	0	0
5501	596	0.357
5501	1385	0.501
5501	815	0.42
5501	1072	0.286
5501	2903	0.266
5527	207	0.492
5527	572	0.521
5527	596	0.502
5527	8536	0.412
5527	1385	0.495
5527	2931	0.505
5527	9564	0.451
5527	814	0.496
5527	1072	0.373
5527	775	0.325
5527	4744	0.175
5527	2903	0.325
5494	8312	0.551
5494	572	0.489
5536	4137	0.402
773	0	0
3276	10657	0.467
832	280979	0
832	0	0
1742	4130	0
5770	3643	0.526
5786	2534	0.385
5786	3932	0.369
5786	6714	0.342
2664	5864	0.421
22895	5864	0
23613	2534	0.371
54386	5894	0.433
54386	5900	0.368
54386	673	0.417
5909	5906	0.526
5909	54386	0.427
5911	5900	0.358
5911	4893	0.567
4893	5290	0.777
4893	5894	0.795
4893	5900	0.667
4893	673	0.71
4893	4296	0.537
5921	207	0.541
5921	5879	0.583
5921	4893	0.532
10125	4893	0.707
25780	54386	0.449
25780	4893	0.579
5947	2885	0.337
5947	6464	0.292
5997	2776	0.485
5997	2767	0.387
5997	2773	0.418
5999	2776	0.461
6009	5894	0.512
22999	10497	0.587
22999	7533	0.582
22999	5864	0.742
22999	22895	0
22999	6616	0.708
22999	6857	0.739
9610	4893	0
6195	572	0.641
6195	1385	0.849
6195	9978	0.439
6195	29904	0.38
6195	0	0
777	0	0
6261	0	0
0	5704	0
0	6729	0
10657	1387	0.489
1739	2897	0.433
11231	3309	0.256
11231	0	0
0	3350	0
0	3358	0
0	3356	0
0	3360	0
50944	8874	0.39
30011	3717	0.423
30011	10252	0.604
30011	89	0.365
30011	5947	0.231
6478	7410	0.683
10572	598	0.615
6616	774	0.593
23557	111	0.402
23557	6616	0.63
0	6507	0
0	3760	0
6717	6261	0.654
6494	54386	0.476
84687	5501	0.381
6729	0	0
6729	6734	0.832
6734	0	0
0	6751	0
0	6752	0
6751	2773	0.546
6751	2775	0.501
6751	0	0
6752	2773	0.528
6752	2775	0.488
6752	0	0
6752	30011	0.418
84867	5594	0.161
84867	8520	0.338
84867	11143	0.356
9900	6857	0
6853	280979	0
6853	2781	0.416
6857	775	0.485
6857	777	0.512
6857	6809	0.449
8831	4893	0.474
9751	6809	0.153
6809	3736	0.187
6809	774	0.187
0	6850	0
6932	6722	0.541
6932	51176	0.511
7454	10097	0.741
7454	1268	0.272
7074	207	0.505
4915	2534	0.639
4915	3667	0.586
4915	6464	0.629
4915	8660	0.578
5644	2150	0.188
203068	1759	0.222
7408	280979	0
7417	578	0
7417	578	0
7417	581	0
7417	1329	0
7448	3688	0.683
7443	1386	0.362
7475	8321	0.63
7475	28992	0.225
2872	1977	0.48
9611	2099	0.618
9611	5241	0.667
11318	408	0.626
43	317	0.346
43	1329	0.34
10188	7094	0.44
10188	7414	0.243
10188	4168	0.521
10000	572	0.39
10000	572	0.39
10000	581	0.388
10000	842	0.435
10000	2931	0.345
10000	7248	0.315
10000	331	0.344
10000	2308	0.351
10000	5140	0.305
51074	317	0.474
367	2770	0.311
367	2767	0.324
367	6772	0.57
367	2308	0.489
367	50807	0.403
367	4486	0.533
367	7329	0.394
369	5604	0.424
369	5605	0.433
369	7337	0.515
9459	207	0.544
9459	998	0.536
9459	5058	0.528
5414	331	0.663
50807	1029	0.373
50807	367	0.403
29108	581	0.625
57099	317	0.891
10017	581	0.578
23786	1329	0.189
599	572	0.468
599	578	0.526
599	581	0.543
599	637	0.649
599	638	0.582
599	10018	0.702
613	6850	0.386
51283	841	0.826
7009	581	0
90427	596	0.562
90427	598	0.713
90427	599	0.685
90427	4170	0.663
664	596	0.67
664	598	0.701
665	596	0.553
665	598	0.659
666	1329	0.161
9970	0	0
9970	5604	0.517
9970	156	0.425
9970	6646	0.251
1513	581	0.384
25776	1499	0.428
930	5295	0.702
930	7409	0.801
940	916	0.686
961	664	0.357
9350	7471	0.579
3880	842	0.291
1119	8312	0.359
1119	1499	0.249
1119	8215	0
4963	637	0
1195	5187	0.258
4934	572	0
4934	4772	0
10524	4851	0.408
10524	367	0.549
10524	351	0.434
10524	28514	0.429
10524	3714	0.257
10524	4853	0.434
10524	4854	0.412
10524	4855	0.428
84876	0	0
1410	581	0.551
1410	598	0.547
1410	836	0.535
1493	916	0.666
5478	9131	0.294
10870	5290	0.412
10870	5335	0.414
10870	7409	0.548
10870	3937	0.628
190	2099	0.581
190	7471	0.442
8771	356	0.826
22861	317	0.644
22861	842	0.646
11315	581	0.619
10294	581	0.201
140735	90427	0.806
7786	6416	0.547
7786	5609	0.536
1400	581	0.233
2100	2099	0.743
2065	5295	0.68
5783	841	0.136
5783	8772	0.094
2247	2263	0.727
2247	6383	0.476
2263	5335	0.555
2263	6464	0.498
2263	10818	0.336
2263	6646	0.25
9994	841	0.631
6422	8321	0.59
6422	7471	0.594
10818	2885	0.753
10818	5781	0.667
1	23368	0
2778	427	0.256
6540	5148	0.284
629	427	0.32
629	427	0.32
629	1956	0.396
629	5290	0.453
629	5879	0.368
629	156	0.393
629	1839	0.516
629	3339	0.311
23092	29984	0.682
9265	1029	0.363
1839	1956	0.622
3094	5894	0.503
8739	596	0.409
8739	598	0.559
8739	599	0.553
8739	4170	0.453
3329	836	0.543
3329	839	0.307
3303	9131	0
6383	2247	0.476
6383	2263	0.368
83696	6850	0
3802	5777	0.368
56998	1499	0.494
80319	8215	0
3440	3454	0.69
3454	3716	0.733
3454	7297	0.689
9641	3661	0.81
3596	3597	0.855
3596	3598	0.532
3597	3717	0.855
3597	7297	0.717
3597	3566	0.855
3598	3566	0.776
3561	3718	0.534
3566	3716	0.548
3566	3597	0.855
3566	3561	0.866
3570	3716	0.537
55437	331	0.41
4188	3172	0.465
3630	3643	0.774
51135	7189	0.663
11213	3654	0.733
11213	51135	0.46
3702	5335	0.637
3718	3716	0.546
5602	1386	0.866
5602	3725	0.864
5602	4772	0.744
5602	7157	0.433
5602	6464	0.71
5602	319	0.167
2547	581	0.385
607	1499	0
79444	836	0.541
79444	840	0.63
79444	842	0.537
4018	9170	0.255
4035	8312	0.443
4035	8321	0.431
4035	7471	0.382
9175	6416	0.515
9175	5609	0.517
1845	5599	0.776
1845	5601	0.869
1845	5602	0.885
64112	581	0.693
64112	596	0.565
64112	598	0.708
7867	3315	0.53
4170	578	0.594
4170	581	0.582
4170	10018	0.667
4170	1329	0.165
4170	666	0.611
7020	3725	0.421
5607	5598	0.727
9927	578	0.431
9927	581	0.406
1846	5595	0.755
1846	5594	0.784
1846	5599	0.762
1846	5601	0.887
1846	5602	0.9
1848	5595	0.731
1848	5594	0.759
1852	5595	0.445
1852	5594	0.45
4296	6416	0.607
4296	5609	0.603
4342	5604	0.571
4342	5605	0.596
8986	1385	0.574
8986	1978	0.529
8986	466	0.508
4836	637	0.712
5366	578	0.746
5366	581	0.739
5366	596	0.686
5366	598	0.705
5366	4170	0.595
10193	57448	0.673
55075	317	0
8976	280979	0
27429	331	0.572
27429	57448	0.573
27429	10456	0.566
5291	23368	0.288
5291	54545	0
925	8739	0.255
8503	5291	0.582
10714	2099	0.412
10714	10011	0.212
23368	5291	0.288
5296	5291	0.903
1844	5595	0.405
1844	5594	0.395
51237	842	0.341
79581	8215	0
64414	820	0
5256	5834	0.86
8554	4089	0.555
8554	6772	0.643
11040	572	0.544
5590	6198	0.566
5590	5037	0
3339	1605	0.386
3339	0	0
3339	0	0
5336	1605	0.448
5241	2099	0.652
5621	581	0.371
5757	8125	0.941
5757	1329	0.652
10076	3716	0.353
10076	6772	0.359
10076	7297	0.365
27113	581	0.802
27113	596	0.704
27113	598	0.69
27113	599	0.611
27113	4170	0.639
5834	5837	0.989
26108	607	0
10235	5879	0.501
11331	2099	0.984
5308	2770	0.242
5308	2776	0.354
5308	2778	0.371
8204	2099	0.604
1969	2885	0.533
1969	5335	0.625
1969	6464	0.574
1969	1	0
1969	23368	0.254
6259	8215	0
6259	8321	0.592
6296	473	0.059
23013	9611	0.541
23013	10011	0.329
23013	23426	0.454
8431	2099	0.501
6597	1499	0.431
6597	2099	0.682
1154	3643	0.4
1154	3716	0.399
1154	3717	0.449
56848	598	0.435
10011	2099	0.293
10011	10714	0.212
6646	1026	0.205
6646	6772	0.216
29110	3661	0.844
7006	7409	0.628
7006	1796	0.437
23389	2099	0
6097	1978	0.416
6097	6198	0.425
1326	5604	0.652
1326	5605	0.652
55240	665	0.295
7318	7189	0.604
8457	79370	0
54739	331	0.344
51776	6416	0.579
51776	5609	0.606
7791	7408	0.434
102	28514	0.494
6868	4851	0.545
83737	6456	0.358
83737	3815	0.499
25898	367	0.303
59343	6934	0.337
667	10048	0.545
667	7472	0.225
960	4088	0.536
960	4089	0.485
960	2059	0.399
1025	126961	0
4435	9846	0.409
1459	1855	0.401
1459	2059	0.431
1213	5781	0.321
1213	7471	0.249
1213	23426	0.155
1213	3636	0.511
10987	4089	0.534
1453	2059	0.5
1454	1855	0
10664	23002	0
23002	367	0
1601	3398	0.497
1601	3399	0.387
55802	7471	0.177
1999	1855	0.507
1999	1915	0.405
1999	9846	0.411
5045	4851	0.407
2535	6722	0.574
2535	1855	0.658
2535	1856	0.727
2535	2059	0.399
9846	6464	0.676
9846	5777	0.596
9846	6772	0.478
9846	6774	0.435
9846	7410	0.643
9846	2887	0.474
9846	5338	0.484
9846	5921	0.404
9846	634	0.323
9846	2060	0.525
9846	2059	0.464
9846	3875	0.267
9846	9063	0.332
9846	6004	0.343
9846	6777	0.299
9846	6934	0.423
8520	5781	0.178
8520	6774	0.19
8520	2887	0.159
8520	84867	0.338
8520	8290	0.776
8520	5515	0.35
8520	5801	0.271
8520	6929	0.287
8520	7050	0.322
11143	9978	0.32
11143	4087	0.242
11143	4088	0.263
11143	6774	0.196
11143	2887	0.173
11143	84867	0.356
11143	367	0.284
11143	9541	0.358
11143	5515	0.37
11143	5801	0.282
11143	9712	0.34
11143	10044	0.236
11143	6929	0.299
11143	7050	0.328
11143	8462	0.296
28996	2516	0.453
3815	6772	0.574
3815	6776	0.378
3815	7409	0.577
3815	161742	0.318
3815	200734	0.311
3815	6777	0.416
3955	4851	0.481
3955	4853	0.525
4242	28514	0
4242	182	0
4242	4853	0
9063	4089	0.472
4316	3691	0.365
8650	4851	0.488
56924	367	0.463
51588	51176	0.266
51588	6934	0.363
23509	4088	0.441
23509	1855	0.429
23509	2887	0.426
23509	4851	0.416
23509	858	0.188
23509	28514	0.528
23509	182	0.443
23509	5076	0.404
23509	5515	0.465
5515	815	0.454
5515	25898	0.363
5580	1601	0.564
5580	3655	0.535
5580	3691	0.37
5582	1601	0.465
5582	1856	0.46
5582	5037	0
8643	1796	0.755
8643	3815	0.323
5782	5359	0.351
5801	3055	0.348
5801	8520	0.271
5801	11143	0.282
10048	6608	0.377
2963	6608	0.178
2963	5801	0.25
2962	5430	0.894
2962	10048	0.138
2962	7472	0.309
9712	2668	0.274
9712	815	0.251
9712	4131	0.114
9712	25898	0.311
9712	8668	0.153
9712	2059	0.361
9712	4853	0.201
29843	10499	0.465
2516	51176	0.395
2516	4602	0.566
2516	6934	0.439
57154	4092	0.633
57154	7046	0.55
58533	4155	0.189
58533	7337	0.265
9021	1857	0.456
57559	8520	0
6777	5607	0.517
7329	367	0.394
7329	7337	0.586
7321	6498	0.626
7322	4087	0.392
7323	4087	0.594
7337	8520	0.316
7337	11143	0.311
8409	8520	0.446
8409	11143	0.486
7472	23509	0.407
8882	29843	0.378
