1	55	0.07
1	55	0.07
1	57	0.084
1	58	0.08
1	249	0.064
1	843	0.085
4	430	0.208
4	681	0.198
4	683	0.243
5	529	0.069
6	162	0
6	308	0
6	648	0
8	121	0.17
8	146	0.1
8	378	0.178
8	471	0.11
8	489	0.128
8	558	0.215
8	559	0.199
8	698	0.058
8	815	0.102
8	956	0.065
9	49	0
9	81	0
9	271	0.218
11	367	0
13	28	0.058
14	724	0
16	196	0.073
17	242	0.102
18	71	0
18	376	0.11
19	445	0.069
21	579	0.103
22	17	0.096
22	55	0.22
22	55	0.22
22	91	0.162
22	91	0.162
22	144	0.082
22	249	0.103
22	279	0.253
22	301	0.058
22	307	0.209
22	308	0.204
22	308	0.204
22	312	0.155
22	335	0.258
22	350	0.227
22	351	0.201
22	352	0.109
22	413	0.211
22	421	0.209
22	434	0.259
22	440	0.181
22	458	0.174
22	493	0.182
22	560	0.213
22	560	0.213
22	572	0.187
22	623	0.194
22	636	0.102
22	653	0.198
22	688	0.097
22	724	0
22	843	0.107
22	915	0.176
22	920	0.212
22	921	0.212
22	956	0.055
22	1255	0.247
24	47	0.107
25	26	0.172
26	10	0.128
26	476	0.209
27	977	0
28	91	0.146
28	158	0.077
28	402	0.069
29	53	0.227
29	154	0.136
31	695	0.102
35	524	0.132
35	531	0.102
36	579	0.068
36	588	0.05
36	789	0.061
36	983	0
37	579	0.081
38	578	0.499
38	579	0.201
39	579	0.058
40	36	0.07
40	579	0.07
41	579	0.068
42	579	0.07
43	20	0.354
44	724	0
46	378	0.287
46	379	0.154
46	419	0.102
46	420	0.102
46	429	0.31
47	133	0.417
47	344	0.102
47	358	0.043
47	360	0.046
47	797	0
47	1079	0
48	8	0.167
48	66	0.12
48	67	0.154
48	126	0.246
48	127	0.226
48	237	0.068
48	445	0.196
48	448	0.057
48	484	0.118
48	484	0.118
49	81	0
49	81	0
49	91	0
50	48	0.285
50	66	0.113
50	126	0.246
50	127	0.179
50	237	0.073
50	484	0.074
50	537	0.208
50	556	0.102
52	71	0
53	154	0.258
53	307	0.142
53	421	0.175
53	915	0.118
54	853	0
54	857	0
55	56	0.077
55	57	0.156
55	58	0.112
55	58	0.112
55	59	0.142
55	59	0.142
55	91	0.193
55	1148	0.074
56	55	0.077
56	59	0.279
56	131	0.102
56	801	0
57	55	0.156
57	56	0.248
57	58	0.315
57	58	0.315
57	131	0.102
57	801	0
58	28	0.088
58	55	0.112
58	56	0.209
58	57	0.315
58	59	0.329
58	60	0.08
58	61	0.102
58	617	0.102
58	757	0.08
58	801	0
58	1234	0.075
58	1261	0.102
59	55	0.142
59	56	0.279
59	57	0.341
59	58	0.329
59	60	0.102
59	61	0.102
59	61	0.102
59	158	0.076
59	484	0.19
59	757	0.102
59	801	0
59	1146	0.185
59	1155	0.271
59	1261	0.102
60	56	0.102
60	57	0.084
60	801	0
60	1086	0.076
61	58	0.102
61	59	0.102
62	131	0.102
62	713	0.162
62	1327	0
63	302	0.263
63	697	0.068
63	1284	0.068
65	47	0.069
68	242	0.099
68	533	0.101
68	1284	0.113
69	154	0.081
69	154	0.081
70	569	0.324
70	1011	0.102
70	1014	0.102
71	76	0
71	78	0
71	80	0
71	105	0
71	134	0
71	135	0
71	180	0
71	278	0
71	447	0
71	448	0
71	458	0
71	522	0
71	523	0
71	528	0
71	541	0
71	552	0
71	722	0
71	734	0
71	766	0
71	767	0
71	768	0
71	774	0
71	814	0
71	818	0
71	872	0
71	939	0
71	1008	0
71	1016	0
71	1048	0
71	1061	0
71	1062	0
71	1065	0
71	1087	0
71	1169	0
72	323	0
72	765	0
73	342	0.102
74	72	0
74	447	0
74	457	0
75	57	0.073
75	60	0.076
75	72	0
75	91	0.243
75	233	0.12
75	554	0.081
75	572	0.129
75	579	0.157
75	646	0.073
75	648	0.073
75	703	0.075
75	737	0.044
75	907	0.061
75	948	0.041
75	1050	0
76	72	0
76	233	0.169
76	554	0.147
76	646	0.126
77	75	0.049
77	703	0.156
78	72	0.359
78	74	0
78	79	0.064
78	447	0.056
78	552	0.041
79	144	0.041
79	323	0.101
79	415	0.044
79	428	0.108
79	572	0.108
79	1062	0.058
80	144	0.102
80	648	0.102
81	212	0.102
81	521	0.102
81	521	0.102
81	583	0.102
81	773	0.102
81	984	0.102
81	1170	0.043
82	443	0
82	443	0
83	94	0.22
83	154	0.127
83	479	0.259
85	28	0.056
85	87	0.44
85	239	0.102
85	340	0.182
85	484	0.145
86	60	0.085
86	393	0.068
87	28	0.027
87	28	0.027
87	55	0.036
87	57	0.05
87	58	0.054
87	59	0.059
87	60	0.038
87	73	0.156
87	88	0.394
87	89	0.426
87	90	0.442
87	172	0.133
87	233	0.131
87	251	0.035
87	251	0.035
87	272	0
87	284	0.031
87	284	0.031
87	342	0.102
87	342	0.102
87	421	0.139
87	494	0.125
87	497	0.122
87	574	0.053
87	587	0.143
87	713	0.126
87	757	0.038
87	765	0
87	828	0.033
87	909	0
87	983	0.155
87	988	0
87	994	0.025
87	1127	0.166
87	1248	0.046
87	1259	0.126
88	87	0.394
88	342	0.102
88	393	0.051
88	393	0.051
88	394	0
88	395	0
88	493	0.129
89	73	0.135
89	73	0.135
89	91	0.271
89	233	0.123
89	342	0.102
89	497	0.112
89	909	0
89	988	0
90	46	0.136
90	46	0.136
90	60	0.055
90	85	0.558
90	87	0.442
90	340	0.189
90	425	0.166
90	585	0.209
90	988	0
90	1179	0.05
91	87	0.326
91	87	0.326
91	88	0.254
91	88	0.254
91	89	0.271
92	589	0.135
93	197	0.118
93	714	0.133
93	1161	0.17
93	1193	0.136
93	1196	0.148
94	133	0.338
94	154	0.222
94	211	0.191
94	216	0.247
94	305	0.255
94	389	0.096
94	483	0.048
94	961	0.298
94	1074	0.143
94	1312	0.167
96	118	0.102
96	119	0.102
96	120	0.102
96	122	0.102
96	187	0.102
97	118	0.051
98	187	0.126
98	574	0.229
98	574	0.229
99	574	0.143
100	574	0.143
101	574	0.218
105	144	0
105	368	0
106	664	0.368
106	666	0.428
107	482	0.09
108	714	0.09
111	389	0.235
112	118	0.132
112	118	0.132
113	119	0.068
113	122	0.075
114	118	0.132
115	101	0.061
115	187	0.056
116	279	0.229
116	421	0.191
116	434	0.156
116	493	0.111
116	706	0.149
116	915	0.107
116	920	0.144
116	921	0.144
116	1077	0.203
116	1128	0.131
116	1255	0.228
118	55	0.039
118	97	0.051
118	536	0.262
119	187	0.055
119	478	0.058
119	574	0.067
121	28	0.041
121	165	0
121	417	0.234
121	493	0.224
121	648	0.057
121	929	0
121	945	0.054
122	58	0.089
122	574	0.094
123	119	0.197
124	133	0.28
126	112	0.125
126	112	0.125
126	262	0
126	484	0.073
127	66	0.182
127	262	0
127	484	0.193
128	572	0.102
129	65	0.076
131	62	0.102
131	340	0.102
131	713	0.102
131	787	0.102
131	1241	0.102
132	87	0.116
132	89	0.102
133	144	0.434
133	757	0.052
133	1209	0.102
134	447	0.045
134	477	0.068
134	484	0.073
135	165	0
136	148	0
136	511	0
137	60	0.085
137	61	0.102
137	181	0
137	407	0.188
137	407	0.188
137	633	0.054
137	710	0.082
139	64	0.329
141	471	0.17
141	627	0.316
142	28	0.102
144	94	0.376
144	751	0.049
144	797	0
144	881	0.102
144	1075	0.119
144	1076	0.232
145	144	0.188
145	180	0.272
146	8	0.1
146	70	0.081
146	173	0.081
146	403	0.056
146	869	0.102
147	70	0.058
147	173	0.058
148	57	0.159
148	59	0.184
149	223	0.056
149	490	0.225
150	233	0.194
150	389	0.23
150	400	0.256
150	554	0.087
150	632	0.184
152	652	0.169
152	1297	0.176
153	66	0.187
154	94	0.222
154	319	0.205
154	652	0.181
154	695	0.102
154	897	0.186
154	897	0.186
154	1074	0.112
158	28	0.077
158	84	0.12
158	131	0.102
158	511	0.097
160	81	0
161	542	0
164	168	0
164	522	0
164	523	0.07
164	1016	0.034
165	121	0
165	481	0
165	540	0
165	993	0
166	46	0.224
166	379	0.076
167	101	0
167	154	0
167	187	0
167	413	0.155
167	478	0
167	621	0.155
168	522	0
169	424	0
170	513	0.102
171	710	0.289
171	1243	0.191
172	484	0.125
173	22	0.097
174	160	0
174	161	0
174	802	0
174	803	0
174	804	0
175	101	0.085
177	90	0
180	144	0.181
180	144	0.181
180	253	0.099
180	817	0
180	893	0
180	894	0.017
180	1209	0.043
181	307	0
181	308	0
182	527	0
183	572	0.102
183	757	0.102
185	471	0.056
187	60	0.07
187	175	0.151
187	471	0.168
187	574	0.239
187	574	0.239
187	611	0.213
187	757	0.07
187	1209	0.102
187	1261	0.102
187	1291	0.102
189	640	0
190	208	0
190	209	0
193	421	0.129
195	445	0.116
196	197	0.096
197	85	0.165
197	93	0.118
197	217	0.31
197	302	0.137
197	417	0.215
197	421	0.261
197	447	0.118
197	482	0.216
197	533	0.208
197	552	0.239
197	572	0.159
197	578	0.155
197	602	0.183
197	632	0.232
197	634	0.188
197	636	0.168
197	697	0.05
197	706	0.139
197	933	0.082
197	938	0.121
197	1015	0.132
197	1190	0.218
197	1313	0.136
199	55	0.101
199	1153	0.12
199	1154	0.082
201	206	0.047
201	208	0.055
201	208	0.055
203	202	0.253
203	202	0.253
203	351	0.061
205	206	0.268
206	590	0.222
207	206	0.242
207	590	0.215
210	202	0.32
211	133	0.243
211	253	0.267
211	1052	0
212	282	0
212	569	0.348
212	1011	0.102
214	602	0.08
217	302	0.171
217	515	0.185
217	533	0.197
217	602	0.213
217	632	0.229
217	1015	0.13
217	1071	0.128
217	1204	0.147
219	211	0.044
219	432	0.253
219	435	0.193
219	439	0.215
219	490	0.243
219	1113	0.193
219	1171	0.126
219	1257	0.261
220	91	0.156
220	94	0.098
220	133	0.068
220	144	0.071
220	197	0.24
220	198	0.096
220	211	0.039
220	219	0.358
220	253	0.056
220	378	0.272
220	408	0.233
220	409	0.102
220	432	0.274
220	435	0.223
220	439	0.238
220	490	0.266
220	507	0.242
220	518	0
220	528	0.113
220	591	0.193
220	635	0.068
220	648	0.107
220	652	0.057
220	894	0.044
220	909	0
220	922	0.102
220	945	0.103
220	946	0.058
220	989	0.102
220	1028	0.233
220	1033	0.057
220	1062	0.109
220	1113	0.223
220	1171	0.14
220	1257	0.277
221	414	0.101
221	490	0.061
221	1249	0.048
222	215	0
222	410	0
224	223	0.271
226	231	0
227	228	0
228	248	0.132
228	495	0.196
230	225	0.223
232	85	0.262
232	90	0.199
232	441	0.396
232	448	0.079
232	617	0.102
232	1179	0.094
233	220	0.249
233	260	0.234
233	302	0.181
233	361	0.083
233	470	0.19
233	515	0.226
233	533	0.187
233	554	0.134
233	602	0.162
233	632	0.28
233	734	0.074
233	1140	0.102
233	1203	0.065
233	1204	0.163
233	1300	0.215
234	618	0
238	237	0
241	90	0.291
241	239	0.102
242	166	0.186
242	197	0.206
242	232	0.167
242	243	0.073
242	355	0.069
242	448	0.058
242	585	0.141
242	603	0.221
243	242	0.073
243	242	0.073
247	315	0
248	374	0.175
249	243	0.064
249	757	0.064
252	9	0
253	133	0.263
255	307	0
255	308	0
256	181	0
256	264	0
256	529	0.084
256	529	0.084
256	756	0.155
257	258	0.102
260	154	0.116
260	163	0
260	533	0.159
260	602	0.363
260	635	0.076
260	737	0.055
260	900	0.065
260	948	0.055
260	1083	0.132
264	181	0
264	219	0.155
264	270	0.239
264	312	0.239
264	516	0.155
266	146	0.102
266	403	0.05
266	468	0.167
266	515	0.038
266	515	0.038
266	914	0.076
267	118	0.102
267	915	0.102
268	9	0.079
268	275	0.219
268	515	0.115
268	516	0.144
268	572	0.218
268	632	0.178
268	761	0.121
268	1012	0.138
268	1201	0.116
269	311	0
269	572	0.069
270	311	0.499
270	417	0.17
270	530	0.175
270	1283	0.064
274	330	0.062
274	633	0.267
275	268	0.219
275	283	0.216
275	312	0.499
275	515	0.134
276	311	0
278	277	0
279	421	0.284
280	202	0
282	202	0
282	311	0
282	364	0
282	468	0
282	494	0
282	560	0
282	565	0
282	572	0
282	579	0
283	22	0.114
283	35	0.058
283	36	0.069
283	572	0.152
283	578	0
284	91	0.056
284	724	0
285	695	0
286	521	0.049
287	288	0.096
288	346	0.096
288	515	0.054
289	9	0.106
289	97	0.127
289	270	0.487
289	419	0.068
289	443	0.022
289	530	0.103
289	1201	0.131
296	21	0.159
296	40	0.064
296	579	0.188
296	582	0
296	632	0.173
296	1015	0.1
296	1250	0.103
296	1285	0.076
296	1317	0.103
297	40	0.069
297	46	0.119
297	116	0.195
297	552	0.164
297	582	0
297	1010	0.069
298	164	0.076
298	530	0.103
299	27	0.043
300	306	0.092
301	430	0.031
301	515	0.025
302	93	0.249
302	219	0.122
302	266	0.186
302	533	0.238
302	572	0.143
302	602	0.366
302	625	0.082
302	630	0.102
302	698	0.088
302	706	0.13
302	818	0.219
302	1005	0.082
302	1033	0.234
302	1197	0
305	652	0.15
305	897	0.057
306	310	0
307	53	0.142
307	133	0.068
307	144	0.071
307	154	0.136
307	427	0.05
307	447	0.1
307	549	0.108
307	648	0.107
307	742	0
307	877	0
307	1188	0.053
308	22	0.204
308	53	0.208
308	98	0.221
308	154	0.191
308	202	0.07
308	307	0.37
308	616	0.074
308	648	0.123
309	310	0
310	306	0
311	170	0
311	282	0
311	417	0.155
311	421	0.155
311	481	0
311	488	0.155
311	493	0.155
311	532	0.239
311	534	0
311	539	0
311	560	0.155
311	565	0.499
311	572	0.499
311	572	0.499
311	579	0.499
311	587	0.155
311	706	0
311	707	0
311	708	0
312	219	0.155
312	219	0.155
312	220	0.155
312	264	0.239
312	275	0.499
312	373	0
312	421	0.155
312	533	0.239
312	572	0.499
312	593	0.239
312	602	0.155
313	60	0.061
313	91	0.224
313	91	0.224
313	1006	0.184
315	57	0
315	329	0
318	71	0
318	71	0
318	91	0.057
318	552	0.034
319	305	0.228
319	897	0.056
320	620	0.12
322	479	0.215
325	60	0.103
325	483	0.154
325	1153	0.192
325	1154	0.133
325	1261	0.102
331	202	0.107
332	87	0.05
332	166	0.223
332	801	0
333	413	0.131
333	695	0.102
334	28	0.278
334	1129	0.043
335	20	0.148
335	28	0.179
335	62	0.204
335	551	0.196
336	520	0.058
338	50	0.102
339	22	0
339	337	0
339	484	0
340	91	0.164
341	135	0
342	73	0.102
342	73	0.102
342	762	0.102
343	90	0.206
343	232	0.345
343	232	0.345
344	345	0.102
344	377	0.293
345	334	0.043
345	376	0.068
345	377	0.066
345	660	0.087
345	662	0.076
346	347	0.205
347	22	0.175
347	74	0
347	79	0.158
347	219	0.154
347	220	0.168
347	370	0.248
347	447	0.063
347	515	0.199
347	523	0.18
347	602	0.267
347	698	0.071
347	756	0.104
347	867	0.176
348	358	0.087
348	358	0.087
348	360	0.096
348	360	0.096
348	448	0.147
348	448	0.147
348	522	0
348	575	0.222
349	339	0
349	448	0.048
350	348	0.153
350	448	0.06
351	348	0.119
351	448	0.062
352	348	0.2
352	448	0.073
354	377	0
355	362	0.256
356	357	0.197
356	419	0.102
357	193	0.044
357	683	0.1
360	1224	0.068
361	1225	0.236
364	565	0.123
365	370	0.253
365	420	0.07
365	602	0.293
365	638	0.102
365	744	0.072
365	867	0.095
365	881	0.102
366	365	0
367	22	0.168
367	71	0
367	368	0.075
367	522	0
368	71	0
368	1172	0.277
369	643	0.041
369	644	0.051
369	664	0.157
369	666	0.099
369	683	0.171
370	219	0.134
370	302	0.289
370	515	0.063
370	938	0.257
372	1219	0.172
372	1315	0.058
373	62	0.171
373	87	0.051
373	253	0.082
373	515	0.051
373	577	0.043
373	713	0.073
374	219	0.138
374	233	0.188
374	249	0.109
374	377	0.105
374	552	0.059
374	602	0.127
374	602	0.127
374	876	0.138
376	377	0.354
376	602	0.286
376	634	0.15
376	635	0.085
376	636	0.155
376	1235	0.349
376	1313	0.138
376	1314	0.224
377	376	0.354
377	486	0
377	634	0.171
377	636	0.129
377	638	0.102
377	694	0.342
378	47	0.101
378	55	0.164
378	58	0.106
378	58	0.106
378	60	0.058
378	84	0.183
378	133	0.099
378	211	0.035
378	243	0.058
378	253	0.05
378	407	0.326
378	417	0.298
378	447	0.076
378	484	0.128
378	602	0.143
378	648	0.098
378	652	0.053
378	757	0.058
378	1152	0.102
378	1248	0.061
378	1299	0.044
379	378	0.193
379	405	0.249
379	407	0.2
379	482	0.242
379	881	0.102
379	1236	0.249
380	273	0.207
382	22	0
386	695	0
388	302	0.231
388	533	0.142
389	533	0.235
389	560	0.177
389	698	0.081
389	714	0.194
389	1161	0.191
389	1176	0.201
389	1213	0
390	391	0
391	26	0.039
392	28	0.05
392	142	0.102
392	792	0.102
399	259	0.229
400	68	0.279
400	468	0.099
400	533	0.231
400	572	0.168
400	602	0.201
400	697	0.045
400	1083	0.057
400	1149	0.268
400	1159	0.555
401	379	0.051
403	220	0.257
403	378	0.275
404	421	0.231
405	211	0.031
405	418	0.231
405	435	0.243
405	439	0.258
405	1113	0.243
405	1164	0.05
405	1247	0.294
405	1249	0.039
405	1257	0.246
406	124	0.043
406	823	0.258
407	47	0.11
407	133	0.097
407	219	0.316
407	253	0.064
407	253	0.064
407	261	0
407	282	0
407	358	0.073
407	360	0.085
407	377	0.168
407	426	0.089
407	447	0.104
407	484	0.109
407	490	0.243
407	552	0.263
407	602	0.138
407	1299	0.058
408	328	0.043
408	332	0.059
408	439	0.219
409	74	0
410	620	0.064
412	28	0.106
412	371	0.094
412	632	0.189
413	479	0.12
413	484	0.23
413	756	0.144
413	956	0.168
414	323	0.22
414	428	0.211
416	74	0
417	58	0.054
417	75	0.123
417	144	0.032
417	211	0.022
417	219	0.24
417	220	0.256
417	253	0.035
417	379	0.243
417	407	0.24
417	432	0.273
417	439	0.245
417	488	0.353
417	490	0.366
417	591	0.296
417	619	0.046
417	625	0.118
417	724	0
417	757	0.038
417	1196	0.125
417	1248	0.046
417	1257	0.237
418	144	0.041
418	219	0.201
418	220	0.22
418	332	0.139
418	417	0.447
419	378	0.119
419	405	0.061
419	406	0.061
419	482	0.058
420	378	0.119
420	405	0.061
420	406	0.061
420	448	0.067
420	482	0.058
420	1268	0.07
421	351	0.211
421	378	0.314
421	379	0.225
421	417	0.25
421	419	0.179
421	429	0.275
421	482	0.306
421	619	0.115
421	645	0.327
421	1039	0.225
421	1307	0.051
422	242	0.117
422	636	0.159
423	176	0
423	188	0.329
424	270	0.138
424	289	0.163
424	530	0.05
424	857	0
424	1072	0
428	414	0.211
429	378	0.223
429	407	0.156
429	1236	0.283
430	220	0.135
430	335	0.121
430	378	0.12
430	405	0.14
430	406	0.14
430	482	0.137
430	482	0.137
430	1268	0.124
431	554	0.073
432	431	0.044
432	438	0.102
432	442	0.049
432	931	0
432	1298	0
433	438	0
433	931	0
433	1298	0
434	379	0.242
434	420	0.058
434	429	0.271
435	208	0.125
438	442	0.102
439	144	0.072
439	201	0.041
439	1142	0.067
440	190	0.042
440	201	0.054
440	488	0.173
440	541	0.118
441	369	0.1
441	421	0.076
441	454	0.073
441	670	0.271
441	1229	0.073
443	97	0.034
443	118	0.012
446	478	0.081
447	243	0.058
447	414	0.323
448	94	0.238
448	219	0.06
448	234	0.054
448	243	0.067
448	340	0.052
448	344	0.102
448	348	0.147
448	350	0.06
448	352	0.073
448	358	0.064
448	360	0.071
448	361	0.074
452	463	0.102
453	572	0.134
454	350	0.229
454	351	0.224
454	421	0.321
454	938	0.068
455	652	0.137
455	897	0.137
457	152	0.18
457	579	0.084
457	949	0
458	501	0.17
458	501	0.17
459	465	0
460	348	0.116
460	417	0.2
460	572	0.143
461	1080	0
463	146	0.079
463	221	0.076
463	302	0.116
463	370	0.086
463	515	0.208
463	533	0.155
463	602	0.142
463	869	0.102
464	57	0.077
464	58	0.11
465	315	0
466	101	0.081
466	175	0.225
467	636	0.111
468	515	0.062
468	625	0.127
468	1266	0.066
470	70	0.076
470	146	0.102
471	187	0.168
471	413	0.181
471	515	0.05
471	574	0.186
472	122	0.064
473	120	0.068
474	578	0
474	580	0
475	270	0.027
475	270	0.027
475	307	0.029
475	307	0.029
476	44	0.051
476	45	0.058
476	96	0.102
476	101	0.058
476	118	0.227
476	119	0.181
476	119	0.181
476	120	0.157
476	130	0.055
476	261	0
476	500	0.136
476	525	0
478	119	0.058
479	427	0.105
479	464	0.095
479	484	0.186
482	47	0.125
482	71	0
482	124	0.101
482	133	0.088
482	211	0.035
482	407	0.408
482	408	0.277
482	414	0.101
482	417	0.361
482	418	0.319
482	435	0.238
482	439	0.251
482	447	0.09
482	483	0.051
482	547	0.343
482	574	0.101
482	619	0.061
482	627	0.125
482	634	0.056
482	909	0
482	922	0.102
482	989	0.102
482	1113	0.238
482	1164	0.118
482	1247	0.373
482	1249	0.04
482	1257	0.241
483	22	0.078
483	36	0.068
483	116	0.163
483	348	0.149
483	479	0.058
483	486	0
483	575	0.098
484	48	0.118
484	56	0.129
484	57	0.122
484	58	0.228
484	59	0.19
484	60	0.093
484	61	0.102
484	119	0.074
484	242	0.155
484	267	0.102
484	413	0.23
484	471	0.223
484	476	0.146
484	538	0.102
484	695	0.102
484	1154	0.129
484	1261	0.102
484	1291	0.102
487	572	0.073
488	55	0.049
488	145	0.041
488	308	0.188
488	590	0.058
488	594	0.134
488	823	0.234
488	1031	0
489	261	0
489	1291	0.102
490	48	0.24
490	50	0.239
490	55	0.049
490	55	0.049
490	144	0.038
490	443	0.017
490	823	0.25
491	209	0.238
492	678	0.068
493	8	0.165
493	44	0.141
493	45	0.136
493	55	0.055
493	379	0.225
493	392	0.239
493	417	0.25
493	421	0.239
493	432	0.266
493	438	0.102
493	483	0.058
493	560	0.239
493	579	0.125
493	1062	0.056
494	421	0.268
496	275	0.126
496	296	0.071
496	297	0.074
496	312	0
497	448	0.165
497	1129	0.102
499	518	0
500	120	0.107
501	81	0.102
502	783	0
504	502	0
506	367	0.072
506	515	0.233
506	593	0.155
506	634	0.132
506	636	0.094
507	22	0.18
508	22	0.265
508	22	0.265
508	507	0.378
508	522	0
510	103	0.058
510	157	0.067
510	219	0.07
510	222	0
510	632	0.084
511	64	0.267
511	64	0.267
511	139	0.337
511	158	0.097
511	1168	0
512	202	0.058
512	202	0.058
513	13	0.071
514	216	0.176
514	1312	0.226
515	22	0.201
515	22	0.201
515	104	0.031
515	116	0.122
515	221	0.038
515	244	0.031
515	294	0.025
515	417	0.266
515	448	0.036
515	482	0.269
515	518	0
515	552	0.238
515	572	0.124
515	697	0.023
515	876	0.255
515	981	0
515	982	0
515	1130	0.257
516	552	0.233
516	554	0.051
517	284	0.07
517	518	0
518	20	0
518	103	0
518	164	0
518	168	0
518	219	0
518	284	0
518	288	0
518	367	0
518	448	0
518	507	0
518	519	0
518	519	0
518	522	0
518	608	0
519	22	0.101
519	283	0.069
519	507	0.129
519	518	0
521	55	0.158
521	76	0.107
521	130	0.095
521	144	0.103
521	145	0.085
521	165	0
521	447	0.118
521	476	0.225
521	541	0.167
521	616	0.067
522	58	0
522	71	0
522	72	0
522	74	0
522	143	0
522	164	0
522	197	0
522	208	0
522	209	0
522	209	0
522	211	0
522	282	0
522	307	0
522	373	0
522	409	0
522	448	0
522	457	0
522	488	0
522	552	0
522	559	0
522	560	0
522	572	0
522	593	0
522	594	0
522	629	0
522	985	0
522	1285	0
522	1294	0
522	1307	0
523	8	0.196
523	58	0.106
523	208	0.048
523	307	0.304
523	370	0.112
523	409	0.102
523	424	0.038
523	457	0.092
523	530	0.145
523	551	0.162
523	560	0.257
523	721	0.182
523	722	0.119
523	726	0.071
523	737	0.041
523	754	0.242
523	796	0
523	810	0.232
523	818	0.109
523	834	0.102
523	847	0.018
523	855	0.102
523	865	0.043
523	883	0
523	900	0.051
523	907	0.051
523	908	0.102
523	917	0.033
523	929	0
523	948	0.039
523	953	0.045
523	989	0.102
523	991	0.102
523	1016	0.018
523	1017	0.017
523	1045	0.102
526	796	0
527	202	0.139
527	202	0.139
527	666	0.028
529	248	0.079
530	164	0.076
530	367	0.213
530	518	0
530	878	0
530	981	0
533	71	0
533	164	0.073
533	206	0.103
533	367	0.133
533	515	0.125
533	518	0
533	522	0
533	878	0
533	981	0
533	981	0
535	529	0.069
536	443	0.024
537	114	0.117
537	484	0.114
539	28	0.137
540	55	0
541	22	0.234
541	53	0.215
541	53	0.215
541	55	0.202
541	130	0.145
541	165	0.231
541	190	0.099
541	379	0.093
541	429	0.193
541	551	0.168
541	648	0.089
541	756	0.225
542	165	0
543	28	0.108
543	87	0.031
544	335	0.089
544	348	0.137
544	407	0.118
544	619	0.075
544	632	0.089
547	332	0.069
548	119	0.05
549	154	0.125
549	695	0.102
550	118	0
551	233	0.198
551	515	0.14
551	518	0
551	519	0.366
551	982	0
552	197	0.239
552	249	0.037
552	302	0.066
552	378	0.252
552	414	0.047
552	419	0.038
552	482	0.283
552	572	0.098
552	602	0.178
552	632	0.212
552	688	0.041
552	891	0.185
554	146	0.102
554	260	0.079
554	470	0.102
554	646	0.258
554	876	0.085
558	67	0.246
559	58	0.184
559	59	0.235
560	55	0.055
560	403	0.251
560	417	0.25
560	418	0.215
561	86	0.218
562	563	0.057
563	22	0.184
563	116	0.2
563	116	0.2
563	572	0.207
564	562	0.076
567	565	0.06
569	761	0.05
570	219	0.1
570	572	0.268
570	578	0.499
571	154	0.245
572	28	0.118
572	219	0.178
572	220	0.176
572	282	0
572	421	0.176
572	434	0.116
572	444	0.161
572	448	0.107
572	482	0.116
572	487	0.073
572	493	0.112
572	515	0.124
572	560	0.112
572	564	0.069
572	632	0.151
572	703	0.105
572	761	0.131
572	1135	0.113
572	1266	0.121
573	22	0
573	572	0
573	1014	0
574	96	0.102
574	97	0.167
574	101	0.218
574	175	0.123
574	187	0.239
574	449	0.175
574	538	0.102
575	362	0.064
576	34	0.051
576	374	0.09
576	704	0.054
578	412	0
578	587	0.155
578	724	0
579	233	0.17
579	282	0
579	348	0.086
579	378	0.109
579	412	0.079
579	522	0
579	554	0.172
579	588	0.094
579	724	0
579	1285	0.085
580	581	0
582	297	0
582	526	0
582	526	0
582	579	0
585	454	0.201
585	497	0.188
585	1303	0.196
586	611	0.12
587	392	0.258
587	431	0.044
587	432	0.294
587	433	0
587	438	0.102
587	442	0.049
587	1388	0.102
587	1434	0.048
588	392	0.188
588	433	0
588	438	0.102
588	796	0
588	799	0.093
588	1000	0.102
589	249	0.1
591	55	0.214
591	144	0.038
591	253	0.05
591	1455	0.102
595	49	0
596	578	0
597	610	0
597	657	0
599	264	0
599	270	0.236
599	312	0
600	228	0.064
600	229	0.24
602	219	0.138
602	302	0.366
602	515	0.19
602	572	0.13
602	625	0.071
602	1305	0.102
603	376	0.175
603	377	0.16
603	602	0.11
603	638	0.102
603	697	0.044
603	1133	0.107
603	1308	0.102
603	1314	0.133
603	1390	0.073
603	1469	0.157
604	266	0.197
604	302	0.194
604	417	0.125
604	515	0.137
604	554	0.068
604	554	0.068
604	630	0.102
604	1432	0.18
605	339	0
606	522	0
607	611	0.071
607	1116	0.05
607	1412	0.085
607	1498	0.058
607	1603	0.059
611	428	0.196
611	612	0.337
612	113	0.063
612	675	0.066
612	897	0.216
612	1133	0.233
612	1412	0.068
612	1442	0
612	1524	0.122
613	47	0.063
614	609	0.39
615	610	0.432
615	611	0.352
616	290	0.071
616	291	0.064
616	292	0.075
616	611	0.108
616	627	0.102
616	661	0.121
616	811	0.12
616	1361	0.102
616	1544	0.066
617	57	0.102
617	421	0.102
617	801	0
618	617	0
619	216	0.074
619	1189	0.147
619	1287	0.146
620	117	0.092
620	159	0.022
623	465	0
624	672	0.16
624	679	0.037
624	815	0.043
624	1033	0.207
624	1394	0.093
624	1465	0.032
624	1469	0.104
624	1604	0.08
625	311	0
625	572	0.061
625	1014	0.102
626	483	0.102
626	483	0.102
628	627	0.102
629	593	0.155
630	93	0.102
630	196	0.102
630	269	0.102
630	302	0.102
630	553	0.102
632	70	0.068
632	93	0.248
632	197	0.232
632	233	0.28
632	376	0.257
632	417	0.187
632	470	0.099
632	474	0
632	533	0.175
632	552	0.212
632	554	0.076
632	572	0.151
632	579	0.113
632	602	0.339
632	605	0.123
632	636	0.111
632	641	0.303
632	698	0.068
632	754	0.229
632	754	0.229
632	795	0.102
632	818	0.11
632	847	0.03
632	861	0.102
632	865	0.066
632	900	0.068
632	930	0.194
632	948	0.063
632	1033	0.15
632	1050	0
632	1130	0.185
632	1140	0.102
632	1363	0.129
632	1412	0.156
632	1432	0.164
632	1454	0.151
632	1469	0.199
632	1522	0.187
632	1564	0.137
632	1604	0.162
633	274	0.267
634	1232	0.102
635	1232	0.102
636	271	0
636	372	0.137
636	634	0.271
639	154	0.222
639	616	0.119
639	715	0.19
639	1400	0.076
639	1465	0.073
639	1469	0.117
639	1552	0.157
640	152	0.105
641	63	0.111
641	388	0.064
641	533	0.152
641	602	0.305
641	697	0.038
641	1083	0.099
641	1284	0.135
641	1308	0.102
643	419	0.076
643	454	0.041
643	455	0.054
643	482	0.044
643	645	0.044
644	645	0.058
645	378	0.281
645	379	0.242
645	417	0.264
645	419	0.058
645	420	0.058
645	429	0.194
645	454	0.331
645	455	0.246
645	616	0.11
645	643	0.044
645	1130	0.251
645	1454	0.189
650	282	0
651	471	0.111
653	551	0.123
653	551	0.123
654	28	0.102
654	287	0.102
654	374	0.102
655	28	0.102
655	287	0.102
655	374	0.102
656	657	0.185
657	610	0.305
657	611	0.214
657	645	0.223
657	658	0.527
657	1366	0.171
657	1409	0.402
657	1420	0.153
657	1526	0.109
658	643	0.065
658	657	0.527
658	659	0.536
658	1391	0.076
658	1406	0.07
658	1409	0.451
659	656	0.235
660	350	0.129
660	377	0.201
661	1133	0.086
670	672	0.082
670	673	0.148
672	379	0.051
672	679	0.079
673	681	0.195
674	551	0.128
679	232	0.235
679	585	0.259
679	681	0.179
681	46	0.231
681	46	0.231
681	125	0.124
681	348	0.205
681	396	0.133
681	417	0.13
681	425	0.098
681	425	0.098
681	448	0.07
681	484	0.206
681	645	0.148
681	787	0.145
681	1561	0.102
683	193	0.11
683	351	0.128
683	419	0.262
683	421	0.277
683	643	0.086
683	644	0.094
683	645	0.139
685	572	0.069
687	322	0.042
688	1323	0.054
689	688	0.192
689	1011	0.102
691	270	0.374
692	471	0.183
693	502	0.239
693	650	0.166
694	634	0.121
694	635	0.081
694	637	0
695	57	0.102
695	167	0
695	186	0
695	398	0.102
695	478	0.102
697	22	0.043
697	572	0.061
697	578	0
697	579	0.051
698	22	0.046
698	36	0.061
698	116	0.073
698	572	0.069
700	325	0.173
701	22	0.181
701	22	0.181
701	233	0.238
701	515	0.24
701	533	0.222
701	602	0.289
705	81	0
706	28	0.075
706	750	0.19
707	28	0.07
708	28	0
709	710	0.102
710	256	0.255
710	256	0.255
710	1465	0.277
711	20	0.1
711	28	0.061
711	335	0.103
712	465	0
713	62	0.162
713	87	0.126
713	89	0.112
713	91	0.177
713	91	0.177
713	131	0.102
713	378	0.221
713	643	0.184
713	645	0.163
713	1258	0.064
714	192	0
714	698	0.041
714	1083	0.05
714	1308	0.102
715	117	0.075
716	851	0.102
716	857	0
717	853	0
717	857	0
718	523	0
720	81	0
721	81	0.102
722	81	0.102
723	733	0.086
723	901	0.155
723	902	0.299
723	903	0
725	790	0.081
725	818	0.174
725	847	0.026
727	716	0
727	717	0
728	763	0
731	270	0.12
731	289	0.143
731	857	0
732	851	0.22
732	852	0.249
732	857	0
733	1047	0
736	1045	0
736	1069	0
737	1047	0
739	778	0
739	779	0
742	154	0
743	91	0.177
743	131	0.102
743	1265	0.116
744	93	0.076
744	698	0.081
746	745	0
747	745	0
749	745	0
750	724	0
752	58	0.141
752	560	0.15
753	58	0.102
753	59	0.102
753	90	0.102
754	18	0.171
754	54	0.055
754	270	0.197
754	803	0.055
754	902	0
754	924	0.046
754	1125	0
754	1133	0.086
755	1080	0
756	18	0.137
756	46	0.177
756	54	0.08
756	181	0
756	256	0.155
756	264	0
756	348	0.212
756	370	0.237
756	417	0.134
756	482	0.105
756	515	0.047
756	560	0.063
756	579	0.069
756	632	0.149
756	924	0.054
756	960	0.109
756	970	0.199
756	1133	0.199
756	1236	0.059
756	1236	0.059
756	1277	0
757	56	0.102
757	57	0.084
757	58	0.08
757	59	0.102
757	1148	0.102
757	1248	0.087
758	1037	0
759	270	0.102
759	289	0.102
759	851	0.102
759	857	0
760	759	0
761	403	0.257
761	417	0.232
761	418	0.2
763	1030	0
764	769	0.069
765	55	0
765	144	0
765	165	0
765	368	0
765	447	0
765	457	0
765	648	0
765	770	0
765	847	0
765	874	0
765	900	0
765	907	0
765	948	0
765	1060	0
765	1062	0
765	1083	0
766	368	0
766	409	0
766	432	0
766	457	0
766	530	0
766	573	0
766	720	0
766	726	0
766	729	0
766	754	0
766	765	0
766	769	0
766	770	0
766	771	0
766	803	0
766	806	0
766	823	0
766	880	0
766	917	0
766	928	0
766	948	0
766	955	0
766	962	0
766	963	0
766	964	0
766	991	0
766	1006	0
766	1014	0
766	1023	0
766	1026	0
766	1027	0
766	1030	0
766	1050	0
766	1084	0
769	144	0.049
769	457	0.085
769	573	0
769	645	0.201
769	737	0.057
769	894	0.058
769	907	0.073
769	953	0.064
769	994	0.068
769	1008	0.067
769	1024	0.102
769	1030	0.135
769	1035	0.128
769	1051	0.073
769	1062	0.069
769	1065	0.077
769	1067	0
769	1069	0.075
769	1078	0
769	1432	0.074
770	144	0
770	145	0
770	457	0
770	1062	0
771	22	0.196
771	79	0.188
771	770	0
772	79	0.137
772	769	0.129
772	770	0
773	1025	0.08
774	1014	0
775	447	0
775	648	0
775	740	0
775	811	0
775	877	0
775	991	0
775	1069	0
775	1073	0
777	260	0.122
778	851	0.278
778	852	0.278
778	857	0
779	851	0
779	852	0
779	857	0
780	146	0.102
780	197	0.102
780	260	0.102
780	302	0.102
780	389	0.102
780	515	0.102
780	602	0.102
780	632	0.102
780	698	0.102
780	1432	0.102
781	560	0.184
782	523	0
782	781	0
782	993	0
782	994	0
783	501	0
783	965	0
783	966	0
783	986	0
786	1064	0
787	87	0.142
787	89	0.134
787	90	0.131
787	131	0.102
787	1144	0.083
792	724	0
793	374	0.102
796	433	0
799	1083	0.061
800	857	0
800	953	0
801	28	0
802	851	0.148
802	853	0
802	857	0
803	851	0.112
803	852	0.11
803	854	0.128
803	857	0
804	302	0.085
804	851	0.129
804	852	0.123
804	857	0
806	1069	0.104
807	28	0
808	926	0
810	164	0
811	53	0.21
811	495	0.117
814	928	0.102
815	1015	0.102
816	851	0.163
816	852	0.149
816	857	0
820	202	0.049
820	648	0.099
820	1615	0.184
823	822	0.143
824	745	0
826	828	0.381
829	1392	0.087
829	1400	0.2
829	1469	0.143
829	1552	0.085
830	816	0.061
830	888	0.061
830	923	0.051
830	950	0.061
831	815	0.102
831	1015	0.124
832	831	0
833	611	0.097
835	154	0.107
836	374	0.355
838	851	0.143
838	853	0
838	854	0.163
838	857	0
840	270	0.081
840	857	0
841	853	0
841	857	0
842	765	0
844	208	0.055
846	848	0
847	785	0
848	852	0.133
848	857	0
850	270	0.171
851	721	0.103
851	722	0.068
853	720	0
853	721	0
853	722	0
854	720	0.155
854	722	0.058
856	846	0
857	370	0
857	515	0
857	530	0
857	720	0
857	721	0
857	754	0
857	860	0
857	890	0
857	953	0
857	997	0
857	1015	0
857	1069	0
858	1019	0.043
860	992	0
862	457	0.102
863	424	0
863	737	0
863	883	0
863	917	0
863	948	0
864	865	0
864	948	0
866	864	0
867	515	0.038
869	22	0.102
869	36	0.102
869	116	0.102
871	533	0.109
871	1408	0.037
871	1436	0.034
871	1540	0.129
872	934	0.141
873	1030	0
874	993	0.044
876	22	0.2
876	307	0.318
876	796	0
876	1130	0.215
877	993	0
878	368	0
880	1014	0.102
881	468	0.102
881	515	0.102
881	1272	0.102
882	378	0.184
882	379	0.068
882	429	0.168
882	482	0.057
882	573	0
882	812	0
882	921	0.051
882	1078	0
885	992	0
886	992	0
887	992	0
888	851	0.163
888	852	0.149
888	857	0
889	560	0.102
890	992	0
891	992	0
892	992	0
893	992	0
894	992	0
895	703	0
896	36	0.081
898	427	0.236
899	256	0.068
900	71	0
901	270	0.239
901	289	0.239
901	857	0
902	851	0.278
902	852	0.278
902	857	0
903	821	0
903	851	0
903	857	0
910	220	0.299
910	379	0.225
910	429	0.275
910	998	0.102
910	1250	0.225
911	482	0.251
912	482	0.251
913	379	0.225
914	379	0.225
914	429	0.164
914	911	0.215
914	1250	0.225
915	379	0.225
915	429	0.164
915	911	0.234
915	912	0.234
917	851	0.106
917	852	0.105
917	857	0
919	378	0.104
919	405	0.133
919	406	0.133
919	407	0.111
919	482	0.121
919	1236	0.133
919	1268	0.111
920	379	0.212
920	429	0.177
920	1002	0.078
921	379	0.212
922	208	0.102
923	851	0.152
923	852	0.143
923	857	0
925	220	0.058
925	403	0.044
928	1069	0.049
932	769	0.075
933	737	0.05
934	87	0.031
934	89	0.049
934	91	0.056
935	181	0
935	256	0.102
938	8	0.091
938	493	0.071
938	1264	0.166
940	54	0.05
940	731	0.05
940	732	0.105
943	1014	0.102
948	71	0
948	533	0.101
948	1034	0.058
949	977	0
950	851	0.163
950	852	0.149
950	857	0
952	217	0
953	71	0
954	55	0.11
954	370	0.289
954	447	0.092
954	560	0.076
954	761	0.074
954	792	0.102
954	843	0.134
954	956	0.086
954	1027	0.102
957	530	0
957	993	0
957	1042	0
958	959	0.043
959	270	0.112
959	851	0.137
959	852	0.116
959	857	0
960	270	0.137
960	857	0
961	1133	0.111
962	783	0
963	783	0
964	783	0
965	81	0
966	81	0.102
967	81	0.102
968	81	0.102
969	81	0
970	81	0.102
971	783	0
972	973	0.278
973	533	0.233
973	604	0.151
973	744	0.07
974	936	0
975	22	0.247
975	488	0.225
975	490	0.243
975	522	0
975	523	0.284
975	1028	0.291
975	1130	0.223
975	1282	0.229
976	1011	0.102
976	1013	0.049
977	783	0
979	917	0.059
980	133	0.075
980	154	0.137
981	22	0
981	87	0
981	90	0
981	91	0
981	164	0
981	284	0
981	706	0
981	749	0
981	754	0
981	818	0
981	860	0
981	991	0
981	1008	0
981	1030	0
982	22	0
982	523	0
982	698	0
982	749	0
982	876	0
982	975	0
982	1042	0
983	981	0
984	54	0.059
984	55	0.143
984	94	0.098
984	144	0.087
984	165	0
984	368	0.046
984	447	0.115
984	448	0.062
984	457	0.09
984	482	0.283
984	530	0.155
984	533	0.184
984	560	0.211
984	560	0.211
984	569	0.061
984	632	0.199
984	648	0.123
984	726	0.082
984	737	0.055
984	751	0.076
984	761	0.196
984	771	0.177
984	802	0.055
984	837	0.152
984	847	0.027
984	865	0.059
984	874	0.064
984	883	0
984	886	0.076
984	894	0.057
984	900	0.065
984	907	0.068
984	917	0.046
984	927	0.224
984	948	0.055
984	965	0
984	966	0.211
984	970	0.194
984	971	0.085
984	991	0.102
984	997	0.061
984	1008	0.064
984	1011	0.102
984	1025	0.061
984	1046	0.076
984	1051	0.139
984	1060	0.122
984	1062	0.153
984	1277	0
984	1278	0.404
985	954	0.083
985	1432	0.07
986	144	0
986	457	0.155
986	728	0
986	917	0
986	971	0.155
987	984	0.251
988	202	0
989	718	0
991	71	0
993	58	0.123
993	144	0.103
993	769	0.117
993	792	0.102
993	948	0.039
994	22	0.097
994	55	0.158
994	58	0.071
994	79	0.051
994	144	0.041
994	307	0.051
994	470	0.076
994	770	0
994	792	0.102
994	900	0.058
994	945	0.068
994	948	0.041
995	53	0.185
995	55	0.049
996	648	0.063
997	71	0
999	1033	0.146
1000	724	0
1000	981	0
1002	905	0.094
1003	365	0.151
1005	260	0.126
1005	389	0.176
1005	632	0.116
1007	1006	0.041
1008	1006	0.055
1009	260	0.068
1011	560	0.102
1011	564	0.102
1011	761	0.102
1012	569	0.051
1012	1011	0.102
1013	564	0.051
1013	1014	0.102
1014	515	0.102
1014	560	0.102
1014	564	0.102
1014	761	0.102
1014	1255	0.102
1015	22	0.139
1015	572	0.159
1015	1014	0.102
1016	1014	0.043
1017	1011	0.043
1017	1014	0.043
1019	302	0.043
1019	602	0.389
1020	270	0.163
1020	289	0.058
1020	851	0.058
1021	270	0.171
1022	560	0.116
1025	928	0.041
1025	954	0.078
1025	1006	0.049
1025	1008	0.054
1025	1045	0.102
1025	1065	0.067
1027	1014	0.102
1028	55	0.19
1028	144	0.036
1028	586	0.151
1028	823	0.219
1028	1031	0
1029	71	0
1030	71	0
1031	594	0
1032	1053	0
1033	94	0.097
1035	883	0
1038	758	0.077
1038	1037	0
1040	838	0
1040	839	0
1040	840	0
1040	841	0
1041	483	0.094
1042	377	0.102
1042	630	0.102
1042	734	0.102
1042	1019	0.043
1043	698	0.051
1044	59	0.086
1045	953	0.102
1046	722	0.102
1046	1045	0.102
1047	856	0
1047	860	0
1048	1030	0.054
1049	1011	0.102
1051	993	0.097
1053	936	0
1053	1054	0.344
1054	1037	0
1055	1057	0
1055	1058	0
1057	851	0.278
1057	852	0.278
1057	857	0
1058	851	0.068
1058	852	0.076
1058	857	0
1058	1042	0.102
1060	220	0.129
1060	1443	0.134
1060	1444	0.102
1061	1065	0.102
1062	724	0
1062	854	0.05
1065	900	0.07
1065	1029	0
1065	1069	0.225
1067	1014	0
1068	1069	0.102
1069	890	0.041
1069	953	0.058
1072	641	0
1074	633	0.249
1074	898	0.277
1077	44	0.076
1077	778	0
1078	22	0
1080	260	0.218
1080	370	0.092
1080	602	0.157
1080	881	0.102
1082	960	0
1083	818	0.079
1085	724	0
1086	56	0.085
1086	56	0.085
1086	57	0.159
1086	801	0
1088	374	0.24
1089	47	0.099
1090	256	0.662
1090	899	0.102
1113	208	0.125
1115	216	0.17
1115	1287	0.213
1125	756	0
1126	28	0.049
1126	801	0
1128	1483	0.102
1130	55	0.097
1130	55	0.097
1130	57	0.063
1130	91	0.107
1130	307	0.231
1130	688	0.056
1130	713	0.142
1130	843	0.087
1130	966	0.121
1132	28	0.058
1133	268	0.129
1133	289	0.103
1133	634	0.287
1133	843	0.188
1133	1140	0.102
1133	1488	0.113
1133	1614	0.152
1135	417	0.267
1135	1618	0.19
1137	22	0.09
1137	116	0.065
1137	493	0.044
1139	713	0.086
1140	471	0.102
1140	1133	0.102
1141	57	0.232
1143	28	0.102
1145	57	0.238
1147	801	0
1148	55	0.074
1148	56	0.319
1148	57	0.238
1148	60	0.102
1148	61	0.102
1148	757	0.102
1149	641	0.271
1150	90	0
1151	57	0
1152	58	0.102
1152	59	0.102
1152	1148	0.102
1152	1248	0.102
1153	58	0.245
1153	59	0.301
1154	58	0.202
1154	59	0.262
1155	801	0
1156	71	0
1156	417	0.01
1156	754	0.018
1156	1313	0.049
1157	57	0.071
1158	154	0.087
1159	468	0
1159	697	0
1160	1161	0.177
1162	1153	0.087
1163	710	0.079
1165	91	0.045
1166	154	0.055
1166	181	0
1167	60	0
1168	511	0
1169	55	0
1169	447	0
1171	1116	0.135
1171	1133	0.121
1171	1344	0.118
1171	1396	0.127
1171	1468	0.148
1171	1496	0.15
1171	1497	0.102
1171	1498	0.061
1172	71	0
1173	57	0.208
1173	59	0.235
1173	87	0.051
1174	1161	0.102
1175	1129	0.095
1176	515	0.045
1176	533	0.11
1176	697	0.068
1176	1308	0.102
1177	216	0.232
1177	710	0.181
1178	243	0.076
1180	28	0.304
1180	91	0.232
1182	57	0.109
1183	57	0.086
1184	1152	0
1185	379	0.207
1185	429	0.258
1189	216	0.413
1190	468	0.143
1191	90	0.177
1191	232	0.089
1192	1193	0.065
1192	1212	0.076
1193	533	0.148
1193	602	0.18
1193	1196	0.071
1193	1313	0.149
1194	90	0.047
1195	256	0.398
1195	710	0.188
1196	302	0.33
1196	604	0.209
1197	1271	0
1199	9	0.061
1200	504	0
1201	9	0.158
1201	9	0.158
1201	197	0.099
1201	515	0.142
1201	572	0.129
1201	754	0.125
1201	1207	0.062
1201	1283	0.076
1203	578	0
1205	471	0.031
1207	197	0.055
1208	560	0.129
1209	58	0.102
1209	59	0.102
1209	1148	0.102
1211	1129	0
1212	1192	0.076
1212	1193	0.073
1213	641	0
1214	603	0.144
1215	154	0.087
1216	181	0
1217	1218	0.076
1218	376	0.068
1218	694	0.061
1219	1231	0.064
1220	1221	0.102
1220	1222	0
1221	377	0.102
1221	694	0.102
1221	1224	0.102
1222	1224	0.334
1223	1235	0.051
1224	376	0.058
1224	1221	0.102
1224	1223	0.446
1225	376	0.172
1226	713	0.102
1227	652	0.102
1228	365	0.165
1229	683	0.133
1230	369	0.308
1230	1229	0.193
1233	533	0.109
1235	376	0.349
1236	47	0.08
1236	133	0.043
1236	447	0.045
1236	484	0.073
1236	602	0.158
1236	1299	0.041
1238	57	0.065
1240	154	0.102
1241	87	0.124
1241	89	0.11
1241	91	0.212
1242	1187	0.055
1243	53	0.077
1243	256	0.152
1243	710	0.161
1244	379	0.194
1244	429	0.243
1245	378	0.097
1245	407	0.104
1245	1236	0.129
1246	59	0.155
1247	332	0.065
1248	56	0.26
1248	57	0.396
1248	757	0.087
1248	801	0
1248	1155	0.249
1249	133	0.3
1250	221	0.076
1252	219	0.093
1252	220	0.104
1252	378	0.089
1252	407	0.093
1252	1236	0.124
1253	219	0.155
1253	220	0.155
1254	219	0.129
1254	220	0.132
1255	379	0.211
1255	429	0.252
1256	417	0.282
1256	418	0.212
1257	144	0.1
1257	201	0.05
1257	1142	0.071
1260	60	0
1261	56	0.102
1261	57	0.102
1261	58	0.102
1261	59	0.102
1261	1248	0.102
1262	743	0.227
1263	28	0.102
1264	724	0
1265	713	0.116
1265	743	0.116
1265	1206	0.064
1266	1271	0.102
1266	1279	0.102
1267	1209	0.102
1269	1266	0.547
1270	216	0.046
1270	1312	0.041
1271	1266	0.102
1272	1266	0.491
1273	219	0.129
1273	220	0.132
1276	181	0
1277	81	0
1278	1292	0.249
1280	612	0.121
1280	634	0.109
1281	55	0
1282	488	0.242
1282	1552	0.066
1283	164	0.092
1283	981	0
1283	981	0
1284	164	0.074
1287	216	0.246
1288	57	0.145
1289	543	0
1290	376	0.122
1290	634	0.06
1290	694	0.125
1291	57	0.102
1291	58	0.102
1291	59	0.102
1291	1148	0.102
1291	1248	0.102
1292	1202	0
1293	1240	0.102
1294	572	0.062
1295	216	0.052
1296	268	0.072
1296	270	0.056
1296	1199	0.066
1297	216	0.054
1300	302	0.088
1300	533	0.159
1300	602	0.167
1300	1197	0
1300	1271	0.102
1301	181	0
1301	256	0.167
1302	1138	0
1304	1115	0.276
1304	1312	0.22
1304	1441	0.155
1306	216	0.076
1309	154	0.25
1309	216	0.177
1310	365	0.102
1310	376	0.102
1310	377	0.102
1312	216	0.043
1312	1270	0.041
1313	476	0.127
1313	634	0.088
1315	1231	0.061
1317	697	0.041
1317	815	0.102
1318	216	0
1323	201	0.042
1323	488	0.037
1324	417	0.257
1324	418	0.212
1325	1154	0.102
1328	683	0.089
1330	713	0
1331	379	0.172
1331	429	0.246
1334	1396	0.129
1335	1116	0.063
1337	829	0.075
1337	1469	0.144
1352	1133	0.084
1356	1604	0.073
1360	1545	0.102
1360	1625	0.187
1366	611	0.09
1366	612	0.087
1366	1412	0.073
1370	1442	0
1376	1432	0.068
1377	811	0.102
1377	1412	0.102
1380	604	0.058
1380	710	0.122
1380	1441	0.133
1380	1567	0.074
1382	612	0.143
1386	1412	0.085
1387	811	0
1389	1391	0.047
1391	1133	0.063
1392	1460	0.087
1392	1461	0.073
1393	710	0.092
1414	811	0.071
1414	1405	0.048
1414	1432	0.049
1423	1116	0.151
1424	633	0.05
1424	811	0.09
1424	1400	0.085
1424	1412	0.087
1432	602	0.354
1432	603	0.062
1432	634	0.094
1432	636	0.07
1432	698	0.065
1432	867	0.146
1432	990	0.102
1432	1015	0.108
1432	1372	0.082
1432	1411	0.082
1432	1412	0.213
1432	1472	0.077
1432	1486	0.109
1432	1550	0.07
1432	1591	0.128
1432	1604	0.098
1443	604	0.132
1443	636	0.061
1443	867	0.061
1443	1060	0.134
1443	1455	0.102
1443	1525	0.102
1443	1540	0.132
1443	1603	0.056
1443	1610	0.031
1444	586	0.102
1444	610	0.102
1444	611	0.102
1444	636	0.102
1444	867	0.102
1444	1060	0.102
1444	1133	0.102
1444	1375	0.102
1444	1525	0.102
1444	1540	0.102
1444	1554	0.102
1444	1564	0.102
1444	1603	0.102
1444	1610	0.102
1444	1611	0.043
1454	1562	0.131
1469	634	0.119
1469	638	0.102
1469	697	0.051
1469	1586	0.071
1469	1587	0.068
1469	1591	0.126
1475	1116	0
1475	1496	0
1484	1396	0
1484	1467	0
1484	1496	0
1486	612	0.105
1487	1465	0
1501	1116	0.102
1507	1133	0.102
1515	897	0.055
1515	1604	0.098
1523	611	0
1523	811	0
1523	867	0
1523	1116	0
1523	1363	0
1523	1396	0
1523	1467	0
1523	1510	0.067
1523	1525	0
1525	769	0.102
1525	1352	0.102
1530	1392	0.059
1530	1464	0.102
1530	1465	0.057
1531	1392	0
1531	1400	0
1531	1552	0
1536	815	0.102
1536	1469	0.138
1538	1522	0.152
1540	871	0.129
1540	1443	0.132
1540	1444	0.102
1545	616	0.084
1546	616	0.102
1546	1540	0.102
1547	1524	0.118
1547	1545	0.069
1547	1625	0.073
1554	751	0.076
1554	769	0.068
1554	906	0.051
1554	1352	0.064
1554	1406	0.062
1554	1412	0.221
1554	1496	0.041
1561	661	0.051
1562	897	0.197
1562	1491	0.211
1562	1604	0.177
1571	615	0.326
1571	657	0.289
1579	908	0.102
1579	1618	0.07
1581	1401	0.089
1589	1443	0.102
1591	1250	0.075
1614	1133	0.152
1614	1618	0.182
1615	622	0.069
1616	610	0.075
1617	610	0.075
1618	1443	0.19
1618	1444	0.102
1619	1443	0.056
1619	1444	0.102
1625	1523	0
1634	1561	0.061
