10971	572	0.43
10971	572	0.43
10971	581	0.435
10971	596	0.379
10971	2309	0.372
10971	2308	0.458
7128	1843	0.506
7128	7186	0.504
7128	7189	0.547
5345	3936	0.207
4961	397	0
4961	2932	0
4961	4137	0
25	1020	0.492
25	1398	0.31
25	5599	0.468
25	1029	0.339
25	7161	0.386
25	5829	0.296
25	5888	0.526
25	5883	0.461
25	7410	0.254
25	1796	1
25	7158	0.257
427	51761	0
427	820	0
427	2588	0.336
1145	808	0
71	317	0.447
87	280979	0
87	7791	0.578
8038	1950	0.413
4303	355	0.453
185	0	0
185	3716	0.37
186	4683	0.381
11214	387	0.457
207	4303	0.385
207	572	0.531
207	572	0.531
207	842	0.48
207	842	0.48
207	1385	0.286
207	2309	0.366
207	5871	0.712
207	2908	0.261
207	2931	0.586
207	2932	0.587
207	2932	0.587
207	2792	0.377
207	3320	0.656
207	3551	0.656
207	1147	0.603
207	8517	0.367
207	4193	0.627
207	4214	0.631
207	4293	0.665
207	2475	0.53
207	4846	0.412
207	5058	0.597
207	5894	0.676
207	5894	0.676
207	5879	0.538
207	6647	0.508
207	6774	0.364
207	7015	0.485
207	7248	0.331
207	280979	0
207	2308	0.361
207	4216	0.487
207	4294	0.531
207	4294	0.531
207	7158	0.26
207	4296	0.689
657	1386	0.328
353	5562	0.228
5562	31	0.4
5562	1026	0.466
4878	2983	0
317	842	0.488
317	54205	0.401
317	57591	0.383
324	8312	0.579
324	1499	0.396
333	7314	1
375	5581	0.476
375	5333	0.233
392	387	0.423
392	9475	0.353
392	11113	0.153
392	5305	0
393	387	0.508
394	29984	1
394	387	0.646
395	387	0.135
9138	392	0.494
9138	387	0.492
9826	387	0.437
7984	387	0.484
405	196	0.853
10097	280979	0
4217	5599	0.623
4217	6416	0.57
4217	5606	0.398
4217	5608	0.398
4217	5609	0.709
1386	3725	0.832
1386	3458	0.338
1386	3558	0.108
1386	3565	0.22
1386	0	0
1386	7193	0
472	25	0.475
472	672	0.422
472	675	0.446
472	1111	0.698
472	11200	0.687
472	2177	0.378
472	4683	0.534
472	4790	0.314
472	7157	0.364
472	7157	0.364
51761	820	0
51761	820	0
51761	842	0
545	472	0.728
545	672	0.42
545	1111	0.744
545	11200	0.629
545	2177	0.378
545	7157	0.285
545	1263	0.704
545	5884	1
551	0	0
8312	1499	0.62
8312	2931	0.394
8312	4214	0.517
8312	4216	0.433
154	0	0
154	0	0
572	578	0.438
572	581	0.563
572	596	0.392
572	596	0.392
572	598	0.525
572	598	0.525
572	842	0.556
572	599	0.436
578	572	0.438
578	598	0.859
578	56616	1
578	1329	0
581	572	0.563
581	578	0.763
581	596	0.763
581	596	0.763
581	56616	1
581	1329	0
596	317	0.392
596	572	0.392
596	578	0.644
596	581	0.763
596	598	0.757
596	637	0.374
596	638	1
596	6609	1
596	10018	0.381
596	1329	0
596	9445	0.363
596	5366	1
598	317	0.45
598	572	0.525
598	578	0.859
598	581	0.812
598	596	0.757
598	637	0.508
598	638	1
598	638	1
598	54205	0.396
598	7157	0.515
598	10018	0.519
598	1329	0
598	79370	0.681
598	666	0.836
598	5366	1
637	578	0.578
637	581	0.429
637	1329	0
637	7417	0.559
638	596	1
638	598	1
332	56616	1
332	331	0.461
332	56604	0
29760	2885	0.581
29760	7409	0.417
29760	5336	0.417
659	1386	0.244
695	355	0.427
695	5335	0.367
695	5336	0.423
8945	1499	0.309
8945	1499	0.309
2889	5906	0.738
2889	54386	1
2889	4893	0.428
0	824	0
0	889	0
0	816	0
0	0	0
0	1452	0
0	1455	0
0	30818	0
0	2978	0
0	4772	0
0	4790	0
0	4846	0
0	50818	0
0	5578	0
0	5319	0
0	5524	0
0	2185	0
0	111	0
0	89	0
0	801	0
0	821	0
0	811	0
0	10156	0
0	8448	0
0	1759	0
0	3208	0
0	23413	0
0	22895	0
0	10125	0
0	6717	0
0	9900	0
0	6853	0
0	6857	0
0	7447	0
0	4934	0
23523	10014	0
23523	0	0
790	1676	0.489
5535	23523	0
5535	4772	0
5535	4842	0
823	581	0.402
823	637	0.559
823	23523	0
823	842	0.649
823	5747	0.45
823	5829	0.504
823	5879	0.484
823	387	0.612
823	7094	0.394
823	4137	0.386
823	7430	0.47
823	2890	0.328
823	4133	0.444
823	2903	0.366
823	6712	0
824	23523	0
824	5747	0.542
824	5829	0.509
824	7094	0.422
831	823	0.439
831	7430	0.661
889	23523	0.607
889	5535	0
889	8536	0.41
889	4772	0.27
889	2185	0.261
8536	1385	0.238
8536	10014	0.414
8536	4208	0.244
8536	9734	0.396
8536	5879	0.449
8536	6853	0.43
816	1385	0.406
816	4137	0.406
820	10411	1
820	5567	1
820	5567	1
820	5576	1
820	11069	1
820	5566	1
820	1260	0.104
10487	4661	0
10487	4661	0
10498	1387	0.492
10498	1499	0.373
10498	2033	0.573
843	317	0.345
843	836	0.792
843	2188	1
843	248	0.315
843	7157	0.387
835	637	0.521
835	4000	0.482
836	317	0.247
836	317	0.247
836	572	0.247
836	581	0.279
836	596	0.265
836	598	0.319
836	637	0.28
836	790	0.319
836	839	0.847
836	840	0.891
836	841	0.816
836	5591	0.437
836	5747	0.426
836	6711	0.244
836	6711	0.244
836	2620	0
836	2934	0.272
836	2934	0.272
836	1676	1
836	1676	1
836	4214	0.466
836	5062	0.436
836	142	0.405
836	5925	0.264
836	6093	0.489
836	331	0.418
836	10018	0.291
836	0	0
836	1982	0.244
836	4207	0
836	5305	0.265
836	10887	0
836	5527	0.25
836	22985	0.526
836	4170	0.272
836	4719	0.388
839	836	0.847
839	1676	1
839	4000	0.409
839	4000	0.409
839	4001	0
839	84823	0
839	5058	0.52
840	790	0.313
840	790	0.313
840	842	0.717
840	5747	0.457
840	1676	1
840	142	0.459
840	4207	0
840	10887	0
841	4217	0.396
841	4217	0.396
841	637	0.276
841	843	0.92
841	836	0.816
841	248	0.315
841	9525	0.487
841	8737	0.52
841	10887	0
841	9191	0.276
842	836	0.746
842	836	0.746
842	839	0.691
842	839	0.691
842	840	0.717
847	6098	0.352
867	1956	0.37
867	5335	0.388
867	7535	0.474
867	916	0.444
867	2263	0.466
867	10818	0.393
1387	3725	0.708
1387	1499	0.537
1387	2002	0.503
1387	2099	0.565
1387	7088	0.558
1387	3932	0.294
1387	8874	0.221
1387	8850	0.654
1387	6932	0.436
1387	10011	0.44
890	983	1
890	1017	1
890	1019	1
890	1021	1
890	1869	1
891	983	0.325
595	1869	0.481
595	5925	0.638
595	5925	0.638
894	5925	0.492
896	5925	0.492
898	5925	0.587
0	1385	0
0	3708	0
929	7097	0.639
929	7099	0.758
948	1432	0.154
920	7535	0.35
5788	3932	0.578
995	983	0.46
995	983	0.46
993	1017	0.437
993	1021	0.471
995	983	0.46
997	898	0.453
997	1869	0.396
998	5871	0.623
998	4214	0.576
998	4293	0.5
998	5058	0.436
998	8936	0.48
998	4216	0.438
998	4294	0.347
998	4294	0.347
998	7454	0.595
998	10188	0.394
998	4296	0.609
983	572	0.271
983	891	0.325
983	5347	0.777
1017	1869	0.335
1017	5715	0.358
1017	5925	0.315
1020	317	0.241
1020	84152	0
1020	5604	0.669
1020	5058	0.692
1020	4137	0.26
1020	282378	0
1020	4744	0.148
1021	596	0.376
1021	5925	0.392
1022	1017	0.514
1050	3725	0.749
1111	995	0.498
1111	995	0.498
1111	5545	0
1111	7157	0.29
11200	672	0.558
11200	5545	0
11200	7157	0.514
1123	5879	0.275
8646	659	0.574
56616	332	1
56616	248	0.291
56616	331	1
56616	330	1
56616	79444	1
329	836	0.387
329	840	0.429
3725	1385	0.869
3725	10018	0.253
3725	8739	1
1452	4772	0.242
1452	11076	0.446
1452	7157	0.29
1455	84152	0
1456	1409	0
1456	5187	0
1457	324	0.363
1457	637	0.462
1457	638	1
1457	8215	0
1457	5601	0.597
1457	5601	0.597
1457	6722	0.274
1457	7471	0.214
9575	406	0.783
4609	1029	0.504
4609	6667	0.788
1073	317	1
1385	1387	0.746
1385	2668	0.174
1385	0	0
1385	8660	1
1385	2959	0.354
1385	6872	0.553
1390	1385	0.498
1390	30818	0.695
1398	25	0.31
1398	2889	0.504
1398	1793	0.504
1398	11184	0.34
1398	9743	1
1399	2889	0.411
1399	1793	0.411
1409	581	0.6
1409	598	0.689
1436	2113	0.186
1436	6196	0.431
1445	5747	0.596
1445	3932	0.614
1445	4067	0.718
1445	5829	0.47
1445	6714	0.547
1487	3172	0.456
1487	8204	0.496
5932	672	0.509
1499	1387	0.537
1499	9734	0.497
1499	3172	0.471
1499	7314	1
1499	51176	0.448
1499	51176	0.448
1499	6932	0.372
54205	317	0.401
54205	834	0.43
54205	56616	1
54205	5187	0.229
25802	820	0
28503	5495	0
1605	1040	0
1605	50818	0
1605	5578	0.321
1605	10125	0.086
84152	1020	0
84152	2644	0
84152	5464	0
84152	5501	0
1616	4217	0.535
1616	6416	0.34
5694	898	0
5694	1499	0
5694	1869	0
5694	4193	0.344
5694	5715	0
5694	6622	0.398
1040	50818	0
0	2911	0
1730	5216	0.516
22943	7471	0.481
22943	4035	0.45
5591	7157	0.399
1793	207	0.336
0	25802	0
0	28503	0
0	1812	0
0	1813	0
0	1814	0
7027	898	0.511
8718	841	0
30818	1385	0.407
30818	1385	0.407
30818	2353	0.318
30818	0	0
30818	3750	0
30818	3751	0.097
30818	8739	0.242
8215	2931	0
8215	2932	0
0	5610	0
8655	5879	1
8655	10018	1
2118	1029	0.122
1869	637	0.429
1869	7027	0.596
1869	1029	0.531
1869	5925	0.732
1869	5925	0.732
1869	4088	0.581
1869	10018	0.442
1869	8739	1
1869	5366	1
1869	27113	1
1738	7341	0
10682	1977	0
10682	1981	0
51295	4214	0.552
1909	4683	0.44
1950	1956	0.315
1956	843	0.423
1956	867	0.37
1956	2064	0.719
1956	2885	0.41
1956	5604	0.529
1956	4214	0.626
1956	4772	0.304
1956	1432	0.517
1956	5335	0.508
1956	2185	0.602
1956	5879	0.456
1956	29984	0.315
1956	6464	0.457
1956	6714	0.577
1956	6772	0.512
1956	6774	0.458
1956	7409	0.252
1956	8936	0.386
1956	2035	0.287
1956	4690	0.351
1956	5921	0.382
1956	2065	0.597
1956	6646	0.355
1959	572	0.386
1959	664	0.46
1959	665	0.399
1978	1973	0.297
1978	1977	0.402
1978	1977	0.402
1967	1965	0.675
1967	1965	0.675
1967	1147	0.352
8661	1973	0.71
1973	6194	0.694
1975	1973	0.758
1975	6194	0.884
1983	1965	0.654
2002	3725	0.634
2002	2353	0.844
2002	0	0
10411	0	0
10411	5906	0.739
10411	54386	1
2057	6464	0.339
2064	2885	0.438
2064	5290	0.502
2064	5335	0.494
2064	6464	0.48
2064	6714	0.544
2064	5921	0.379
2064	6640	0.37
2064	2886	0.458
5595	2002	0.306
5595	4638	0.656
5595	8569	0.654
5595	9252	0.651
5595	6196	0.704
5595	2872	0.654
5595	10524	0.451
5595	8986	0.624
5594	842	0.499
5594	1387	0.308
5594	3725	0.26
5594	1385	0.272
5594	1956	0.566
5594	1958	0.357
5594	2002	0.272
5594	5595	0.85
5594	2353	0.342
5594	5599	0.713
5594	9261	0.743
5594	4082	0.3
5594	4638	0.71
5594	8569	0.746
5594	9252	0.768
5594	6196	0.812
5594	5163	0.765
5594	27124	0
5594	5319	0.288
5594	6197	0.686
5594	6773	0.461
5594	4137	0.405
5594	3172	0.31
5594	3751	0.331
5594	4207	0
5594	79092	0.226
5594	4744	0.255
5594	4741	0.377
5594	9373	1
5594	6195	0.71
5594	10657	0.313
5594	6853	0.435
5594	2872	0.746
5594	10524	0.47
5594	8986	0.714
5598	4205	0.308
5598	6196	0.448
5598	7020	0.245
0	2069	0
0	53615	0
2114	2113	0.896
2160	2158	0
2165	2147	0
2147	2243	0.56
2147	2149	0.587
2155	2159	0.731
8772	843	0.554
8772	841	0.424
8772	4615	0.807
8772	4790	0.364
8772	6609	1
8772	9191	0.463
5747	5594	0.684
5747	2534	0.599
5747	2885	0.485
5747	3569	0.374
5747	9564	0.591
5747	5290	0.629
5747	5335	0.515
5747	5829	0.433
5747	6464	0.462
5747	6714	0.673
5747	89	0.358
5747	50807	1
5747	23092	0.339
5747	2886	0.516
5747	1969	0.619
8439	6610	0
2178	2177	0
2191	841	0.691
2191	2188	1
355	1616	0.554
355	1956	0.627
355	8772	0.541
355	356	0.479
355	3552	0.412
355	4790	0.341
355	8737	0.479
355	5777	0.675
355	10016	0.353
355	5783	0.406
355	23017	0
356	355	0.479
356	355	0.479
0	0	0
2243	3688	0.577
2309	356	0.397
2309	10018	0.376
0	427	0
2353	3725	0.675
10023	2931	0
10023	2932	0
8321	8215	0
8321	175	0
8321	3936	0.228
8321	3936	0.228
8321	408	0.42
2488	2492	1
2534	1499	0.337
2534	1600	0
2534	5335	0.412
2534	6464	0.724
2534	6773	0.415
2534	2890	0.288
2534	775	0.313
2534	2903	0.306
2534	203068	0.402
175	8215	0
175	5595	0.185
175	2776	0.333
175	2792	0.333
175	5294	0.242
2549	1398	0.559
2549	11184	0.354
2549	5295	0.422
2549	5290	0.284
2549	5290	0.284
2549	4215	0.569
1647	983	1
1647	4216	1
2770	427	0.164
2770	2782	0.609
2770	5290	0.363
2770	5294	0.376
2770	5879	0.616
2770	6714	0.429
2770	673	0.441
2770	5909	0.447
2770	629	0.22
9628	92170	0
9628	5879	0.384
2776	92170	1
2776	5604	0.455
2776	23236	0.417
2776	3339	0.347
2626	6767	0.319
2626	6722	0.702
2782	2770	0.609
2782	9181	0.575
2782	2792	1
2782	5290	0.449
79751	92170	0
2978	83733	0
5871	4214	0.785
440275	1965	0
0	1965	0
0	92170	0
0	3838	0
0	5295	0
0	5062	0
0	5894	0
0	5901	0
0	5879	0
0	387	0
9181	207	0.358
9181	375	0.305
9181	392	0.34
9181	5879	0.448
9181	29984	0
2934	842	0.357
2934	280979	0
2670	7314	0
9771	5567	0.1
2688	2690	0.421
2690	3479	0.416
2690	5290	0.289
2767	427	0.219
2767	891	0.195
2767	2776	0.825
2767	5606	0.147
2767	4661	0.039
2767	23236	0.179
2767	629	0.223
2768	11214	0.617
2768	9138	0.378
2768	387	0.59
2768	10160	0
2768	6714	0.42
2768	5921	0.354
2768	5607	0.455
2768	5589	0.178
2768	7006	0.428
10672	9138	0.359
10672	4217	0.398
10672	998	0.5
10672	2185	0.53
10672	10160	0
10672	5962	0.359
2769	1605	0.173
2769	23236	0.205
23566	4878	0.126
2876	2937	0.147
2908	1843	0.267
2908	5290	0.214
2885	867	0.556
2885	5595	0.421
2885	2549	0.524
2885	5335	0.514
2885	5879	0.452
2885	6464	0.645
2885	6654	0.351
2885	10252	1
2885	7410	0.381
2885	8936	0.441
2885	1759	0.682
2885	5786	0.351
2885	10657	0.634
2885	1	0
7088	3172	0.494
7088	51176	0.241
2937	0	0
2931	8312	0.394
2931	3725	0.244
2931	1385	0.251
2931	1499	0.35
2931	4286	0.339
2931	4772	0.289
2931	5663	0.407
2931	4137	0.377
2931	64682	0
2931	5055	0
2931	8894	0.321
2932	207	0.587
2932	8312	0.512
2932	595	0.564
2932	1499	0.463
2932	1965	0.299
2932	2931	0.748
2932	6608	0.292
2932	4137	0.396
2936	0	0
0	2937	0
92170	1730	0
92170	0	0
92170	5604	0.367
92170	4214	0.367
92170	2644	0
92170	6198	0.367
92170	5058	0.367
92170	5334	0.414
92170	5337	0
92170	23647	0
92170	5894	0.367
92170	5901	1
92170	5879	1
92170	5879	1
92170	387	1
92170	6093	0.367
92170	8936	0
92170	10163	0
92170	10810	0
2792	5595	0.25
2792	5595	0.25
2792	5594	0.344
2792	175	0.333
2792	2782	1
2792	3672	0
2792	4214	0.367
2792	5335	0.414
2792	5879	1
2792	8720	0.465
2792	6464	0.315
3002	637	0.447
3002	842	0.665
3002	842	0.665
3002	5864	0.685
0	581	0
0	0	0
10542	0	0
10542	0	0
10542	842	0.33
10542	2185	0.253
9734	7088	0.623
9734	51176	0.22
3065	6615	0.376
8841	2033	0.548
3091	637	0.37
3091	8874	0.473
3091	664	0.543
3091	665	0.449
3091	5366	1
27102	1965	0.276
3315	836	0.276
3315	1616	0.567
3315	1329	0
3337	4193	0.43
3337	7314	1
3308	317	0.918
3308	9131	0.201
3320	196	0.485
3320	317	0.593
3320	332	0.543
3320	5728	0.452
5688	8544	0.452
3364	545	1
0	207	0
0	1994	0
0	7157	0
248	842	0.315
29851	1455	0
1676	790	0.489
1676	790	0.489
1676	1677	0.489
8837	841	0.414
8837	8772	0.697
8837	8772	0.697
3458	3459	0.338
3458	3717	0.739
3459	3308	0.201
3459	3716	0.419
3459	3717	0.31
3459	9093	0.461
3459	30851	0.58
3479	3480	0.466
3480	207	0.494
3480	5535	0
3480	8536	0.448
3480	5595	0.433
3480	5594	0.481
3480	3667	0.505
3480	4772	0.246
3480	5290	0.499
3480	5578	0.503
3480	6464	0.548
3480	7410	0.314
3480	408	0.313
3480	2887	0.459
4792	3558	0.215
4792	3558	0.215
4792	3565	0.453
4792	3565	0.453
4792	4790	0.509
4792	4790	0.509
4792	50818	0
4792	5970	0.54
4793	0	0
4793	4790	0.323
3551	4792	0.506
3551	4790	0.309
1147	4792	0.466
1147	4790	0.329
8517	4792	0.594
8517	4790	0.354
3595	3717	0
3552	3576	0.714
3553	3554	0.345
3553	5606	0.325
3554	51295	0.321
3554	7189	0.316
3565	3566	0.418
3569	3570	0.513
3838	5901	0.475
3643	3667	0.461
3643	5608	0.279
3643	6464	0.569
3643	6776	1
3643	10603	0.267
3643	2887	0.292
3643	8660	1
0	3643	0
808	207	0.42
808	0	0
808	3708	0.281
808	50818	0
3708	0	0
3708	84876	0.616
3654	10454	0.278
3654	23118	0.301
3654	7097	0.402
3654	7099	0.322
3654	7189	0.499
3667	5595	0.429
3667	2885	0.577
3667	5290	0.27
3667	4690	0.563
148022	9641	0.676
148022	29110	0.38
3672	332	0.474
3672	836	0.28
3672	2353	0.403
3672	5290	0.28
3672	5977	0.137
3672	331	0.4
3688	5595	0.488
3688	5747	0.526
3688	2309	0.398
3688	3717	0.362
3688	2185	0.298
3688	6464	0.38
3688	6464	0.38
3688	3611	0.501
3716	3717	0.701
3716	6464	0.573
3716	6772	0.419
3716	6773	0.495
3716	6774	0.455
3716	3718	0.888
3716	6646	0.426
3716	6778	0.667
3717	3716	0.701
3717	55566	0
3717	6772	0.417
3717	6774	0.402
3717	6776	1
3717	7297	0.689
5599	1386	0.287
5599	572	0.445
5599	596	0.352
5599	596	0.352
5599	637	0.361
5599	834	0.498
5599	3725	0.288
5599	2002	0.243
5599	356	0.401
5599	2353	0.302
5599	5601	0.663
5599	5604	0.728
5599	4772	0.254
5599	7157	0.347
5599	6464	0.426
5599	4137	0.364
5599	3172	0.286
5599	10018	0.374
5599	90427	1
5599	4170	0.328
5599	319	0.171
6416	5599	0.671
6416	5600	0.897
6416	5601	0.703
6416	1432	0.763
6416	8660	1
6416	5602	0.769
3726	2625	0.635
0	207	0
3912	7314	0
27040	2885	0.609
27040	5335	0.499
3932	5335	0.524
3932	5894	0.544
3932	7410	0.329
3932	7535	0.53
3932	916	0.452
3932	10870	0.486
3932	83696	0
3952	3953	0
3953	5562	0.29
3984	317	0.359
3984	1073	1
3984	1072	1
7376	9971	0.518
4067	695	0.692
4067	5295	0.319
4067	5335	0.573
4067	5879	0.531
4067	6464	0.534
4067	7409	0.309
4067	203068	0.336
4067	613	0.72
4067	930	0.821
8567	6416	0.373
11184	5594	0.747
11184	5599	0.673
11183	4214	0.778
5600	2002	0.267
5600	5605	0.654
5600	8569	0.817
5600	9252	0.833
5600	2872	0.817
5600	1649	0.377
5600	7867	0.886
5600	7020	0.218
5600	8986	0.718
5603	1050	0.313
5603	29904	0.549
5601	1386	0.308
5601	3725	0.333
5601	5595	0.754
5601	2353	0.403
5601	2353	0.403
5601	5544	0
5601	0	0
5601	3558	0.206
5601	3565	0.484
5601	3717	0.458
5601	6351	0.454
5601	4772	0.356
5601	7157	0.367
5601	6196	0.682
5601	2185	0.573
5601	6464	0.418
5601	319	0.239
9261	3150	0.242
9261	3315	0.326
9261	9252	0.775
4082	5535	0
53615	6615	0.36
1729	317	0.555
1729	10458	0.503
1729	6714	0.528
4193	2033	0.387
4193	7157	0.602
4193	408	0.448
4193	7158	0.5
4205	10014	0.525
4205	9734	0.468
4209	5535	0
5604	596	0.265
5604	823	0.415
5604	1385	0.182
5604	2002	0.194
5604	5595	0.592
5604	5594	0.722
5604	2353	0.243
5604	6416	0.784
5604	5601	0.564
5604	4638	0.641
5604	9252	0.754
5604	6198	0.873
5604	6196	0.873
5604	6197	0.806
5604	9612	0.257
5604	6654	0.359
5604	280979	0
5604	10018	0.291
5604	10818	0.345
5604	4170	0.272
5604	8986	0.658
5605	1385	0.203
5605	5595	0.526
5605	5594	0.623
5605	3315	0.391
5605	5604	0.884
5606	5599	0.459
5606	5600	0.476
5606	5603	0.476
5606	1432	0.37
5608	5599	0.459
5608	5600	0.476
5608	5603	0.476
5608	4790	0.411
5608	1432	0.37
5608	6300	0.504
4214	1147	0.663
4214	5599	0.734
4214	6416	0.839
4214	5604	0.737
4214	5606	0.667
4214	5609	0.725
4214	1432	0.754
4214	9612	0.416
4214	6885	0.841
4214	2043	0.662
4214	6548	0.332
4233	355	0.463
4233	6774	0.473
2117	11218	0
2117	1874	0.881
2911	2776	0.533
2911	2767	0.435
2911	23236	0.203
2911	0	0
2911	0	0
9734	4205	0.468
5609	5599	0.553
5609	5601	0.508
5609	5602	0.655
1843	5594	0.458
1843	3320	0.402
1843	5599	0.402
1843	5600	0.479
1843	5603	0.479
1843	1432	0.422
1843	1432	0.422
1843	6300	0.466
23209	5829	0.421
4638	23209	0.347
4638	103910	1
4638	4542	0.189
4638	9220	0
4638	3680	0
4660	103910	0
4660	9220	0
4660	3680	0
4293	6416	0.78
4293	5608	0.398
4293	5609	0.626
8569	1977	0.522
103910	4542	0.373
9252	1385	0.278
9252	1978	0.367
9252	466	0.356
2475	10682	0.068
2475	1978	0.273
2475	6198	0.569
2475	5524	0.297
4615	3654	0.388
4615	4214	0.407
4615	9020	0.411
4615	7124	0.688
4615	51135	0.411
4661	891	0.114
4661	983	0.055
4738	5715	0.517
4772	356	0.311
4772	4205	0.694
4790	1387	0.608
4790	5595	0.358
4790	8439	0.363
4790	356	0.428
4790	248	0.146
4790	3458	0.338
4790	4792	0.509
4790	3551	0.309
4790	8517	0.354
4790	3558	0.173
4790	3565	0.379
4790	3569	0.379
4803	4914	0.185
4804	5879	0.42
9020	3551	0.687
9020	1147	0.688
9020	4214	0.854
9020	4690	0.364
51701	3172	0.415
51701	51176	0.347
4842	1487	0.401
4842	387	0.28
4842	0	0
4846	5138	0.347
4846	5138	0.347
27035	0	0
5579	4792	0.386
5579	5604	0.558
5579	5879	0.411
4909	4915	0
4914	1398	0.375
4914	5598	0.387
4914	2885	0.402
4914	3667	0.336
4914	5290	0.521
4914	5335	0.442
4914	6464	0.42
4914	9743	1
3164	581	0.429
3164	596	0.474
0	0	0
5933	898	0.533
5933	7027	0.88
4839	6774	0.476
5295	5290	0.237
5295	6654	0.358
5295	5291	0.252
9564	2889	0.595
9564	1398	0.58
1029	1869	0.531
1029	4193	0.503
1029	5290	0.248
1029	5925	0.534
1030	1021	0.404
1031	1019	0.437
2909	29984	0
2909	0	0
5375	2776	0.056
5375	2776	0.056
5375	2931	0.065
5375	2931	0.065
1026	10097	0.131
1026	10096	0.375
1026	890	1
1026	898	0.371
1026	983	0.519
1026	1017	0.475
1026	1017	0.475
1026	1019	0.486
1026	51085	0.19
1026	5544	0
1026	5111	0.389
1026	5313	0
5715	1017	0.358
2033	4286	0.337
2033	3164	0.388
2033	7157	0.485
1432	1386	0.309
1432	0	0
1432	1050	0.338
1432	3725	0.257
1432	2002	0.235
1432	5601	0.77
1432	9261	0.781
1432	4205	0.277
1432	5604	0.798
1432	5605	0.701
1432	8569	0.716
1432	9252	0.743
1432	4772	0.268
1432	8874	0.324
1432	8550	0.8
1432	5925	0.336
1432	9612	0.304
1432	6667	0.33
1432	6772	0.28
1432	4207	0
1432	79092	0.226
1432	9373	1
1432	2872	0.716
1432	1649	0.393
1432	7867	0.865
1432	7020	0.207
1432	8986	0.657
8874	207	0.319
8874	392	0.442
8874	998	0.534
8874	4792	0.554
8874	2033	0.263
8874	55566	0
8874	5970	0.328
7157	472	0.364
7157	578	0.422
7157	581	0.394
7157	596	0.563
7157	598	0.515
7157	637	0.322
7157	638	1
7157	1017	0.289
7157	355	0.441
7157	1647	1
7157	4193	0.602
7157	1029	0.546
7157	1026	0.393
7157	84172	1
7157	7314	1
7157	665	0.415
7157	666	0.399
7157	5366	1
7157	27113	1
4688	5879	0.377
6198	572	0.339
6198	1390	0.374
6198	2932	0.587
6198	6194	0.429
6198	5704	0.618
6198	29904	0.571
6198	0	0
7161	5544	0
7161	27113	1
6196	472	0.704
6196	545	0.757
6196	572	0.339
6196	572	0.339
6196	1385	0.221
6196	4661	0.077
6196	29904	0.558
26986	1981	0.702
5054	5327	0.468
5058	25	0.504
5058	10097	0.259
5058	10096	0.465
5058	572	0.333
5058	6416	0.868
5058	3984	0.821
5058	5604	0.763
5058	4214	0.789
5058	4638	0.721
5058	103910	1
5058	8874	0.381
5058	5894	0.842
5058	387	0.518
5058	6853	0.358
5062	4214	0.81
5074	2782	0.508
5074	2768	0.354
5074	10672	0.342
5074	2792	0
142	4790	0.572
142	9131	0.411
2324	27124	0
5111	1019	0.386
5138	820	1
5145	0	0
5148	5145	0
5156	808	0.275
5156	5290	0.543
5156	8720	0.281
5156	6772	0.393
5156	6774	0.349
5163	207	0.585
5164	207	0.682
5164	207	0.682
5164	5163	0.716
5164	50818	0
27043	1234	0.296
27043	7852	0.329
27043	5595	0.438
27043	0	0
27043	6714	0.331
5187	406	0.536
5187	406	0.536
5187	9575	0.635
5187	54205	0.229
5187	1195	0
9451	1965	0.333
9451	1965	0.333
5216	71	0.385
10891	2099	0.458
10891	10011	0.584
5290	207	0.583
5290	207	0.583
5290	10575	0.274
5290	998	0.397
5290	5598	0.28
5290	51341	0.092
5290	6517	0.25
5290	5604	0.705
5290	4790	0.242
5290	1432	0.678
5290	27124	0
5290	2185	0.583
5290	5879	0.4
5290	7409	0.222
5290	3611	0.711
5290	0	0
5290	0	0
5290	10000	0.738
5294	2185	0.568
5294	5829	0.278
8394	2934	0.512
8394	27124	0
27124	196	0
27124	1234	0
27124	1605	0
27124	1040	0
27124	5595	0
27124	2934	0
27124	2690	0
27124	808	0
27124	4790	0
27124	5163	0
27124	3632	0
27124	3632	0
27124	50818	0
27124	6502	0
3632	207	0.338
3632	9181	0.334
3632	5163	0.486
3632	27124	0
5567	572	0.522
5567	824	0.422
5567	51085	0.29
5567	1385	0.333
5567	1390	0.452
5567	84152	0
5567	4772	0.353
5567	1026	0.568
5567	5524	0.426
5567	6608	0.325
50818	596	0
50818	0	0
50818	23523	0
50818	5535	0
50818	50820	0
50818	1605	0
50818	1956	0
50818	1977	0
50818	1981	0
50818	1981	0
50818	2002	0
50818	0	0
50818	2931	0
50818	3672	0
50818	4082	0
50818	4790	0
50818	4842	0
50818	6198	0
50818	2185	0
50818	5883	0
50818	5894	0
50818	5879	0
50818	8720	0
50818	5704	0
50818	8877	0
50818	5587	0
50818	5589	0
50818	10235	0
50818	6548	0
5578	25	0.525
5578	596	0.388
5578	1977	0.322
5578	2931	0.774
5578	3667	0.379
5578	4082	0.3
5578	2911	0.311
5578	4842	0.302
5578	23236	0.396
5578	5728	0.463
5578	5894	0.799
5578	108	0.353
5578	111	0.267
5578	118	0.249
5578	2890	0.279
5578	156	0.669
5578	94274	0
5578	1716	0.358
5578	1759	0.48
5578	23114	1
5578	2554	0.05
5578	2596	1
5578	2741	0.297
5578	2897	0
5578	775	0.306
5578	4133	0.339
5578	4155	1
5578	2917	0.09
5578	282378	0
5578	2903	0.298
5578	774	0.312
5578	9373	1
5578	490	1
5578	10125	0.068
5578	25780	0.056
5578	6616	1
5585	94274	0
5610	1965	0.485
5610	1965	0.485
5610	7099	0.201
3936	2243	0.244
23236	1605	0.222
23236	808	0.45
23236	27124	0
23236	0	0
23236	0	0
5335	0	0
5335	1605	0.305
5335	1973	0.345
5335	808	0.386
5335	5290	0.366
5335	27124	0
5335	50818	0
5335	0	0
5335	0	0
5335	0	0
5340	3936	0.204
5347	4661	0.074
1263	995	0.508
1263	7157	0.352
23647	317	0.574
5464	572	0
5524	207	0.535
5524	324	0.348
5524	8312	0.459
5524	8312	0.459
5524	572	0.421
5524	51085	0.355
5524	84152	0.317
5524	10682	0.13
5524	6416	0.306
5524	5609	0.409
5524	5728	0.367
5524	4137	0.249
5524	408	0.449
5495	84152	0
8125	317	0.615
8125	836	0.274
5465	3320	0.336
5465	4792	0.356
5465	5601	0.332
5465	9612	0.254
5465	6714	0.276
8550	3315	0.352
5551	1017	0.345
5663	1499	0.35
5663	7314	1
5726	983	0
5728	5747	0.489
5728	5290	0.38
5728	27124	0
5728	3632	0.62
5728	0	0
2185	1956	0.602
2185	2309	0.235
2185	2885	0.285
2185	5599	0.595
2185	4205	0.21
2185	5606	0.297
2185	1432	0.655
2185	5879	0.353
2185	6464	0.47
2185	6714	0.544
2185	7248	0.258
2185	3737	0.27
5829	1398	0.506
5829	2534	0.376
5829	9564	0.58
5829	7094	0.602
5829	3611	0.483
5888	675	0.547
5883	596	0.499
5883	598	0.653
5894	572	0.352
5894	11184	0.803
5894	5604	0.78
5894	5605	0.662
8738	835	0.631
5898	10928	0.296
10928	207	0.458
10928	998	0.508
10928	998	0.508
10928	5879	0.526
5900	5898	0.549
5903	5901	0.336
5906	673	0.339
5908	5595	0.439
5908	5879	0.741
5908	29984	1
5914	1499	0.587
5879	317	0.493
5879	5595	0.533
5879	5594	0.523
5879	0	0
5879	4214	0.554
5879	4293	0.422
5879	56259	0.617
5879	4790	0.407
5879	1432	0.407
5879	4688	0.377
5879	5058	0.444
5879	5290	0.4
5879	5894	0.461
5879	5900	0.384
5879	6714	0.46
5879	7430	0.439
5879	673	0.481
5879	369	0.462
5879	5291	0.392
5923	207	0
5923	5879	0
5923	4893	0
5925	890	1
5925	891	0.495
5925	898	0.587
5925	7027	0.463
5925	1869	0.732
5925	4800	0.574
5925	84172	1
5970	3576	0.264
5649	7804	0.108
5649	3688	0.17
5649	7436	0.102
29984	1729	0
29984	6093	0.367
29984	280979	0
387	5747	0.517
387	0	0
387	4792	0.428
387	5599	0.433
387	1729	0.467
387	50818	0
387	5829	0.549
387	9475	0.449
387	280979	0
387	5589	0.216
0	0	0
10160	10672	0
10160	5585	0
10160	5585	0
10160	387	0
8737	9020	0.659
8737	142	0.579
8737	4215	0.66
8737	8476	0.653
9978	4088	0.349
6093	3984	0.898
6093	23209	0.347
6093	4638	0.794
6093	4660	0
6093	103910	1
6093	4542	0.189
6093	1488	1
6093	2623	0.261
9475	3984	0.675
9475	4660	0
9475	103910	1
9475	94274	0
9475	1808	0.447
9475	832	0.373
6098	2309	0.391
6197	572	0.566
6197	1385	0.221
6197	2353	0.346
6197	8290	1
55811	51761	0
6295	29984	0
56681	4087	0
56681	7046	0
6387	175	0
6387	2776	0.366
6387	2792	0
462	2147	0.391
462	2152	0.693
6464	5595	0.421
6464	2885	0.645
6464	5290	0.487
6464	5879	0.411
6464	6654	0.301
6464	3635	1
5777	3716	0.538
5777	3717	0.475
5777	6464	0.372
5777	6776	1
5777	7409	0.34
5777	367	0.359
5777	3937	1
5777	6778	0.527
5777	1500	0.45
5777	3815	0.51
5781	2549	0.533
5781	2885	0.452
5781	5604	0.399
5781	5290	0.41
5781	5829	0.339
5781	5829	0.339
5781	10252	1
5781	9846	0.43
25942	0	0
51763	50818	0
6500	4088	0.282
6500	4851	0.374
6500	2059	0.484
6500	4855	0.424
6500	6929	0.264
4088	9734	0.48
4088	4089	0.751
4089	993	0.318
4089	10140	0.308
4089	51176	0.591
4089	367	0.656
4089	2059	0.311
4089	126961	0
4089	5430	0.478
4090	1386	0.232
4091	4086	0.659
4092	4087	0.742
4092	4088	0.675
6608	2735	0.369
6608	2736	0.328
6608	2737	0.322
6608	4088	0.311
6608	6667	0.322
6608	10499	0.359
6608	1855	0.421
6608	1308	1
6608	5899	0.34
6609	581	1
6609	4214	1
6609	1329	0
6610	6609	0
9612	2099	0.27
9612	2100	0.394
9612	5241	0.47
6615	999	0.401
6615	1588	0.058
6647	0	0
9530	7132	0.302
9530	8717	0.114
9530	1796	0.193
9530	10657	0.551
9530	1646	0.146
9530	3691	0.123
9530	3815	0.225
9530	6934	0.209
6654	92170	0
6654	5879	0.342
6654	4893	0.428
6655	8874	1
6655	8874	1
6670	6667	1
8877	8720	0.212
10252	867	1
10252	1950	1
10252	9628	1
10252	2885	1
10252	5787	1
6714	2889	0.301
6714	867	0.559
6714	1956	0.577
6714	5747	0.673
6714	3716	0.6
6714	5604	0.566
6714	9564	0.371
6714	2909	0
6714	5335	0.425
6714	2185	0.544
6714	5829	0.313
6714	5879	0.46
6714	387	0.394
6714	6464	0.685
6714	25942	0.394
6714	6774	0.367
6714	6850	0.719
6714	7410	0.301
6714	156	0.577
6714	156	0.577
6714	2017	1
6714	1759	0.389
6714	2554	0.061
6714	28964	1
6714	2741	0.279
6714	775	0.285
6714	4593	0.566
6714	2903	0.28
6714	10657	0.401
6714	6712	0
6714	10188	0.623
6714	10000	0.588
6714	50807	1
6714	858	0.358
6714	2059	0.42
6714	9846	0.377
6714	28996	0.487
6714	3815	0.562
6714	5359	0.444
6714	10044	0.403
6714	6934	0.407
6722	2626	0.702
6772	10379	1
6773	10379	1
6774	2588	0
6774	148022	0.473
6774	6772	0.731
51684	1499	0.607
51684	6608	0.437
51684	6935	0.592
51684	1856	0.437
51684	3691	0.448
51684	3815	0.478
51684	5037	0.552
7341	1487	0.441
6850	29760	0.392
6850	27040	0.37
6850	5335	0.421
6850	6464	0.662
6850	7409	0.288
6850	203068	0.362
6850	5336	0.467
6850	3937	1
10454	5606	0.595
10454	9020	0.4
10454	51701	0.302
10454	1432	0.316
10454	6885	0.323
23118	6885	0.356
6885	5599	0.702
6885	6416	0.834
6885	5604	0.757
6885	5606	0.377
6885	5608	0.377
6885	5609	0.546
6885	9020	0.849
6885	51701	0.664
6885	6608	0.358
6885	10454	0.323
6885	10000	0.798
6885	28996	0.587
2783	0	0
6909	1029	0.456
7015	5728	0.32
7015	5728	0.32
7031	317	1
7031	2688	1
7031	3688	1
7032	317	1
7032	2688	1
7032	3688	1
7040	7046	0.435
7046	4087	0.567
7046	4088	0.457
7046	6885	0.617
7046	7048	0.887
7046	960	0.45
7046	2022	0.708
7046	2339	0.4
7046	5520	0.351
7048	10454	0.31
7048	7046	0.887
7048	7049	0.894
7048	23002	0.355
7048	8668	0.322
7048	2022	0.769
7049	7040	0.495
9093	3551	0.453
9093	3717	0.466
10499	367	0.322
7124	7132	0.439
7124	7133	0.544
7132	6416	0.5
7132	8717	0.457
7133	7186	0.525
8658	5728	0.355
8717	8772	0.623
8717	8737	0.626
8717	7186	0.528
7186	4217	0.57
7186	4217	0.57
7186	60489	0.406
7186	4792	0.588
7186	4023	0.392
7186	5604	0.413
7186	9525	0.369
7186	9525	0.369
7186	4790	0.31
7186	7157	0.502
7186	6885	0.471
7186	330	0.489
7186	29843	0.377
7189	51295	0.393
7189	1147	0.419
7189	5606	0.641
7189	4214	0.665
7189	10454	0.346
7189	23118	0.364
7189	6885	0.436
7204	5879	0.384
7001	8841	0.059
7248	6097	0.309
7249	7248	0.658
7249	54386	1
7275	2776	0.689
7291	1029	0.512
2793	5145	0.374
2793	2783	0.333
7297	6772	0.381
7297	6773	0.534
7297	6775	0
7314	581	1
7314	5694	0
7314	1629	0
7314	4040	1
7314	5715	1
7409	207	0.24
7409	5879	0.342
7409	29984	0
7409	387	0.377
7410	207	0.257
7410	392	0.455
7410	998	0.381
7410	5879	0.384
7422	3091	0.427
3791	207	0.5
3791	207	0.5
3791	5747	0.563
3791	5290	0.577
3791	5335	0.489
3791	6464	0.6
7434	820	0
8936	317	0.485
8936	10095	0.406
10163	317	0.531
10810	317	0
11197	7471	0.338
7471	8321	0.492
7471	8321	0.492
7471	3691	0.543
9049	196	0.366
9049	317	0.346
9049	3320	0.332
7498	0	0
331	332	0.461
331	836	0.418
331	840	0.491
331	842	0.553
331	842	0.553
331	1111	0.584
331	56616	1
331	5599	0.59
331	10454	0.65
331	6885	0.56
331	150684	0.425
7535	22915	0
7535	7410	0.367
7535	203068	0.349
7535	3937	1
6935	999	0.328
134	2773	0.251
134	0	0
135	0	0
135	0	0
8	5578	0
107	820	0
108	820	0.374
111	820	0.374
2261	1139	0.174
2261	1128	0.265
2261	1129	0.363
2261	1132	0
162	1211	0.517
162	1759	0.664
162	2554	0.068
0	134	0
0	135	0
952	0	0
148	2776	0.257
148	2767	0.248
148	0	0
150	2773	0.304
150	2775	0.33
150	0	0
1139	0	0
29091	6616	0
29091	6809	0
2890	0	0
0	1268	0
0	1269	0
64682	1499	0
57448	842	0.564
57448	56616	1
57448	27429	0.461
10603	867	0.38
10603	7410	0.494
55738	0	0
10564	0	0
9266	0	0
10095	280979	0
9532	596	0.527
9532	5894	0.667
10134	596	1
10134	598	1
10134	841	1
156	185	0.392
156	154	0.29
156	2776	0.436
156	1813	0.299
156	1129	0
156	4988	0.241
156	11318	0
156	367	0.297
627	4915	0
408	185	0.362
408	4217	0.47
408	154	0.317
408	8215	0
408	8321	0.42
408	175	0
408	4792	0.579
408	3667	0.49
408	5604	0.384
408	1432	0.329
408	5290	0.241
408	5894	0.319
408	387	0.33
408	6714	0.378
408	4988	0.258
408	2150	0.359
408	5144	0.446
408	367	0.534
408	5602	0.306
408	5602	0.306
408	64414	0
10018	578	0.593
10018	581	0.439
10018	596	0.381
10018	598	0.519
10018	599	0.621
10018	4170	0.474
3309	0	0
623	2776	1
623	2767	0.251
623	2773	0.251
623	0	0
0	623	0
673	11184	0.802
673	5604	0.725
673	5605	0.621
0	6261	0
9478	815	0.388
0	572	0
0	1385	0
0	84152	0
0	3708	0
0	4772	0
0	4842	0
0	4137	0
0	814	0
0	2554	0
0	5502	0
0	775	0
0	4133	0
0	2903	0
0	84867	0
0	6853	0
0	203068	0
801	3708	0
801	4082	0
801	4638	0
801	4842	0
801	23236	0
801	5923	0
801	107	0
801	118	0
801	9495	0
801	156	0
801	0	0
801	815	0
801	814	0
801	10645	0
801	1813	0
801	1612	0
801	29904	0
801	8826	0
801	2917	0
801	10497	0
801	2903	0
801	27360	0
801	5136	0
801	5153	0
801	5137	0
801	490	0
801	5864	0
801	4893	0
801	53827	0
801	6014	0
801	9610	0
801	6261	0
801	6712	0
801	9218	0
815	1385	0.255
815	4842	0.305
815	5923	0
815	6885	0.716
815	2890	0.337
815	3751	0.39
815	4133	0.422
815	774	0.382
815	5527	0.455
815	22895	0.394
815	9743	1
815	6261	0.441
815	1739	0.431
815	84687	0.423
815	6853	0.414
815	6857	0.38
815	8831	0
815	6809	0.47
815	7074	0
815	9846	0.396
814	1385	0
814	1390	0
814	4842	0
814	6853	0
10645	207	0.453
10645	8536	0.399
10645	814	0
9647	8536	0.498
9647	815	0.519
9647	814	0
11069	22999	0.371
10156	4893	0
53944	4772	0
53944	4137	0
53944	286	0
53944	1855	0
53944	5055	0
53944	490	0
53944	6809	0
53944	10716	0
857	2534	0.389
1268	2773	0.472
1268	2775	0.472
1268	0	0
1269	2773	0
1269	2775	0
1269	0	0
868	1398	1
868	1956	1
868	2534	1
868	2885	1
868	3932	1
868	5290	1
868	6464	1
868	6714	1
868	7410	1
868	9846	1
64781	5894	0.313
0	5578	0
0	64781	0
0	5501	0
0	5527	0
0	5138	0
0	5139	0
0	5140	0
0	5593	0
0	6855	0
330	836	0.47
330	840	0.589
330	841	0.421
330	56616	1
330	8915	0.352
1072	280979	0
1277	3688	0.474
94274	4660	0
1808	203068	0.448
80331	0	0
80331	774	0
1329	317	0
1812	2773	0.288
1812	0	0
1812	0	0
1813	2773	0.218
1813	2775	0.216
1813	2781	0.236
1813	0	0
1814	2885	0.361
1814	2773	0.253
1814	2775	0.243
1814	0	0
1612	6809	0.409
0	317	0
1636	0	0
1716	1605	0
1855	8312	0.626
1855	2149	0.439
8448	10497	1
1796	5921	1
4985	2773	0.318
4985	2775	0.293
4985	0	0
1859	1965	0.265
1859	4137	0.323
1859	7321	0.585
29904	1938	0.291
23362	0	0
8669	1982	0.929
6456	1601	0.469
6456	1856	0.853
6456	3815	0.594
6456	5037	0.515
5179	4985	0.451
5179	4986	0.451
5179	4988	0.311
5179	4987	0.451
1948	1796	1
1948	5921	0.479
0	1948	0
55914	4088	0.302
2241	1499	0.318
2335	3688	0.769
3350	2773	0.303
3350	0	0
3350	2781	0.322
3350	0	0
3356	2776	0.165
3356	0	0
3360	0	0
3360	0	0
11146	0	0
8637	1977	0.402
0	2550	0
2554	0	0
2550	2775	0.26
2550	0	0
10287	2776	0.557
2773	108	0.163
2773	111	0.108
0	107	0
0	108	0
0	111	0
2781	107	0.222
2781	111	0.093
6507	0	0
0	3667	0
0	5290	0
0	23236	0
0	107	0
0	108	0
0	156	0
0	3760	0
0	3736	0
0	774	0
0	773	0
0	5921	0
0	6809	0
2668	5947	0.092
3760	0	0
9229	4842	1
0	2911	0
0	2890	0
0	2897	0
0	2917	0
0	2903	0
0	2741	0
0	2903	0
6536	0	0
2887	5290	0.283
9743	207	1
9743	392	1
9743	998	1
3055	5335	0.425
3055	2005	0.281
3055	2697	0.333
3055	5801	0.538
3208	4671	0.434
9455	6261	0
5502	5501	0.322
3611	207	0.618
3611	2931	0.863
3611	94274	0
3611	10000	0.786
5055	5501	0
0	3708	0
8826	4893	0.428
8660	5295	1
8660	5290	1
8660	5296	1
9479	5599	0.453
9479	6416	0.411
9479	5609	0.458
9479	1432	0.298
9479	5923	0
9479	8788	0
9479	4294	0.142
9479	7074	0
0	0	0
3761	0	0
3766	0	0
4986	2773	0.321
4986	2775	0.295
4986	0	0
10256	5894	0.315
3736	0	0
3737	0	0
3739	0	0
3750	0	0
3751	0	0
3897	7430	0
23365	392	0.527
51176	4286	0.567
28992	8321	0.371
775	0	0
1128	2776	0.405
1128	2767	0.405
1128	0	0
1129	2773	0.492
1129	2775	0.492
1129	0	0
1132	1917	0
1132	2773	0
1132	0	0
10746	5594	0.864
10746	6416	0.884
10746	5609	0.74
10746	60675	0.358
10746	5607	0.884
8491	1432	0.743
50488	1432	0.743
10746	6416	0.884
4215	6416	1
4215	5609	0.586
4215	8491	0.854
4215	5607	1
4216	6416	0.826
4216	5609	0.539
4216	8491	0.715
4216	50488	0.715
2917	2773	0.194
2917	2775	0.186
2917	0	0
11221	5599	0.212
11221	5600	0.276
11221	5603	0.276
11221	5601	0.155
11221	1432	0.245
11221	5602	0.209
11221	6300	0.239
4294	6416	0.569
4294	5609	0.358
4294	1742	0.175
4294	6416	0.569
79092	1977	0.226
4988	2773	0.347
4988	2775	0.324
4988	0	0
8649	5594	0.371
8649	11184	0.31
10497	6809	0.418
25924	815	0.488
2035	2890	0.295
4671	836	0.275
4671	840	0.44
4671	842	0.361
85407	8215	0
85407	8321	1
4690	25	0.29
4690	5058	0.356
4690	8976	0.567
1991	154	0.268
1991	148	0.137
1991	150	0.315
4763	4893	0.428
2903	0	0
2903	5335	0.361
2903	1741	0.418
0	2983	0
4987	2773	0.414
4987	2775	0.368
4987	0	0
9518	2064	0
774	0	0
7533	572	0.426
7533	3667	0.593
7533	4772	0.311
7533	5894	0.372
7533	673	0.357
7533	1072	1
7533	2308	0.46
7533	7158	0.372
7533	9610	1
0	23236	0
0	5501	0
0	30011	0
5828	5724	0.157
5724	2776	0.296
5724	2773	0.347
5724	2775	0.284
5724	0	0
2150	2776	0.455
2150	0	0
8850	367	0.359
5136	0	0
5153	0	0
5137	0	0
5139	820	0
5140	820	1
5141	820	1
5142	820	0.292
5143	820	0
5144	820	1
8654	0	0
5154	5159	0.561
5159	5335	0.513
5159	5781	0.398
5159	10603	0.312
29943	0	0
5170	207	0.633
5170	6198	0.698
5170	6196	0.709
5170	50818	0
5170	5578	0.717
5170	6195	0.733
5170	10000	0.695
5170	5590	0.698
9693	54386	1
9693	5911	0.241
2983	0	0
9463	2917	0.13
5300	3725	0.252
5300	1499	0.348
0	207	0
0	836	0
0	841	0
0	842	0
0	1605	0
0	2934	0
0	8936	0
0	9266	0
0	156	0
0	1759	0
0	3760	0
0	490	0
0	22895	0
0	6261	0
0	207	0
0	5578	0
0	7410	0
0	9266	0
0	3611	0
0	5170	0
0	30011	0
5305	0	0
5566	154	0.312
5566	572	0.475
5566	1387	0.292
5566	1385	0.31
5566	84152	0
5566	3708	0.257
5566	4772	0.314
5566	4790	0.32
5566	4842	0.277
5566	1432	0.626
5566	23236	0.386
5566	5335	0.502
5566	5894	0.614
5566	5894	0.614
5566	5906	0.336
5566	6714	0.53
5566	4137	0.435
5566	118	0.257
5566	2890	0.294
5566	2668	0.269
5566	673	0.573
5566	10645	0.351
5566	1812	0.303
5566	2316	0.423
5566	2554	0.06
5566	2741	0.312
5566	5502	0.367
5566	2897	0
5566	3761	0.404
5566	3751	0.326
5566	775	0.319
5566	4133	0.351
5566	2917	0.106
5566	8428	0.631
5566	2903	0.313
5566	5139	0
5566	5140	0.504
5566	5144	0.494
5566	8654	0.138
5566	490	1
5566	773	0.321
5566	22895	0.335
5566	54386	1
5566	22999	0.348
5566	23557	0.402
5566	84687	0.414
5566	84867	0.21
5566	6853	0.509
5566	64414	0
5566	5256	0.49
5587	7533	0.406
5587	9846	0.413
5593	1385	0
5593	4842	0.45
5593	952	0
5593	2917	0
5593	8654	0.311
5569	5566	0.543
10887	1965	0
9373	8	0
490	0	0
5501	596	0.407
5501	1385	0.332
5501	815	0.485
5501	1072	1
5501	2903	0.277
5527	207	0.324
5527	572	0.529
5527	596	0.354
5527	8536	0.5
5527	1385	0.238
5527	2931	0.372
5527	9564	0.595
5527	814	0
5527	1072	1
5527	775	0.368
5527	4744	0.211
5527	2903	0.366
5494	8312	0.525
5494	572	0.296
5536	4137	0.328
773	0	0
3276	10657	0.494
832	280979	0
832	0	0
1742	4130	0.361
5770	3643	0.398
5786	2534	0.442
5786	3932	0.473
5786	6714	0.39
2664	5864	0.4
22895	5864	0.403
23613	2534	0.35
54386	5894	1
54386	5900	1
54386	673	1
5909	5906	0.317
5909	54386	1
5911	5900	0.5
5911	4893	0.428
4893	5290	0.428
4893	5894	0.428
4893	5900	0.428
4893	673	0.428
4893	4296	0.428
5921	207	0.403
5921	5879	0.486
5921	4893	0.428
10125	4893	0.113
25780	54386	0.173
25780	4893	0.112
5947	2885	0.116
5947	6464	0.713
5997	2776	0.531
5997	2767	0.124
5997	2773	0.127
5999	2776	0.37
6009	5894	0.527
22999	10497	0.366
22999	7533	0.383
22999	5864	0.439
22999	22895	0.373
22999	6616	1
22999	6857	0.361
9610	4893	0.428
6195	572	0.503
6195	1385	0.207
6195	9978	0.521
6195	29904	0.489
6195	0	0
777	0	0
6261	0	0
0	5704	0
0	6729	0
10657	1387	0.302
1739	2897	0
11231	3309	0.361
11231	0	0
0	3350	0
0	3358	0
0	3356	0
0	3360	0
50944	8874	0.384
30011	3717	1
30011	10252	1
30011	89	1
30011	5947	0.116
6478	7410	0.5
10572	598	0.42
6616	774	1
23557	111	0.291
23557	6616	1
0	6507	0
0	3760	0
6717	6261	0.284
6494	54386	1
84687	5501	0.357
6729	0	0
6729	6734	1
6734	0	0
0	6751	0
0	6752	0
6751	2773	0.492
6751	2775	0.492
6751	0	0
6752	2773	0.147
6752	2775	0.161
6752	0	0
6752	30011	1
84867	5594	0.252
84867	8520	0.252
84867	11143	0.235
9900	6857	0.379
6853	280979	0
6853	2781	0.109
6857	775	0.326
6857	777	0
6857	6809	0.569
8831	4893	0
9751	6809	0.239
6809	3736	0.348
6809	774	0.402
0	6850	0
6932	6722	0.701
6932	51176	0.712
7454	10097	0.169
7454	1268	0
7074	207	0
4915	2534	0.375
4915	3667	0.213
4915	6464	0.287
4915	8660	0.406
5644	2150	0
203068	1759	0.467
7408	280979	0
7417	578	0.539
7417	578	0.539
7417	581	0.559
7417	1329	0
7448	3688	0.685
7443	1386	0.284
7475	8321	1
7475	28992	0.267
2872	1977	0.522
9611	2099	0.435
9611	5241	0.631
11318	408	0
43	317	0.26
43	1329	0
10188	7094	0.385
10188	7414	0.322
10188	4168	1
10000	572	0.434
10000	572	0.434
10000	581	0.348
10000	842	0.449
10000	2931	0.749
10000	7248	0.347
10000	331	0.571
10000	2308	0.41
10000	5140	0.449
51074	317	0.447
367	2770	0.378
367	2767	0.187
367	6772	0.709
367	2308	0.546
367	50807	1
367	4486	0.39
367	7329	0.483
369	5604	0.816
369	5605	0.683
369	7337	0.76
9459	207	0.314
9459	998	0.343
9459	5058	0.326
5414	331	0.441
50807	1029	1
50807	367	1
29108	581	0.621
57099	317	1
10017	581	0.732
23786	1329	0
599	572	0.436
599	578	0.99
599	581	0.732
599	637	0.603
599	638	1
599	10018	0.621
613	6850	0.789
51283	841	0
7009	581	0
90427	596	1
90427	598	1
90427	599	1
90427	4170	1
664	596	0.68
664	598	0.869
665	596	0.616
665	598	0.802
666	1329	0
9970	0	0
9970	5604	0.049
9970	156	0.066
9970	6646	0.111
1513	581	0.159
25776	1499	0.327
930	5295	0
930	7409	0
940	916	0.516
961	664	0.51
9350	7471	0.154
3880	842	0.299
1119	8312	0.179
1119	1499	0.142
1119	8215	0
4963	637	0
1195	5187	0
4934	572	0
4934	4772	0
10524	4851	0.458
10524	367	0.359
10524	351	0.408
10524	28514	0.444
10524	3714	0.46
10524	4853	0.454
10524	4854	1
10524	4855	0.344
84876	0	0
1410	581	0.682
1410	598	0.771
1410	836	0.316
1493	916	1
5478	9131	0.368
10870	5290	0.307
10870	5335	0.406
10870	7409	0.461
10870	3937	1
190	2099	0.549
190	7471	0.396
8771	356	0.629
22861	317	0.841
22861	842	0.64
11315	581	0.345
10294	581	0.421
140735	90427	0
7786	6416	0.816
7786	5609	0.706
1400	581	1
2100	2099	0.764
2065	5295	0.382
5783	841	0.489
5783	8772	0.433
2247	2263	0.325
2247	6383	0.402
2263	5335	0.444
2263	6464	0.502
2263	10818	0.335
2263	6646	0.428
9994	841	0.217
6422	8321	0.755
6422	7471	0.324
10818	2885	0.616
10818	5781	0.448
1	23368	0
2778	427	0.127
6540	5148	0
629	427	0.315
629	427	0.315
629	1956	0.177
629	5290	0.27
629	5879	0.243
629	156	0.239
629	1839	0.098
629	3339	0.162
23092	29984	0
9265	1029	0.058
1839	1956	0.129
3094	5894	0.381
8739	596	1
8739	598	1
8739	599	1
8739	4170	1
3329	836	0.395
3329	839	0.39
3303	9131	0
6383	2247	0.402
6383	2263	0.422
83696	6850	0
3802	5777	0.58
56998	1499	0.318
80319	8215	0
3440	3454	0.56
3454	3716	0.419
3454	7297	0.443
9641	3661	0.443
3596	3597	1
3596	3598	0
3597	3717	1
3597	7297	1
3597	3566	1
3598	3566	0.565
3561	3718	0.313
3566	3716	0.359
3566	3597	1
3566	3561	0.725
3570	3716	0.443
55437	331	1
4188	3172	1
3630	3643	0.377
51135	7189	0.45
11213	3654	0.753
11213	51135	0.556
3702	5335	0.413
3718	3716	0.888
5602	1386	0.255
5602	3725	0.222
5602	4772	0.242
5602	7157	0.29
5602	6464	0.438
5602	319	0.19
2547	581	0.318
607	1499	1
79444	836	0.425
79444	840	0.49
79444	842	0.637
4018	9170	0.312
4035	8312	0.318
4035	8321	0.452
4035	7471	0.315
9175	6416	0.718
9175	5609	0.665
1845	5599	0.179
1845	5601	0.137
1845	5602	0.189
64112	581	0.439
64112	596	0.516
64112	598	0.595
7867	3315	0.359
4170	578	0.794
4170	581	0.856
4170	10018	0.474
4170	1329	0
4170	666	0.777
7020	3725	0.726
5607	5598	0.56
9927	578	0.593
9927	581	0.439
1846	5595	0.129
1846	5594	0.179
1846	5599	0.15
1846	5601	0.117
1846	5602	0.171
1848	5595	0.206
1848	5594	0.266
1852	5595	0.508
1852	5594	0.511
4296	6416	0.732
4296	5609	0.61
4342	5604	0.615
4342	5605	0.444
8986	1385	0.296
8986	1978	0.344
8986	466	0.34
4836	637	0
5366	578	1
5366	581	1
5366	596	1
5366	598	1
5366	4170	1
10193	57448	0.8
55075	317	1
8976	280979	0
27429	331	0.461
27429	57448	0.461
27429	10456	0.35
5291	23368	1
5291	54545	1
925	8739	1
8503	5291	0.949
10714	2099	0.236
10714	10011	0.4
23368	5291	1
5296	5291	0.864
1844	5595	0.493
1844	5594	0.484
51237	842	1
79581	8215	0
64414	820	0
5256	5834	0.293
8554	4089	0.42
8554	6772	0.382
11040	572	0
5590	6198	0.837
5590	5037	0.376
3339	1605	0.4
3339	0	0
3339	0	0
5336	1605	0.335
5241	2099	0.614
5621	581	0.541
5757	8125	0
5757	1329	0
10076	3716	0.457
10076	6772	0.305
10076	7297	0.479
27113	581	1
27113	596	1
27113	598	1
27113	599	1
27113	4170	1
5834	5837	0
26108	607	1
10235	5879	0.155
11331	2099	0.251
5308	2770	0.277
5308	2776	0.243
5308	2778	0.239
8204	2099	0.232
1969	2885	0.381
1969	5335	0.509
1969	6464	0.495
1969	1	0
1969	23368	1
6259	8215	0
6259	8321	0.553
6296	473	0
23013	9611	0.693
23013	10011	0.642
23013	23426	0.501
8431	2099	0.303
6597	1499	0.542
6597	2099	0.4
1154	3643	1
1154	3716	1
1154	3717	1
56848	598	0.531
10011	2099	0.224
10011	10714	0.4
6646	1026	0.372
6646	6772	0.319
29110	3661	0.375
7006	7409	0.4
7006	1796	1
23389	2099	0
6097	1978	0.314
6097	6198	0.279
1326	5604	0.775
1326	5605	0.648
55240	665	1
7318	7189	0.175
8457	79370	0
54739	331	0
51776	6416	0.629
51776	5609	0.636
7791	7408	0.604
102	28514	0.435
6868	4851	0.307
83737	6456	0.468
83737	3815	0.509
25898	367	0.338
59343	6934	0.318
667	10048	0.501
667	7472	0.554
960	4088	0.302
960	4089	0.313
960	2059	0.366
1025	126961	0
4435	9846	0.303
1459	1855	0.518
1459	2059	0.533
1213	5781	0.286
1213	7471	0.307
1213	23426	0.433
1213	3636	0.395
10987	4089	0.43
1453	2059	0.484
1454	1855	0
10664	23002	0.293
23002	367	0.317
1601	3398	0.446
1601	3399	0.404
55802	7471	0.266
1999	1855	0.385
1999	1915	0.314
1999	9846	0.305
5045	4851	0.322
2535	6722	0.117
2535	1855	0.203
2535	1856	0.206
2535	2059	0.197
9846	6464	0.634
9846	5777	0.352
9846	6772	0.338
9846	6774	0.332
9846	7410	0.406
9846	2887	0.501
9846	5338	1
9846	5921	0.392
9846	634	0.474
9846	2060	0.45
9846	2059	0.567
9846	3875	0.413
9846	9063	0.377
9846	6004	0.395
9846	6777	0.444
9846	6934	0.326
8520	5781	0.43
8520	6774	0.323
8520	2887	0.452
8520	84867	0.252
8520	8290	1
8520	5515	1
8520	5801	0.486
8520	6929	0.251
8520	7050	0.267
11143	9978	1
11143	4087	1
11143	4088	1
11143	6774	1
11143	2887	1
11143	84867	0.235
11143	367	1
11143	9541	1
11143	5515	1
11143	5801	1
11143	9712	0.294
11143	10044	1
11143	6929	1
11143	7050	1
11143	8462	0.175
28996	2516	0.401
3815	6772	0.424
3815	6776	1
3815	7409	0.338
3815	161742	0.36
3815	200734	0.365
3815	6777	0.503
3955	4851	0
3955	4853	0
4242	28514	0
4242	182	0
4242	4853	0
9063	4089	0.387
4316	3691	0
8650	4851	1
56924	367	1
51588	51176	0.227
51588	6934	0.347
23509	4088	0
23509	1855	0
23509	2887	0
23509	4851	0
23509	858	0
23509	28514	0
23509	182	0
23509	5076	0.087
23509	5515	0
5515	815	1
5515	25898	1
5580	1601	0.296
5580	3655	1
5580	3691	0.342
5582	1601	0
5582	1856	0
5582	5037	0
8643	1796	0.209
8643	3815	0.225
5782	5359	0.466
5801	3055	0.538
5801	8520	0.486
5801	11143	1
10048	6608	0.406
2963	6608	1
2963	5801	1
2962	5430	0.492
2962	10048	0.417
2962	7472	0.382
9712	2668	0.167
9712	815	0.163
9712	4131	0.147
9712	25898	0.15
9712	8668	0.165
9712	2059	0.376
9712	4853	0.118
29843	10499	0.322
2516	51176	0.54
2516	4602	0.617
2516	6934	0.547
57154	4092	0.6
57154	7046	0.602
58533	4155	1
58533	7337	0.51
9021	1857	0.467
57559	8520	1
6777	5607	0.473
7329	367	0.483
7329	7337	0.615
7321	6498	0.41
7322	4087	0.295
7323	4087	0.295
7337	8520	0.675
7337	11143	1
8409	8520	0.343
8409	11143	1
7472	23509	0
8882	29843	0.451
