10971	572	0.273
10971	572	0.273
10971	581	0.285
10971	596	0.248
10971	2309	0.226
10971	2308	0.292
7128	1843	0.408
7128	7186	0.425
7128	7189	0.475
5345	3936	0.132
4961	397	0
4961	2932	0
4961	4137	0
25	1020	0.408
25	1398	0.219
25	5599	0.383
25	1029	0.259
25	7161	0.305
25	5829	0.203
25	5888	0.452
25	5883	0.377
25	7410	0.158
25	1796	0.668
25	7158	0.161
427	51761	0
427	820	0
427	2588	0.287
1145	808	0
71	317	0.287
87	280979	0
87	7791	0.437
8038	1950	0.275
4303	355	0.337
185	0	0
185	3716	0.269
186	4683	0.25
11214	387	0.317
207	4303	0.302
207	572	0.47
207	572	0.47
207	842	0.381
207	842	0.381
207	1385	0.225
207	2309	0.288
207	5871	0.641
207	2908	0.179
207	2931	0.505
207	2932	0.51
207	2932	0.51
207	2792	0.307
207	3320	0.578
207	3551	0.584
207	1147	0.517
207	8517	0.293
207	4193	0.553
207	4214	0.548
207	4293	0.589
207	2475	0.447
207	4846	0.336
207	5058	0.501
207	5894	0.593
207	5894	0.593
207	5879	0.455
207	6647	0.436
207	6774	0.285
207	7015	0.411
207	7248	0.236
207	280979	0
207	2308	0.281
207	4216	0.389
207	4294	0.491
207	4294	0.491
207	7158	0.166
207	4296	0.624
657	1386	0.251
353	5562	0.194
5562	31	0.28
5562	1026	0.374
4878	2983	0
317	842	0.372
317	54205	0.288
317	57591	0.247
324	8312	0.496
324	1499	0.312
333	7314	0.668
375	5581	0.358
375	5333	0.156
392	387	0.283
392	9475	0.227
392	11113	0.102
392	5305	0
393	387	0.339
394	29984	0.995
394	387	0.525
395	387	0.09
9138	392	0.318
9138	387	0.317
9826	387	0.292
7984	387	0.314
405	196	0.799
10097	280979	0
4217	5599	0.538
4217	6416	0.452
4217	5606	0.293
4217	5608	0.293
4217	5609	0.637
1386	3725	0.796
1386	3458	0.226
1386	3558	0.068
1386	3565	0.14
1386	0	0
1386	7193	0
472	25	0.377
472	672	0.301
472	675	0.335
472	1111	0.587
472	11200	0.58
472	2177	0.252
472	4683	0.421
472	4790	0.198
472	7157	0.269
472	7157	0.269
51761	820	0
51761	820	0
51761	842	0
545	472	0.643
545	672	0.3
545	1111	0.637
545	11200	0.504
545	2177	0.253
545	7157	0.179
545	1263	0.586
545	5884	0.668
551	0	0
8312	1499	0.55
8312	2931	0.309
8312	4214	0.428
8312	4216	0.31
154	0	0
154	0	0
572	578	0.282
572	581	0.453
572	596	0.29
572	596	0.29
572	598	0.401
572	598	0.401
572	842	0.465
572	599	0.279
578	572	0.282
578	598	0.764
578	56616	0.668
578	1329	0
581	572	0.453
581	578	0.678
581	596	0.692
581	596	0.692
581	56616	0.668
581	1329	0
596	317	0.275
596	572	0.29
596	578	0.562
596	581	0.692
596	598	0.698
596	637	0.245
596	638	0.668
596	6609	0.668
596	10018	0.25
596	1329	0
596	9445	0.235
596	5366	0.668
598	317	0.293
598	572	0.401
598	578	0.764
598	581	0.736
598	596	0.698
598	637	0.339
598	638	0.668
598	638	0.668
598	54205	0.26
598	7157	0.44
598	10018	0.347
598	1329	0
598	79370	0.535
598	666	0.733
598	5366	0.668
637	578	0.386
637	581	0.281
637	1329	0
637	7417	0.373
638	596	0.668
638	598	0.668
332	56616	0.668
332	331	0.341
332	56604	0
29760	2885	0.482
29760	7409	0.278
29760	5336	0.278
659	1386	0.167
695	355	0.333
695	5335	0.25
695	5336	0.289
8945	1499	0.204
8945	1499	0.204
2889	5906	0.604
2889	54386	0.668
2889	4893	0.286
0	824	0
0	889	0
0	816	0
0	0	0
0	1452	0
0	1455	0
0	30818	0
0	2978	0
0	4772	0
0	4790	0
0	4846	0
0	50818	0
0	5578	0
0	5319	0
0	5524	0
0	2185	0
0	111	0
0	89	0
0	801	0
0	821	0
0	811	0
0	10156	0
0	8448	0
0	1759	0
0	3208	0
0	23413	0
0	22895	0
0	10125	0
0	6717	0
0	9900	0
0	6853	0
0	6857	0
0	7447	0
0	4934	0
23523	10014	0
23523	0	0
790	1676	0.327
5535	23523	0
5535	4772	0
5535	4842	0
823	581	0.263
823	637	0.373
823	23523	0
823	842	0.535
823	5747	0.314
823	5829	0.336
823	5879	0.343
823	387	0.45
823	7094	0.263
823	4137	0.254
823	7430	0.304
823	2890	0.219
823	4133	0.297
823	2903	0.235
823	6712	0
824	23523	0
824	5747	0.431
824	5829	0.396
824	7094	0.326
831	823	0.281
831	7430	0.53
889	23523	0.595
889	5535	0
889	8536	0.269
889	4772	0.169
889	2185	0.171
8536	1385	0.151
8536	10014	0.274
8536	4208	0.147
8536	9734	0.275
8536	5879	0.304
8536	6853	0.277
816	1385	0.271
816	4137	0.271
820	10411	0.668
820	5567	0.668
820	5567	0.668
820	5576	0.668
820	11069	0.668
820	5566	0.668
820	1260	0.039
10487	4661	0
10487	4661	0
10498	1387	0.433
10498	1499	0.296
10498	2033	0.509
843	317	0.222
843	836	0.713
843	2188	0.668
843	248	0.263
843	7157	0.304
835	637	0.348
835	4000	0.322
836	317	0.158
836	317	0.158
836	572	0.156
836	581	0.182
836	596	0.174
836	598	0.213
836	637	0.187
836	790	0.243
836	839	0.763
836	840	0.814
836	841	0.75
836	5591	0.319
836	5747	0.31
836	6711	0.158
836	6711	0.158
836	2620	0
836	2934	0.175
836	2934	0.175
836	1676	0.668
836	1676	0.668
836	4214	0.345
836	5062	0.321
836	142	0.282
836	5925	0.17
836	6093	0.366
836	331	0.308
836	10018	0.194
836	0	0
836	1982	0.15
836	4207	0
836	5305	0.215
836	10887	0
836	5527	0.167
836	22985	0.404
836	4170	0.182
836	4719	0.283
839	836	0.763
839	1676	0.668
839	4000	0.273
839	4000	0.273
839	4001	0
839	84823	0
839	5058	0.373
840	790	0.227
840	790	0.227
840	842	0.615
840	5747	0.325
840	1676	0.668
840	142	0.312
840	4207	0
840	10887	0
841	4217	0.299
841	4217	0.299
841	637	0.184
841	843	0.864
841	836	0.75
841	248	0.27
841	9525	0.386
841	8737	0.426
841	10887	0
841	9191	0.178
842	836	0.667
842	836	0.667
842	839	0.584
842	839	0.584
842	840	0.615
847	6098	0.277
867	1956	0.274
867	5335	0.29
867	7535	0.354
867	916	0.365
867	2263	0.35
867	10818	0.31
1387	3725	0.666
1387	1499	0.471
1387	2002	0.441
1387	2099	0.516
1387	7088	0.503
1387	3932	0.21
1387	8874	0.145
1387	8850	0.604
1387	6932	0.366
1387	10011	0.37
890	983	0.668
890	1017	0.668
890	1019	0.668
890	1021	0.668
890	1869	0.668
891	983	0.217
595	1869	0.366
595	5925	0.558
595	5925	0.558
894	5925	0.384
896	5925	0.384
898	5925	0.478
0	1385	0
0	3708	0
929	7097	0.566
929	7099	0.684
948	1432	0.11
920	7535	0.264
5788	3932	0.493
995	983	0.331
995	983	0.331
993	1017	0.292
993	1021	0.305
995	983	0.331
997	898	0.303
997	1869	0.248
998	5871	0.523
998	4214	0.466
998	4293	0.392
998	5058	0.301
998	8936	0.362
998	4216	0.296
998	4294	0.288
998	4294	0.288
998	7454	0.515
998	10188	0.287
998	4296	0.526
983	572	0.171
983	891	0.217
983	5347	0.687
1017	1869	0.211
1017	5715	0.239
1017	5925	0.203
1020	317	0.155
1020	84152	0
1020	5604	0.601
1020	5058	0.607
1020	4137	0.171
1020	282378	0
1020	4744	0.099
1021	596	0.263
1021	5925	0.279
1022	1017	0.419
1050	3725	0.69
1111	995	0.351
1111	995	0.351
1111	5545	0
1111	7157	0.181
11200	672	0.453
11200	5545	0
11200	7157	0.441
1123	5879	0.184
8646	659	0.383
56616	332	0.668
56616	248	0.194
56616	331	0.668
56616	330	0.668
56616	79444	0.668
329	836	0.276
329	840	0.297
3725	1385	0.83
3725	10018	0.155
3725	8739	0.668
1452	4772	0.152
1452	11076	0.298
1452	7157	0.181
1455	84152	0
1456	1409	0
1456	5187	0
1457	324	0.243
1457	637	0.309
1457	638	0.668
1457	8215	0
1457	5601	0.455
1457	5601	0.455
1457	6722	0.178
1457	7471	0.136
9575	406	0.729
4609	1029	0.428
4609	6667	0.723
1073	317	0.668
1385	1387	0.705
1385	2668	0.11
1385	0	0
1385	8660	0.668
1385	2959	0.278
1385	6872	0.5
1390	1385	0.42
1390	30818	0.636
1398	25	0.219
1398	2889	0.336
1398	1793	0.336
1398	11184	0.22
1398	9743	0.668
1399	2889	0.265
1399	1793	0.265
1409	581	0.486
1409	598	0.561
1436	2113	0.12
1436	6196	0.364
1445	5747	0.473
1445	3932	0.526
1445	4067	0.598
1445	5829	0.314
1445	6714	0.439
1487	3172	0.369
1487	8204	0.384
5932	672	0.41
1499	1387	0.471
1499	9734	0.434
1499	3172	0.398
1499	7314	0.668
1499	51176	0.378
1499	51176	0.378
1499	6932	0.277
54205	317	0.288
54205	834	0.324
54205	56616	0.668
54205	5187	0.173
25802	820	0
28503	5495	0
1605	1040	0
1605	50818	0
1605	5578	0.214
1605	10125	0.032
84152	1020	0
84152	2644	0
84152	5464	0
84152	5501	0
1616	4217	0.462
1616	6416	0.227
5694	898	0
5694	1499	0
5694	1869	0
5694	4193	0.28
5694	5715	0
5694	6622	0.324
1040	50818	0
0	2911	0
1730	5216	0.344
22943	7471	0.446
22943	4035	0.361
5591	7157	0.311
1793	207	0.241
0	25802	0
0	28503	0
0	1812	0
0	1813	0
0	1814	0
7027	898	0.341
8718	841	0
30818	1385	0.37
30818	1385	0.37
30818	2353	0.266
30818	0	0
30818	3750	0
30818	3751	0.036
30818	8739	0.09
8215	2931	0
8215	2932	0
0	5610	0
8655	5879	0.668
8655	10018	0.668
2118	1029	0.086
1869	637	0.271
1869	7027	0.465
1869	1029	0.446
1869	5925	0.642
1869	5925	0.642
1869	4088	0.507
1869	10018	0.28
1869	8739	0.668
1869	5366	0.668
1869	27113	0.668
1738	7341	0
10682	1977	0
10682	1981	0
51295	4214	0.391
1909	4683	0.313
1950	1956	0.22
1956	843	0.342
1956	867	0.274
1956	2064	0.665
1956	2885	0.34
1956	5604	0.447
1956	4214	0.551
1956	4772	0.244
1956	1432	0.429
1956	5335	0.43
1956	2185	0.518
1956	5879	0.375
1956	29984	0.256
1956	6464	0.372
1956	6714	0.508
1956	6772	0.464
1956	6774	0.399
1956	7409	0.163
1956	8936	0.318
1956	2035	0.204
1956	4690	0.262
1956	5921	0.306
1956	2065	0.518
1956	6646	0.265
1959	572	0.276
1959	664	0.332
1959	665	0.257
1978	1973	0.176
1978	1977	0.248
1978	1977	0.248
1967	1965	0.567
1967	1965	0.567
1967	1147	0.231
8661	1973	0.639
1973	6194	0.601
1975	1973	0.673
1975	6194	0.738
1983	1965	0.626
2002	3725	0.569
2002	2353	0.747
2002	0	0
10411	0	0
10411	5906	0.624
10411	54386	0.668
2057	6464	0.222
2064	2885	0.361
2064	5290	0.409
2064	5335	0.403
2064	6464	0.399
2064	6714	0.471
2064	5921	0.296
2064	6640	0.28
2064	2886	0.369
5595	2002	0.2
5595	4638	0.524
5595	8569	0.502
5595	9252	0.519
5595	6196	0.571
5595	2872	0.502
5595	10524	0.325
5595	8986	0.519
5594	842	0.392
5594	1387	0.23
5594	3725	0.183
5594	1385	0.204
5594	1956	0.495
5594	1958	0.251
5594	2002	0.177
5594	5595	0.751
5594	2353	0.222
5594	5599	0.631
5594	9261	0.64
5594	4082	0.2
5594	4638	0.596
5594	8569	0.613
5594	9252	0.649
5594	6196	0.695
5594	5163	0.645
5594	27124	0
5594	5319	0.201
5594	6197	0.568
5594	6773	0.308
5594	4137	0.307
5594	3172	0.195
5594	3751	0.221
5594	4207	0
5594	79092	0.151
5594	4744	0.205
5594	4741	0.252
5594	9373	0.668
5594	6195	0.608
5594	10657	0.186
5594	6853	0.331
5594	2872	0.613
5594	10524	0.354
5594	8986	0.618
5598	4205	0.219
5598	6196	0.299
5598	7020	0.145
0	2069	0
0	53615	0
2114	2113	0.801
2160	2158	0
2165	2147	0
2147	2243	0.462
2147	2149	0.497
2155	2159	0.586
8772	843	0.461
8772	841	0.35
8772	4615	0.725
8772	4790	0.231
8772	6609	0.668
8772	9191	0.3
5747	5594	0.592
5747	2534	0.493
5747	2885	0.397
5747	3569	0.25
5747	9564	0.491
5747	5290	0.536
5747	5335	0.423
5747	5829	0.326
5747	6464	0.357
5747	6714	0.592
5747	89	0.239
5747	50807	0.668
5747	23092	0.222
5747	2886	0.413
5747	1969	0.497
8439	6610	0
2178	2177	0
2191	841	0.621
2191	2188	0.668
355	1616	0.477
355	1956	0.555
355	8772	0.451
355	356	0.32
355	3552	0.271
355	4790	0.214
355	8737	0.398
355	5777	0.573
355	10016	0.227
355	5783	0.271
355	23017	0
356	355	0.32
356	355	0.32
0	0	0
2243	3688	0.451
2309	356	0.243
2309	10018	0.229
0	427	0
2353	3725	0.61
10023	2931	0
10023	2932	0
8321	8215	0
8321	175	0
8321	3936	0.147
8321	3936	0.147
8321	408	0.33
2488	2492	0.668
2534	1499	0.251
2534	1600	0
2534	5335	0.317
2534	6464	0.66
2534	6773	0.277
2534	2890	0.192
2534	775	0.209
2534	2903	0.199
2534	203068	0.311
175	8215	0
175	5595	0.151
175	2776	0.308
175	2792	0.308
175	5294	0.197
2549	1398	0.373
2549	11184	0.228
2549	5295	0.323
2549	5290	0.19
2549	5290	0.19
2549	4215	0.38
1647	983	0.668
1647	4216	0.668
2770	427	0.139
2770	2782	0.511
2770	5290	0.259
2770	5294	0.284
2770	5879	0.52
2770	6714	0.347
2770	673	0.323
2770	5909	0.349
2770	629	0.174
9628	92170	0
9628	5879	0.251
2776	92170	0.995
2776	5604	0.361
2776	23236	0.347
2776	3339	0.232
2626	6767	0.198
2626	6722	0.643
2782	2770	0.511
2782	9181	0.495
2782	2792	0.995
2782	5290	0.325
79751	92170	0
2978	83733	0
5871	4214	0.678
440275	1965	0
0	1965	0
0	92170	0
0	3838	0
0	5295	0
0	5062	0
0	5894	0
0	5901	0
0	5879	0
0	387	0
9181	207	0.285
9181	375	0.194
9181	392	0.222
9181	5879	0.363
9181	29984	0
2934	842	0.232
2934	280979	0
2670	7314	0
9771	5567	0.061
2688	2690	0.278
2690	3479	0.275
2690	5290	0.19
2767	427	0.185
2767	891	0.159
2767	2776	0.806
2767	5606	0.098
2767	4661	0.014
2767	23236	0.138
2767	629	0.189
2768	11214	0.491
2768	9138	0.244
2768	387	0.476
2768	10160	0
2768	6714	0.334
2768	5921	0.261
2768	5607	0.319
2768	5589	0.119
2768	7006	0.297
10672	9138	0.232
10672	4217	0.289
10672	998	0.404
10672	2185	0.427
10672	10160	0
10672	5962	0.232
2769	1605	0.115
2769	23236	0.155
23566	4878	0.047
2876	2937	0.095
2908	1843	0.173
2908	5290	0.139
2885	867	0.471
2885	5595	0.306
2885	2549	0.401
2885	5335	0.435
2885	5879	0.352
2885	6464	0.572
2885	6654	0.23
2885	10252	0.668
2885	7410	0.249
2885	8936	0.316
2885	1759	0.59
2885	5786	0.23
2885	10657	0.542
2885	1	0
7088	3172	0.4
7088	51176	0.147
2937	0	0
2931	8312	0.309
2931	3725	0.168
2931	1385	0.184
2931	1499	0.272
2931	4286	0.22
2931	4772	0.21
2931	5663	0.287
2931	4137	0.28
2931	64682	0
2931	5055	0
2931	8894	0.193
2932	207	0.51
2932	8312	0.444
2932	595	0.505
2932	1499	0.4
2932	1965	0.191
2932	2931	0.674
2932	6608	0.193
2932	4137	0.312
2936	0	0
0	2937	0
92170	1730	0
92170	0	0
92170	5604	0.299
92170	4214	0.299
92170	2644	0
92170	6198	0.299
92170	5058	0.299
92170	5334	0.383
92170	5337	0
92170	23647	0
92170	5894	0.299
92170	5901	0.995
92170	5879	0.995
92170	5879	0.995
92170	387	0.995
92170	6093	0.299
92170	8936	0
92170	10163	0
92170	10810	0
2792	5595	0.204
2792	5595	0.204
2792	5594	0.28
2792	175	0.308
2792	2782	0.995
2792	3672	0
2792	4214	0.299
2792	5335	0.383
2792	5879	0.995
2792	8720	0.43
2792	6464	0.256
3002	637	0.299
3002	842	0.56
3002	842	0.56
3002	5864	0.531
0	581	0
0	0	0
10542	0	0
10542	0	0
10542	842	0.22
10542	2185	0.169
9734	7088	0.536
9734	51176	0.135
3065	6615	0.294
8841	2033	0.468
3091	637	0.262
3091	8874	0.391
3091	664	0.465
3091	665	0.347
3091	5366	0.668
27102	1965	0.206
3315	836	0.18
3315	1616	0.49
3315	1329	0
3337	4193	0.325
3337	7314	0.668
3308	317	0.873
3308	9131	0.075
3320	196	0.402
3320	317	0.489
3320	332	0.461
3320	5728	0.366
5688	8544	0.289
3364	545	0.668
0	207	0
0	1994	0
0	7157	0
248	842	0.266
29851	1455	0
1676	790	0.327
1676	790	0.327
1676	1677	0.327
8837	841	0.354
8837	8772	0.598
8837	8772	0.598
3458	3459	0.226
3458	3717	0.708
3459	3308	0.075
3459	3716	0.28
3459	3717	0.204
3459	9093	0.308
3459	30851	0.388
3479	3480	0.384
3480	207	0.413
3480	5535	0
3480	8536	0.338
3480	5595	0.324
3480	5594	0.378
3480	3667	0.428
3480	4772	0.157
3480	5290	0.412
3480	5578	0.402
3480	6464	0.475
3480	7410	0.207
3480	408	0.224
3480	2887	0.359
4792	3558	0.142
4792	3558	0.142
4792	3565	0.299
4792	3565	0.299
4792	4790	0.394
4792	4790	0.394
4792	50818	0
4792	5970	0.482
4793	0	0
4793	4790	0.199
3551	4792	0.421
3551	4790	0.196
1147	4792	0.354
1147	4790	0.207
8517	4792	0.499
8517	4790	0.225
3595	3717	0
3552	3576	0.587
3553	3554	0.309
3553	5606	0.217
3554	51295	0.214
3554	7189	0.226
3565	3566	0.279
3569	3570	0.419
3838	5901	0.373
3643	3667	0.396
3643	5608	0.177
3643	6464	0.51
3643	6776	0.668
3643	10603	0.17
3643	2887	0.202
3643	8660	0.668
0	3643	0
808	207	0.349
808	0	0
808	3708	0.196
808	50818	0
3708	0	0
3708	84876	0.515
3654	10454	0.186
3654	23118	0.201
3654	7097	0.344
3654	7099	0.241
3654	7189	0.398
3667	5595	0.318
3667	2885	0.506
3667	5290	0.18
3667	4690	0.479
148022	9641	0.508
148022	29110	0.254
3672	332	0.377
3672	836	0.187
3672	2353	0.262
3672	5290	0.187
3672	5977	0.051
3672	331	0.267
3688	5595	0.362
3688	5747	0.439
3688	2309	0.279
3688	3717	0.261
3688	2185	0.199
3688	6464	0.271
3688	6464	0.271
3688	3611	0.375
3716	3717	0.631
3716	6464	0.499
3716	6772	0.331
3716	6773	0.33
3716	6774	0.355
3716	3718	0.781
3716	6646	0.31
3716	6778	0.54
3717	3716	0.631
3717	55566	0
3717	6772	0.348
3717	6774	0.318
3717	6776	0.668
3717	7297	0.609
5599	1386	0.225
5599	572	0.352
5599	596	0.264
5599	596	0.264
5599	637	0.241
5599	834	0.385
5599	3725	0.215
5599	2002	0.158
5599	356	0.268
5599	2353	0.196
5599	5601	0.551
5599	5604	0.65
5599	4772	0.179
5599	7157	0.265
5599	6464	0.327
5599	4137	0.274
5599	3172	0.18
5599	10018	0.25
5599	90427	0.668
5599	4170	0.219
5599	319	0.11
6416	5599	0.554
6416	5600	0.753
6416	5601	0.538
6416	1432	0.648
6416	8660	0.668
6416	5602	0.628
3726	2625	0.562
0	207	0
3912	7314	0
27040	2885	0.503
27040	5335	0.405
3932	5335	0.452
3932	5894	0.447
3932	7410	0.22
3932	7535	0.432
3932	916	0.384
3932	10870	0.393
3932	83696	0
3952	3953	0
3953	5562	0.189
3984	317	0.23
3984	1073	0.668
3984	1072	0.668
7376	9971	0.464
4067	695	0.585
4067	5295	0.236
4067	5335	0.482
4067	5879	0.429
4067	6464	0.433
4067	7409	0.206
4067	203068	0.224
4067	613	0.623
4067	930	0.819
8567	6416	0.249
11184	5594	0.64
11184	5599	0.579
11183	4214	0.654
5600	2002	0.173
5600	5605	0.563
5600	8569	0.68
5600	9252	0.712
5600	2872	0.68
5600	1649	0.242
5600	7867	0.767
5600	7020	0.128
5600	8986	0.606
5603	1050	0.195
5603	29904	0.497
5601	1386	0.24
5601	3725	0.256
5601	5595	0.604
5601	2353	0.262
5601	2353	0.262
5601	5544	0
5601	0	0
5601	3558	0.137
5601	3565	0.323
5601	3717	0.347
5601	6351	0.303
5601	4772	0.273
5601	7157	0.265
5601	6196	0.544
5601	2185	0.477
5601	6464	0.301
5601	319	0.154
9261	3150	0.09
9261	3315	0.213
9261	9252	0.667
4082	5535	0
53615	6615	0.221
1729	317	0.396
1729	10458	0.329
1729	6714	0.455
4193	2033	0.278
4193	7157	0.535
4193	408	0.351
4193	7158	0.384
4205	10014	0.472
4205	9734	0.408
4209	5535	0
5604	596	0.174
5604	823	0.301
5604	1385	0.116
5604	2002	0.126
5604	5595	0.501
5604	5594	0.636
5604	2353	0.157
5604	6416	0.688
5604	5601	0.47
5604	4638	0.56
5604	9252	0.665
5604	6198	0.792
5604	6196	0.794
5604	6197	0.719
5604	9612	0.171
5604	6654	0.284
5604	280979	0
5604	10018	0.194
5604	10818	0.263
5604	4170	0.182
5604	8986	0.573
5605	1385	0.13
5605	5595	0.426
5605	5594	0.53
5605	3315	0.288
5605	5604	0.814
5606	5599	0.358
5606	5600	0.318
5606	5603	0.318
5606	1432	0.247
5608	5599	0.358
5608	5600	0.318
5608	5603	0.318
5608	4790	0.255
5608	1432	0.247
5608	6300	0.328
4214	1147	0.542
4214	5599	0.65
4214	6416	0.697
4214	5604	0.647
4214	5606	0.553
4214	5609	0.633
4214	1432	0.652
4214	9612	0.318
4214	6885	0.736
4214	2043	0.561
4214	6548	0.222
4233	355	0.356
4233	6774	0.371
2117	11218	0
2117	1874	0.856
2911	2776	0.429
2911	2767	0.385
2911	23236	0.132
2911	0	0
2911	0	0
9734	4205	0.408
5609	5599	0.469
5609	5601	0.367
5609	5602	0.532
1843	5594	0.331
1843	3320	0.287
1843	5599	0.29
1843	5600	0.348
1843	5603	0.348
1843	1432	0.307
1843	1432	0.307
1843	6300	0.329
23209	5829	0.281
4638	23209	0.232
4638	103910	0.668
4638	4542	0.115
4638	9220	0
4638	3680	0
4660	103910	0
4660	9220	0
4660	3680	0
4293	6416	0.655
4293	5608	0.266
4293	5609	0.512
8569	1977	0.389
103910	4542	0.249
9252	1385	0.202
9252	1978	0.235
9252	466	0.256
2475	10682	0.055
2475	1978	0.175
2475	6198	0.471
2475	5524	0.222
4615	3654	0.307
4615	4214	0.272
4615	9020	0.274
4615	7124	0.588
4615	51135	0.274
4661	891	0.043
4661	983	0.021
4738	5715	0.345
4772	356	0.197
4772	4205	0.642
4790	1387	0.564
4790	5595	0.222
4790	8439	0.224
4790	356	0.267
4790	248	0.078
4790	3458	0.226
4790	4792	0.394
4790	3551	0.196
4790	8517	0.225
4790	3558	0.107
4790	3565	0.237
4790	3569	0.238
4803	4914	0.123
4804	5879	0.344
9020	3551	0.576
9020	1147	0.567
9020	4214	0.735
9020	4690	0.243
51701	3172	0.331
51701	51176	0.274
4842	1487	0.332
4842	387	0.184
4842	0	0
4846	5138	0.276
4846	5138	0.276
27035	0	0
5579	4792	0.289
5579	5604	0.477
5579	5879	0.314
4909	4915	0
4914	1398	0.25
4914	5598	0.259
4914	2885	0.301
4914	3667	0.224
4914	5290	0.434
4914	5335	0.333
4914	6464	0.317
4914	9743	0.668
3164	581	0.273
3164	596	0.353
0	0	0
5933	898	0.356
5933	7027	0.716
4839	6774	0.354
5295	5290	0.157
5295	6654	0.259
5295	5291	0.166
9564	2889	0.397
9564	1398	0.387
1029	1869	0.446
1029	4193	0.414
1029	5290	0.162
1029	5925	0.463
1030	1021	0.261
1031	1019	0.292
2909	29984	0
2909	0	0
5375	2776	0.021
5375	2776	0.021
5375	2931	0.024
5375	2931	0.024
1026	10097	0.087
1026	10096	0.251
1026	890	0.668
1026	898	0.247
1026	983	0.427
1026	1017	0.365
1026	1017	0.365
1026	1019	0.361
1026	51085	0.116
1026	5544	0
1026	5111	0.287
1026	5313	0
5715	1017	0.239
2033	4286	0.257
2033	3164	0.298
2033	7157	0.419
1432	1386	0.245
1432	0	0
1432	1050	0.252
1432	3725	0.188
1432	2002	0.153
1432	5601	0.682
1432	9261	0.689
1432	4205	0.203
1432	5604	0.726
1432	5605	0.621
1432	8569	0.602
1432	9252	0.639
1432	4772	0.197
1432	8874	0.216
1432	8550	0.704
1432	5925	0.244
1432	9612	0.203
1432	6667	0.244
1432	6772	0.18
1432	4207	0
1432	79092	0.151
1432	9373	0.668
1432	2872	0.602
1432	1649	0.301
1432	7867	0.768
1432	7020	0.123
1432	8986	0.558
8874	207	0.238
8874	392	0.295
8874	998	0.432
8874	4792	0.437
8874	2033	0.167
8874	55566	0
8874	5970	0.244
7157	472	0.269
7157	578	0.323
7157	581	0.299
7157	596	0.503
7157	598	0.44
7157	637	0.211
7157	638	0.668
7157	1017	0.181
7157	355	0.363
7157	1647	0.668
7157	4193	0.535
7157	1029	0.484
7157	1026	0.31
7157	84172	0.668
7157	7314	0.668
7157	665	0.317
7157	666	0.297
7157	5366	0.668
7157	27113	0.668
4688	5879	0.247
6198	572	0.214
6198	1390	0.238
6198	2932	0.483
6198	6194	0.277
6198	5704	0.445
6198	29904	0.518
6198	0	0
7161	5544	0
7161	27113	0.668
6196	472	0.592
6196	545	0.648
6196	572	0.214
6196	572	0.214
6196	1385	0.141
6196	4661	0.029
6196	29904	0.506
26986	1981	0.606
5054	5327	0.312
5058	25	0.406
5058	10097	0.239
5058	10096	0.367
5058	572	0.211
5058	6416	0.731
5058	3984	0.706
5058	5604	0.677
5058	4214	0.668
5058	4638	0.607
5058	103910	0.668
5058	8874	0.254
5058	5894	0.72
5058	387	0.369
5058	6853	0.232
5062	4214	0.719
5074	2782	0.39
5074	2768	0.236
5074	10672	0.228
5074	2792	0
142	4790	0.469
142	9131	0.279
2324	27124	0
5111	1019	0.261
5138	820	0.668
5145	0	0
5148	5145	0
5156	808	0.181
5156	5290	0.46
5156	8720	0.228
5156	6772	0.321
5156	6774	0.258
5163	207	0.488
5164	207	0.646
5164	207	0.646
5164	5163	0.653
5164	50818	0
27043	1234	0.189
27043	7852	0.211
27043	5595	0.277
27043	0	0
27043	6714	0.225
5187	406	0.496
5187	406	0.496
5187	9575	0.608
5187	54205	0.173
5187	1195	0
9451	1965	0.211
9451	1965	0.211
5216	71	0.244
10891	2099	0.408
10891	10011	0.479
5290	207	0.499
5290	207	0.499
5290	10575	0.176
5290	998	0.281
5290	5598	0.187
5290	51341	0.052
5290	6517	0.167
5290	5604	0.634
5290	4790	0.149
5290	1432	0.597
5290	27124	0
5290	2185	0.516
5290	5879	0.284
5290	7409	0.148
5290	3611	0.611
5290	0	0
5290	0	0
5290	10000	0.644
5294	2185	0.5
5294	5829	0.185
8394	2934	0.332
8394	27124	0
27124	196	0
27124	1234	0
27124	1605	0
27124	1040	0
27124	5595	0
27124	2934	0
27124	2690	0
27124	808	0
27124	4790	0
27124	5163	0
27124	3632	0
27124	3632	0
27124	50818	0
27124	6502	0
3632	207	0.23
3632	9181	0.218
3632	5163	0.342
3632	27124	0
5567	572	0.427
5567	824	0.282
5567	51085	0.214
5567	1385	0.263
5567	1390	0.321
5567	84152	0
5567	4772	0.271
5567	1026	0.468
5567	5524	0.362
5567	6608	0.204
50818	596	0
50818	0	0
50818	23523	0
50818	5535	0
50818	50820	0
50818	1605	0
50818	1956	0
50818	1977	0
50818	1981	0
50818	1981	0
50818	2002	0
50818	0	0
50818	2931	0
50818	3672	0
50818	4082	0
50818	4790	0
50818	4842	0
50818	6198	0
50818	2185	0
50818	5883	0
50818	5894	0
50818	5879	0
50818	8720	0
50818	5704	0
50818	8877	0
50818	5587	0
50818	5589	0
50818	10235	0
50818	6548	0
5578	25	0.439
5578	596	0.299
5578	1977	0.202
5578	2931	0.687
5578	3667	0.285
5578	4082	0.2
5578	2911	0.208
5578	4842	0.205
5578	23236	0.329
5578	5728	0.373
5578	5894	0.681
5578	108	0.295
5578	111	0.226
5578	118	0.161
5578	2890	0.186
5578	156	0.564
5578	94274	0
5578	1716	0.347
5578	1759	0.37
5578	23114	0.668
5578	2554	0.019
5578	2596	0.668
5578	2741	0.192
5578	2897	0
5578	775	0.204
5578	4133	0.226
5578	4155	0.668
5578	2917	0.052
5578	282378	0
5578	2903	0.193
5578	774	0.209
5578	9373	0.668
5578	490	0.668
5578	10125	0.025
5578	25780	0.021
5578	6616	0.668
5585	94274	0
5610	1965	0.41
5610	1965	0.41
5610	7099	0.124
3936	2243	0.155
23236	1605	0.146
23236	808	0.397
23236	27124	0
23236	0	0
23236	0	0
5335	0	0
5335	1605	0.204
5335	1973	0.239
5335	808	0.311
5335	5290	0.267
5335	27124	0
5335	50818	0
5335	0	0
5335	0	0
5335	0	0
5340	3936	0.13
5347	4661	0.028
1263	995	0.353
1263	7157	0.246
23647	317	0.445
5464	572	0
5524	207	0.479
5524	324	0.281
5524	8312	0.414
5524	8312	0.414
5524	572	0.363
5524	51085	0.318
5524	84152	0.316
5524	10682	0.126
5524	6416	0.214
5524	5609	0.346
5524	5728	0.306
5524	4137	0.184
5524	408	0.401
5495	84152	0
8125	317	0.447
8125	836	0.176
5465	3320	0.253
5465	4792	0.281
5465	5601	0.248
5465	9612	0.17
5465	6714	0.202
8550	3315	0.23
5551	1017	0.223
5663	1499	0.256
5663	7314	0.668
5726	983	0
5728	5747	0.408
5728	5290	0.284
5728	27124	0
5728	3632	0.553
5728	0	0
2185	1956	0.518
2185	2309	0.142
2185	2885	0.187
2185	5599	0.516
2185	4205	0.131
2185	5606	0.199
2185	1432	0.576
2185	5879	0.246
2185	6464	0.386
2185	6714	0.458
2185	7248	0.172
2185	3737	0.267
5829	1398	0.338
5829	2534	0.251
5829	9564	0.387
5829	7094	0.485
5829	3611	0.322
5888	675	0.461
5883	596	0.417
5883	598	0.557
5894	572	0.224
5894	11184	0.69
5894	5604	0.688
5894	5605	0.564
8738	835	0.527
5898	10928	0.198
10928	207	0.371
10928	998	0.43
10928	998	0.43
10928	5879	0.453
5900	5898	0.367
5903	5901	0.208
5906	673	0.221
5908	5595	0.292
5908	5879	0.637
5908	29984	0.995
5914	1499	0.529
5879	317	0.377
5879	5595	0.423
5879	5594	0.417
5879	0	0
5879	4214	0.446
5879	4293	0.293
5879	56259	0.503
5879	4790	0.293
5879	1432	0.284
5879	4688	0.247
5879	5058	0.308
5879	5290	0.284
5879	5894	0.319
5879	5900	0.251
5879	6714	0.361
5879	7430	0.307
5879	673	0.35
5879	369	0.321
5879	5291	0.274
5923	207	0
5923	5879	0
5923	4893	0
5925	890	0.668
5925	891	0.399
5925	898	0.478
5925	7027	0.347
5925	1869	0.642
5925	4800	0.467
5925	84172	0.668
5970	3576	0.164
5649	7804	0.072
5649	3688	0.114
5649	7436	0.067
29984	1729	0
29984	6093	0.299
29984	280979	0
387	5747	0.401
387	0	0
387	4792	0.283
387	5599	0.306
387	1729	0.303
387	50818	0
387	5829	0.419
387	9475	0.306
387	280979	0
387	5589	0.144
0	0	0
10160	10672	0
10160	5585	0
10160	5585	0
10160	387	0
8737	9020	0.541
8737	142	0.479
8737	4215	0.531
8737	8476	0.547
9978	4088	0.264
6093	3984	0.779
6093	23209	0.232
6093	4638	0.676
6093	4660	0
6093	103910	0.668
6093	4542	0.115
6093	1488	0.668
6093	2623	0.155
9475	3984	0.56
9475	4660	0
9475	103910	0.668
9475	94274	0
9475	1808	0.301
9475	832	0.249
6098	2309	0.278
6197	572	0.441
6197	1385	0.141
6197	2353	0.224
6197	8290	0.668
55811	51761	0
6295	29984	0
56681	4087	0
56681	7046	0
6387	175	0
6387	2776	0.337
6387	2792	0
462	2147	0.261
462	2152	0.565
6464	5595	0.307
6464	2885	0.572
6464	5290	0.397
6464	5879	0.302
6464	6654	0.197
6464	3635	0.668
5777	3716	0.421
5777	3717	0.372
5777	6464	0.255
5777	6776	0.668
5777	7409	0.227
5777	367	0.264
5777	3937	0.668
5777	6778	0.405
5777	1500	0.3
5777	3815	0.38
5781	2549	0.438
5781	2885	0.37
5781	5604	0.294
5781	5290	0.303
5781	5829	0.227
5781	5829	0.227
5781	10252	0.668
5781	9846	0.348
25942	0	0
51763	50818	0
6500	4088	0.178
6500	4851	0.244
6500	2059	0.323
6500	4855	0.275
6500	6929	0.16
4088	9734	0.415
4088	4089	0.691
4089	993	0.197
4089	10140	0.191
4089	51176	0.523
4089	367	0.579
4089	2059	0.194
4089	126961	0
4089	5430	0.391
4090	1386	0.172
4091	4086	0.592
4092	4087	0.692
4092	4088	0.621
6608	2735	0.229
6608	2736	0.204
6608	2737	0.209
6608	4088	0.214
6608	6667	0.218
6608	10499	0.27
6608	1855	0.298
6608	1308	0.668
6608	5899	0.218
6609	581	0.668
6609	4214	0.668
6609	1329	0
6610	6609	0
9612	2099	0.191
9612	2100	0.322
9612	5241	0.371
6615	999	0.268
6615	1588	0.022
6647	0	0
9530	7132	0.231
9530	8717	0.042
9530	1796	0.072
9530	10657	0.508
9530	1646	0.126
9530	3691	0.046
9530	3815	0.165
9530	6934	0.153
6654	92170	0
6654	5879	0.223
6654	4893	0.286
6655	8874	0.668
6655	8874	0.668
6670	6667	0.668
8877	8720	0.173
10252	867	0.668
10252	1950	0.668
10252	9628	0.668
10252	2885	0.668
10252	5787	0.668
6714	2889	0.199
6714	867	0.485
6714	1956	0.508
6714	5747	0.592
6714	3716	0.531
6714	5604	0.476
6714	9564	0.275
6714	2909	0
6714	5335	0.349
6714	2185	0.458
6714	5829	0.207
6714	5879	0.361
6714	387	0.275
6714	6464	0.624
6714	25942	0.281
6714	6774	0.282
6714	6850	0.647
6714	7410	0.199
6714	156	0.501
6714	156	0.501
6714	2017	0.668
6714	1759	0.293
6714	2554	0.023
6714	28964	0.668
6714	2741	0.182
6714	775	0.188
6714	4593	0.46
6714	2903	0.182
6714	10657	0.314
6714	6712	0
6714	10188	0.559
6714	10000	0.488
6714	50807	0.668
6714	858	0.275
6714	2059	0.333
6714	9846	0.303
6714	28996	0.395
6714	3815	0.46
6714	5359	0.387
6714	10044	0.306
6714	6934	0.341
6722	2626	0.643
6772	10379	0.668
6773	10379	0.668
6774	2588	0
6774	148022	0.37
6774	6772	0.659
51684	1499	0.533
51684	6608	0.317
51684	6935	0.479
51684	1856	0.292
51684	3691	0.299
51684	3815	0.356
51684	5037	0.45
7341	1487	0.306
6850	29760	0.293
6850	27040	0.247
6850	5335	0.322
6850	6464	0.597
6850	7409	0.192
6850	203068	0.274
6850	5336	0.338
6850	3937	0.668
10454	5606	0.397
10454	9020	0.267
10454	51701	0.193
10454	1432	0.211
10454	6885	0.216
23118	6885	0.238
6885	5599	0.612
6885	6416	0.715
6885	5604	0.678
6885	5606	0.252
6885	5608	0.252
6885	5609	0.434
6885	9020	0.746
6885	51701	0.566
6885	6608	0.256
6885	10454	0.216
6885	10000	0.692
6885	28996	0.505
2783	0	0
6909	1029	0.34
7015	5728	0.226
7015	5728	0.226
7031	317	0.668
7031	2688	0.668
7031	3688	0.668
7032	317	0.668
7032	2688	0.668
7032	3688	0.668
7040	7046	0.356
7046	4087	0.505
7046	4088	0.384
7046	6885	0.529
7046	7048	0.847
7046	960	0.358
7046	2022	0.651
7046	2339	0.301
7046	5520	0.245
7048	10454	0.203
7048	7046	0.847
7048	7049	0.852
7048	23002	0.233
7048	8668	0.207
7048	2022	0.712
7049	7040	0.419
9093	3551	0.352
9093	3717	0.388
10499	367	0.231
7124	7132	0.287
7124	7133	0.399
7132	6416	0.334
7132	8717	0.3
7133	7186	0.44
8658	5728	0.252
8717	8772	0.53
8717	8737	0.544
8717	7186	0.452
7186	4217	0.5
7186	4217	0.5
7186	60489	0.302
7186	4792	0.515
7186	4023	0.294
7186	5604	0.316
7186	9525	0.25
7186	9525	0.25
7186	4790	0.196
7186	7157	0.436
7186	6885	0.362
7186	330	0.374
7186	29843	0.259
7189	51295	0.269
7189	1147	0.305
7189	5606	0.567
7189	4214	0.594
7189	10454	0.231
7189	23118	0.243
7189	6885	0.328
7204	5879	0.251
7001	8841	0.048
7248	6097	0.191
7249	7248	0.519
7249	54386	0.668
7275	2776	0.677
7291	1029	0.435
2793	5145	0.346
2793	2783	0.332
7297	6772	0.277
7297	6773	0.357
7297	6775	0
7314	581	0.668
7314	5694	0
7314	1629	0
7314	4040	0.668
7314	5715	0.668
7409	207	0.152
7409	5879	0.223
7409	29984	0
7409	387	0.252
7410	207	0.163
7410	392	0.304
7410	998	0.249
7410	5879	0.251
7422	3091	0.355
3791	207	0.414
3791	207	0.414
3791	5747	0.472
3791	5290	0.498
3791	5335	0.404
3791	6464	0.536
7434	820	0
8936	317	0.313
8936	10095	0.37
10163	317	0.341
10810	317	0
11197	7471	0.226
7471	8321	0.449
7471	8321	0.449
7471	3691	0.497
9049	196	0.27
9049	317	0.223
9049	3320	0.228
7498	0	0
331	332	0.341
331	836	0.308
331	840	0.351
331	842	0.43
331	842	0.43
331	1111	0.456
331	56616	0.668
331	5599	0.479
331	10454	0.512
331	6885	0.448
331	150684	0.279
7535	22915	0
7535	7410	0.235
7535	203068	0.224
7535	3937	0.668
6935	999	0.211
134	2773	0.167
134	0	0
135	0	0
135	0	0
8	5578	0
107	820	0
108	820	0.25
111	820	0.25
2261	1139	0.127
2261	1128	0.216
2261	1129	0.349
2261	1132	0
162	1211	0.345
162	1759	0.527
162	2554	0.025
0	134	0
0	135	0
952	0	0
148	2776	0.207
148	2767	0.212
148	0	0
150	2773	0.274
150	2775	0.303
150	0	0
1139	0	0
29091	6616	0
29091	6809	0
2890	0	0
0	1268	0
0	1269	0
64682	1499	0
57448	842	0.44
57448	56616	0.668
57448	27429	0.333
10603	867	0.254
10603	7410	0.33
55738	0	0
10564	0	0
9266	0	0
10095	280979	0
9532	596	0.423
9532	5894	0.548
10134	596	0.668
10134	598	0.668
10134	841	0.668
156	185	0.312
156	154	0.191
156	2776	0.351
156	1813	0.196
156	1129	0
156	4988	0.161
156	11318	0
156	367	0.208
627	4915	0
408	185	0.273
408	4217	0.383
408	154	0.219
408	8215	0
408	8321	0.33
408	175	0
408	4792	0.499
408	3667	0.413
408	5604	0.299
408	1432	0.247
408	5290	0.157
408	5894	0.208
408	387	0.216
408	6714	0.315
408	4988	0.168
408	2150	0.271
408	5144	0.381
408	367	0.48
408	5602	0.2
408	5602	0.2
408	64414	0
10018	578	0.396
10018	581	0.287
10018	596	0.25
10018	598	0.347
10018	599	0.415
10018	4170	0.317
3309	0	0
623	2776	0.668
623	2767	0.167
623	2773	0.167
623	0	0
0	623	0
673	11184	0.698
673	5604	0.631
673	5605	0.522
0	6261	0
9478	815	0.256
0	572	0
0	1385	0
0	84152	0
0	3708	0
0	4772	0
0	4842	0
0	4137	0
0	814	0
0	2554	0
0	5502	0
0	775	0
0	4133	0
0	2903	0
0	84867	0
0	6853	0
0	203068	0
801	3708	0
801	4082	0
801	4638	0
801	4842	0
801	23236	0
801	5923	0
801	107	0
801	118	0
801	9495	0
801	156	0
801	0	0
801	815	0
801	814	0
801	10645	0
801	1813	0
801	1612	0
801	29904	0
801	8826	0
801	2917	0
801	10497	0
801	2903	0
801	27360	0
801	5136	0
801	5153	0
801	5137	0
801	490	0
801	5864	0
801	4893	0
801	53827	0
801	6014	0
801	9610	0
801	6261	0
801	6712	0
801	9218	0
815	1385	0.164
815	4842	0.203
815	5923	0
815	6885	0.594
815	2890	0.225
815	3751	0.261
815	4133	0.282
815	774	0.255
815	5527	0.304
815	22895	0.247
815	9743	0.668
815	6261	0.36
815	1739	0.315
815	84687	0.282
815	6853	0.269
815	6857	0.247
815	8831	0
815	6809	0.31
815	7074	0
815	9846	0.257
814	1385	0
814	1390	0
814	4842	0
814	6853	0
10645	207	0.402
10645	8536	0.329
10645	814	0
9647	8536	0.357
9647	815	0.373
9647	814	0
11069	22999	0.261
10156	4893	0
53944	4772	0
53944	4137	0
53944	286	0
53944	1855	0
53944	5055	0
53944	490	0
53944	6809	0
53944	10716	0
857	2534	0.305
1268	2773	0.449
1268	2775	0.449
1268	0	0
1269	2773	0
1269	2775	0
1269	0	0
868	1398	0.668
868	1956	0.668
868	2534	0.668
868	2885	0.668
868	3932	0.668
868	5290	0.668
868	6464	0.668
868	6714	0.668
868	7410	0.668
868	9846	0.668
64781	5894	0.266
0	5578	0
0	64781	0
0	5501	0
0	5527	0
0	5138	0
0	5139	0
0	5140	0
0	5593	0
0	6855	0
330	836	0.346
330	840	0.421
330	841	0.305
330	56616	0.668
330	8915	0.235
1072	280979	0
1277	3688	0.317
94274	4660	0
1808	203068	0.299
80331	0	0
80331	774	0
1329	317	0
1812	2773	0.244
1812	0	0
1812	0	0
1813	2773	0.174
1813	2775	0.168
1813	2781	0.195
1813	0	0
1814	2885	0.234
1814	2773	0.206
1814	2775	0.191
1814	0	0
1612	6809	0.301
0	317	0
1636	0	0
1716	1605	0
1855	8312	0.553
1855	2149	0.323
8448	10497	0.668
1796	5921	0.668
4985	2773	0.273
4985	2775	0.243
4985	0	0
1859	1965	0.166
1859	4137	0.238
1859	7321	0.472
29904	1938	0.258
23362	0	0
8669	1982	0.813
6456	1601	0.313
6456	1856	0.693
6456	3815	0.479
6456	5037	0.332
5179	4985	0.301
5179	4986	0.301
5179	4988	0.208
5179	4987	0.301
1948	1796	0.668
1948	5921	0.363
0	1948	0
55914	4088	0.208
2241	1499	0.229
2335	3688	0.678
3350	2773	0.254
3350	0	0
3350	2781	0.277
3350	0	0
3356	2776	0.125
3356	0	0
3360	0	0
3360	0	0
11146	0	0
8637	1977	0.248
0	2550	0
2554	0	0
2550	2775	0.207
2550	0	0
10287	2776	0.453
2773	108	0.119
2773	111	0.072
0	107	0
0	108	0
0	111	0
2781	107	0.181
2781	111	0.062
6507	0	0
0	3667	0
0	5290	0
0	23236	0
0	107	0
0	108	0
0	156	0
0	3760	0
0	3736	0
0	774	0
0	773	0
0	5921	0
0	6809	0
2668	5947	0.034
3760	0	0
9229	4842	0.668
0	2911	0
0	2890	0
0	2897	0
0	2917	0
0	2903	0
0	2741	0
0	2903	0
6536	0	0
2887	5290	0.189
9743	207	0.668
9743	392	0.668
9743	998	0.668
3055	5335	0.299
3055	2005	0.17
3055	2697	0.223
3055	5801	0.38
3208	4671	0.337
9455	6261	0
5502	5501	0.208
3611	207	0.531
3611	2931	0.761
3611	94274	0
3611	10000	0.649
5055	5501	0
0	3708	0
8826	4893	0.286
8660	5295	0.668
8660	5290	0.668
8660	5296	0.668
9479	5599	0.365
9479	6416	0.274
9479	5609	0.362
9479	1432	0.199
9479	5923	0
9479	8788	0
9479	4294	0.095
9479	7074	0
0	0	0
3761	0	0
3766	0	0
4986	2773	0.276
4986	2775	0.245
4986	0	0
10256	5894	0.21
3736	0	0
3737	0	0
3739	0	0
3750	0	0
3751	0	0
3897	7430	0
23365	392	0.352
51176	4286	0.501
28992	8321	0.248
775	0	0
1128	2776	0.374
1128	2767	0.374
1128	0	0
1129	2773	0.467
1129	2775	0.467
1129	0	0
1132	1917	0
1132	2773	0
1132	0	0
10746	5594	0.769
10746	6416	0.741
10746	5609	0.647
10746	60675	0.239
10746	5607	0.741
8491	1432	0.639
50488	1432	0.639
10746	6416	0.741
4215	6416	0.822
4215	5609	0.442
4215	8491	0.711
4215	5607	0.822
4216	6416	0.652
4216	5609	0.397
4216	8491	0.578
4216	50488	0.578
2917	2773	0.165
2917	2775	0.154
2917	0	0
11221	5599	0.172
11221	5600	0.225
11221	5603	0.225
11221	5601	0.126
11221	1432	0.199
11221	5602	0.17
11221	6300	0.194
4294	6416	0.515
4294	5609	0.302
4294	1742	0.117
4294	6416	0.515
79092	1977	0.151
4988	2773	0.305
4988	2775	0.278
4988	0	0
8649	5594	0.248
8649	11184	0.2
10497	6809	0.274
25924	815	0.316
2035	2890	0.193
4671	836	0.176
4671	840	0.282
4671	842	0.234
85407	8215	0
85407	8321	0.668
4690	25	0.199
4690	5058	0.238
4690	8976	0.427
1991	154	0.173
1991	148	0.088
1991	150	0.233
4763	4893	0.286
2903	0	0
2903	5335	0.258
2903	1741	0.27
0	2983	0
4987	2773	0.364
4987	2775	0.314
4987	0	0
9518	2064	0
774	0	0
7533	572	0.315
7533	3667	0.521
7533	4772	0.219
7533	5894	0.249
7533	673	0.234
7533	1072	0.668
7533	2308	0.348
7533	7158	0.248
7533	9610	0.668
0	23236	0
0	5501	0
0	30011	0
5828	5724	0.058
5724	2776	0.252
5724	2773	0.312
5724	2775	0.248
5724	0	0
2150	2776	0.367
2150	0	0
8850	367	0.291
5136	0	0
5153	0	0
5137	0	0
5139	820	0
5140	820	0.668
5141	820	0.668
5142	820	0.195
5143	820	0
5144	820	0.668
8654	0	0
5154	5159	0.49
5159	5335	0.443
5159	5781	0.31
5159	10603	0.208
29943	0	0
5170	207	0.558
5170	6198	0.603
5170	6196	0.617
5170	50818	0
5170	5578	0.643
5170	6195	0.648
5170	10000	0.599
5170	5590	0.607
9693	54386	0.668
9693	5911	0.152
2983	0	0
9463	2917	0.08
5300	3725	0.173
5300	1499	0.268
0	207	0
0	836	0
0	841	0
0	842	0
0	1605	0
0	2934	0
0	8936	0
0	9266	0
0	156	0
0	1759	0
0	3760	0
0	490	0
0	22895	0
0	6261	0
0	207	0
0	5578	0
0	7410	0
0	9266	0
0	3611	0
0	5170	0
0	30011	0
5305	0	0
5566	154	0.206
5566	572	0.385
5566	1387	0.214
5566	1385	0.244
5566	84152	0
5566	3708	0.168
5566	4772	0.239
5566	4790	0.201
5566	4842	0.184
5566	1432	0.529
5566	23236	0.324
5566	5335	0.417
5566	5894	0.496
5566	5894	0.496
5566	5906	0.225
5566	6714	0.443
5566	4137	0.344
5566	118	0.167
5566	2890	0.196
5566	2668	0.18
5566	673	0.457
5566	10645	0.289
5566	1812	0.2
5566	2316	0.339
5566	2554	0.022
5566	2741	0.203
5566	5502	0.245
5566	2897	0
5566	3761	0.27
5566	3751	0.218
5566	775	0.213
5566	4133	0.234
5566	2917	0.063
5566	8428	0.518
5566	2903	0.203
5566	5139	0
5566	5140	0.41
5566	5144	0.412
5566	8654	0.09
5566	490	0.668
5566	773	0.214
5566	22895	0.212
5566	54386	0.668
5566	22999	0.226
5566	23557	0.269
5566	84687	0.326
5566	84867	0.154
5566	6853	0.418
5566	64414	0
5566	5256	0.484
5587	7533	0.271
5587	9846	0.267
5593	1385	0
5593	4842	0.366
5593	952	0
5593	2917	0
5593	8654	0.253
5569	5566	0.467
10887	1965	0
9373	8	0
490	0	0
5501	596	0.324
5501	1385	0.274
5501	815	0.341
5501	1072	0.668
5501	2903	0.173
5527	207	0.229
5527	572	0.383
5527	596	0.232
5527	8536	0.334
5527	1385	0.151
5527	2931	0.249
5527	9564	0.397
5527	814	0
5527	1072	0.668
5527	775	0.245
5527	4744	0.141
5527	2903	0.235
5494	8312	0.429
5494	572	0.188
5536	4137	0.216
773	0	0
3276	10657	0.42
832	280979	0
832	0	0
1742	4130	0.241
5770	3643	0.307
5786	2534	0.313
5786	3932	0.367
5786	6714	0.274
2664	5864	0.267
22895	5864	0.248
23613	2534	0.234
54386	5894	0.668
54386	5900	0.668
54386	673	0.668
5909	5906	0.211
5909	54386	0.668
5911	5900	0.334
5911	4893	0.286
4893	5290	0.286
4893	5894	0.286
4893	5900	0.286
4893	673	0.286
4893	4296	0.286
5921	207	0.329
5921	5879	0.401
5921	4893	0.286
10125	4893	0.042
25780	54386	0.064
25780	4893	0.042
5947	2885	0.043
5947	6464	0.703
5997	2776	0.427
5997	2767	0.083
5997	2773	0.085
5999	2776	0.329
6009	5894	0.368
22999	10497	0.235
22999	7533	0.25
22999	5864	0.281
22999	22895	0.223
22999	6616	0.668
22999	6857	0.226
9610	4893	0.286
6195	572	0.392
6195	1385	0.131
6195	9978	0.405
6195	29904	0.443
6195	0	0
777	0	0
6261	0	0
0	5704	0
0	6729	0
10657	1387	0.234
1739	2897	0
11231	3309	0.233
11231	0	0
0	3350	0
0	3358	0
0	3356	0
0	3360	0
50944	8874	0.257
30011	3717	0.668
30011	10252	0.668
30011	89	0.668
30011	5947	0.043
6478	7410	0.334
10572	598	0.275
6616	774	0.668
23557	111	0.194
23557	6616	0.668
0	6507	0
0	3760	0
6717	6261	0.186
6494	54386	0.668
84687	5501	0.266
6729	0	0
6729	6734	0.976
6734	0	0
0	6751	0
0	6752	0
6751	2773	0.467
6751	2775	0.467
6751	0	0
6752	2773	0.098
6752	2775	0.108
6752	0	0
6752	30011	0.668
84867	5594	0.19
84867	8520	0.192
84867	11143	0.157
9900	6857	0.253
6853	280979	0
6853	2781	0.07
6857	775	0.212
6857	777	0
6857	6809	0.448
8831	4893	0
9751	6809	0.16
6809	3736	0.228
6809	774	0.264
0	6850	0
6932	6722	0.615
6932	51176	0.656
7454	10097	0.113
7454	1268	0
7074	207	0
4915	2534	0.313
4915	3667	0.142
4915	6464	0.222
4915	8660	0.271
5644	2150	0
203068	1759	0.303
7408	280979	0
7417	578	0.36
7417	578	0.36
7417	581	0.417
7417	1329	0
7448	3688	0.556
7443	1386	0.215
7475	8321	0.999
7475	28992	0.178
2872	1977	0.389
9611	2099	0.376
9611	5241	0.553
11318	408	0
43	317	0.164
43	1329	0
10188	7094	0.313
10188	7414	0.215
10188	4168	0.668
10000	572	0.325
10000	572	0.325
10000	581	0.222
10000	842	0.318
10000	2931	0.632
10000	7248	0.225
10000	331	0.441
10000	2308	0.286
10000	5140	0.314
51074	317	0.287
367	2770	0.292
367	2767	0.148
367	6772	0.645
367	2308	0.471
367	50807	0.668
367	4486	0.29
367	7329	0.412
369	5604	0.731
369	5605	0.59
369	7337	0.603
9459	207	0.225
9459	998	0.225
9459	5058	0.218
5414	331	0.31
50807	1029	0.668
50807	367	0.668
29108	581	0.543
57099	317	0.668
10017	581	0.641
23786	1329	0
599	572	0.279
599	578	0.886
599	581	0.641
599	637	0.403
599	638	0.668
599	10018	0.415
613	6850	0.696
51283	841	0
7009	581	0
90427	596	0.668
90427	598	0.668
90427	599	0.668
90427	4170	0.668
664	596	0.614
664	598	0.79
665	596	0.535
665	598	0.709
666	1329	0
9970	0	0
9970	5604	0.018
9970	156	0.024
9970	6646	0.08
1513	581	0.104
25776	1499	0.216
930	5295	0
930	7409	0
940	916	0.408
961	664	0.341
9350	7471	0.098
3880	842	0.199
1119	8312	0.135
1119	1499	0.099
1119	8215	0
4963	637	0
1195	5187	0
4934	572	0
4934	4772	0
10524	4851	0.347
10524	367	0.28
10524	351	0.303
10524	28514	0.331
10524	3714	0.358
10524	4853	0.346
10524	4854	0.668
10524	4855	0.224
84876	0	0
1410	581	0.588
1410	598	0.666
1410	836	0.211
1493	916	0.668
5478	9131	0.248
10870	5290	0.205
10870	5335	0.304
10870	7409	0.308
10870	3937	0.668
190	2099	0.489
190	7471	0.352
8771	356	0.42
22861	317	0.709
22861	842	0.56
11315	581	0.274
10294	581	0.276
140735	90427	0
7786	6416	0.674
7786	5609	0.609
1400	581	0.668
2100	2099	0.713
2065	5295	0.28
5783	841	0.387
5783	8772	0.289
2247	2263	0.217
2247	6383	0.268
2263	5335	0.328
2263	6464	0.396
2263	10818	0.224
2263	6646	0.317
9994	841	0.145
6422	8321	0.688
6422	7471	0.28
10818	2885	0.532
10818	5781	0.383
1	23368	0
2778	427	0.107
6540	5148	0
629	427	0.267
629	427	0.267
629	1956	0.128
629	5290	0.211
629	5879	0.189
629	156	0.18
629	1839	0.06
629	3339	0.108
23092	29984	0
9265	1029	0.022
1839	1956	0.081
3094	5894	0.292
8739	596	0.668
8739	598	0.668
8739	599	0.668
8739	4170	0.668
3329	836	0.297
3329	839	0.275
3303	9131	0
6383	2247	0.268
6383	2263	0.282
83696	6850	0
3802	5777	0.439
56998	1499	0.21
80319	8215	0
3440	3454	0.374
3454	3716	0.28
3454	7297	0.296
9641	3661	0.286
3596	3597	0.668
3596	3598	0
3597	3717	0.668
3597	7297	0.668
3597	3566	0.668
3598	3566	0.551
3561	3718	0.209
3566	3716	0.24
3566	3597	0.668
3566	3561	0.631
3570	3716	0.362
55437	331	0.668
4188	3172	0.668
3630	3643	0.293
51135	7189	0.334
11213	3654	0.714
11213	51135	0.475
3702	5335	0.289
3718	3716	0.781
5602	1386	0.182
5602	3725	0.136
5602	4772	0.152
5602	7157	0.181
5602	6464	0.331
5602	319	0.122
2547	581	0.193
607	1499	0.668
79444	836	0.31
79444	840	0.347
79444	842	0.533
4018	9170	0.198
4035	8312	0.207
4035	8321	0.35
4035	7471	0.272
9175	6416	0.576
9175	5609	0.564
1845	5599	0.146
1845	5601	0.111
1845	5602	0.154
64112	581	0.287
64112	596	0.409
64112	598	0.447
7867	3315	0.234
4170	578	0.705
4170	581	0.785
4170	10018	0.317
4170	1329	0
4170	666	0.679
7020	3725	0.665
5607	5598	0.374
9927	578	0.396
9927	581	0.287
1846	5595	0.105
1846	5594	0.146
1846	5599	0.122
1846	5601	0.095
1846	5602	0.139
1848	5595	0.168
1848	5594	0.217
1852	5595	0.357
1852	5594	0.367
4296	6416	0.609
4296	5609	0.516
4342	5604	0.604
4342	5605	0.437
8986	1385	0.233
8986	1978	0.221
8986	466	0.243
4836	637	0
5366	578	0.668
5366	581	0.668
5366	596	0.668
5366	598	0.668
5366	4170	0.668
10193	57448	0.665
55075	317	0.668
8976	280979	0
27429	331	0.333
27429	57448	0.333
27429	10456	0.234
5291	23368	0.668
5291	54545	0.668
925	8739	0.668
8503	5291	0.854
10714	2099	0.148
10714	10011	0.267
23368	5291	0.668
5296	5291	0.77
1844	5595	0.345
1844	5594	0.346
51237	842	0.668
79581	8215	0
64414	820	0
5256	5834	0.273
8554	4089	0.317
8554	6772	0.301
11040	572	0
5590	6198	0.719
5590	5037	0.242
3339	1605	0.267
3339	0	0
3339	0	0
5336	1605	0.223
5241	2099	0.543
5621	581	0.429
5757	8125	0
5757	1329	0
10076	3716	0.321
10076	6772	0.196
10076	7297	0.338
27113	581	0.668
27113	596	0.668
27113	598	0.668
27113	599	0.668
27113	4170	0.668
5834	5837	0
26108	607	0.668
10235	5879	0.099
11331	2099	0.157
5308	2770	0.19
5308	2776	0.158
5308	2778	0.156
8204	2099	0.147
1969	2885	0.249
1969	5335	0.384
1969	6464	0.381
1969	1	0
1969	23368	0.668
6259	8215	0
6259	8321	0.423
6296	473	0
23013	9611	0.591
23013	10011	0.512
23013	23426	0.373
8431	2099	0.222
6597	1499	0.477
6597	2099	0.347
1154	3643	0.668
1154	3716	0.668
1154	3717	0.668
56848	598	0.398
10011	2099	0.14
10011	10714	0.267
6646	1026	0.265
6646	6772	0.223
29110	3661	0.243
7006	7409	0.267
7006	1796	0.668
23389	2099	0
6097	1978	0.191
6097	6198	0.17
1326	5604	0.682
1326	5605	0.548
55240	665	0.668
7318	7189	0.168
8457	79370	0
54739	331	0
51776	6416	0.497
51776	5609	0.535
7791	7408	0.389
102	28514	0.336
6868	4851	0.202
83737	6456	0.306
83737	3815	0.381
25898	367	0.239
59343	6934	0.199
667	10048	0.335
667	7472	0.435
960	4088	0.201
960	4089	0.209
960	2059	0.241
1025	126961	0
4435	9846	0.19
1459	1855	0.346
1459	2059	0.356
1213	5781	0.184
1213	7471	0.239
1213	23426	0.319
1213	3636	0.252
10987	4089	0.35
1453	2059	0.323
1454	1855	0
10664	23002	0.175
23002	367	0.198
1601	3398	0.298
1601	3399	0.27
55802	7471	0.169
1999	1855	0.257
1999	1915	0.195
1999	9846	0.196
5045	4851	0.292
2535	6722	0.075
2535	1855	0.135
2535	1856	0.138
2535	2059	0.132
9846	6464	0.576
9846	5777	0.227
9846	6772	0.23
9846	6774	0.208
9846	7410	0.261
9846	2887	0.363
9846	5338	0.668
9846	5921	0.287
9846	634	0.306
9846	2060	0.29
9846	2059	0.44
9846	3875	0.259
9846	9063	0.273
9846	6004	0.255
9846	6777	0.309
9846	6934	0.218
8520	5781	0.309
8520	6774	0.207
8520	2887	0.302
8520	84867	0.192
8520	8290	0.668
8520	5515	0.668
8520	5801	0.346
8520	6929	0.152
8520	7050	0.173
11143	9978	0.668
11143	4087	0.668
11143	4088	0.668
11143	6774	0.668
11143	2887	0.668
11143	84867	0.157
11143	367	0.668
11143	9541	0.668
11143	5515	0.668
11143	5801	0.668
11143	9712	0.196
11143	10044	0.668
11143	6929	0.668
11143	7050	0.668
11143	8462	0.065
28996	2516	0.311
3815	6772	0.337
3815	6776	0.668
3815	7409	0.226
3815	161742	0.24
3815	200734	0.244
3815	6777	0.394
3955	4851	0
3955	4853	0
4242	28514	0
4242	182	0
4242	4853	0
9063	4089	0.281
4316	3691	0
8650	4851	0.668
56924	367	0.668
51588	51176	0.135
51588	6934	0.24
23509	4088	0
23509	1855	0
23509	2887	0
23509	4851	0
23509	858	0
23509	28514	0
23509	182	0
23509	5076	0.071
23509	5515	0
5515	815	0.668
5515	25898	0.668
5580	1601	0.197
5580	3655	0.668
5580	3691	0.228
5582	1601	0
5582	1856	0
5582	5037	0
8643	1796	0.14
8643	3815	0.182
5782	5359	0.367
5801	3055	0.38
5801	8520	0.346
5801	11143	0.668
10048	6608	0.267
2963	6608	0.668
2963	5801	0.668
2962	5430	0.398
2962	10048	0.271
2962	7472	0.249
9712	2668	0.111
9712	815	0.109
9712	4131	0.098
9712	25898	0.097
9712	8668	0.105
9712	2059	0.339
9712	4853	0.079
29843	10499	0.215
2516	51176	0.466
2516	4602	0.514
2516	6934	0.459
57154	4092	0.519
57154	7046	0.52
58533	4155	0.668
58533	7337	0.332
9021	1857	0.312
57559	8520	0.668
6777	5607	0.308
7329	367	0.412
7329	7337	0.481
7321	6498	0.268
7322	4087	0.189
7323	4087	0.189
7337	8520	0.523
7337	11143	0.668
8409	8520	0.223
8409	11143	0.668
7472	23509	0
8882	29843	0.301
