1	55	0.525
1	55	0.525
1	57	0.572
1	58	0.59
1	249	0.459
1	843	0.555
4	430	0.747
4	681	0.524
4	683	0.559
5	529	0.45
6	162	0
6	308	0
6	648	0
8	121	0.528
8	146	0.743
8	378	0.716
8	471	0.742
8	489	0.649
8	558	0.823
8	559	0.557
8	698	1
8	815	0.778
8	956	0.71
9	49	0.233
9	81	0.563
9	271	1
11	367	0.328
13	28	0.644
14	724	0
16	196	0.321
17	242	0.577
18	71	0
18	376	0.108
19	445	0.082
21	579	0.404
22	17	0.852
22	55	0.531
22	55	0.531
22	91	0.468
22	91	0.468
22	144	0.634
22	249	0.786
22	279	0
22	301	0.771
22	307	0.439
22	308	0.887
22	308	0.887
22	312	0.412
22	335	0.743
22	350	0.611
22	351	0.745
22	352	0.766
22	413	0.832
22	421	1
22	434	0
22	440	0.575
22	458	0.788
22	493	0.526
22	560	0.712
22	560	0.712
22	572	0.596
22	623	0.558
22	636	0.94
22	653	0.522
22	688	0.599
22	724	0
22	843	0.822
22	915	1
22	920	1
22	921	1
22	956	0.766
22	1255	0.556
24	47	0.185
25	26	0.797
26	10	0.539
26	476	0.773
27	977	0
28	91	0.8
28	158	0.519
28	402	0.426
29	53	0.693
29	154	0.798
31	695	0.515
35	524	0.714
35	531	0.69
36	579	0.451
36	588	0.542
36	789	0
36	983	1
37	579	0.316
38	578	0.685
38	579	0.316
39	579	0.31
40	36	0.535
40	579	0.471
41	579	0.321
42	579	0
43	20	0.554
44	724	0
46	378	0.484
46	379	1
46	419	0.436
46	420	0.545
46	429	0.56
47	133	0.728
47	344	0
47	358	0
47	360	0
47	797	0
47	1079	0
48	8	0.436
48	66	0.455
48	67	0.455
48	126	0.645
48	127	0.938
48	237	0.635
48	445	0.741
48	448	0.482
48	484	0.601
48	484	0.601
49	81	0.299
49	81	0.299
49	91	0.3
50	48	0.837
50	66	0.513
50	126	0.657
50	127	0.916
50	237	0.649
50	484	0.685
50	537	0.55
50	556	0.812
52	71	0
53	154	0.604
53	307	0.497
53	421	1
53	915	1
54	853	0
54	857	0
55	56	0.786
55	57	0.588
55	58	0.655
55	58	0.655
55	59	0.616
55	59	0.616
55	91	0.65
55	1148	0.666
56	55	0.786
56	59	0.64
56	131	0.593
56	801	0.692
57	55	0.588
57	56	0.671
57	58	0.821
57	58	0.821
57	131	0.545
57	801	0.583
58	28	0.361
58	55	0.655
58	56	0.771
58	57	0.821
58	59	0.735
58	60	0.723
58	61	0
58	617	0.251
58	757	0.536
58	801	0.619
58	1234	0.542
58	1261	0.731
59	55	0.616
59	56	0.64
59	57	0.716
59	58	0.735
59	60	0.575
59	61	0
59	61	0
59	158	0.685
59	484	0.716
59	757	0.734
59	801	0.569
59	1146	0.542
59	1155	0.814
59	1261	0.726
60	56	0.697
60	57	0.724
60	801	0.813
60	1086	0.691
61	58	0
61	59	0
62	131	0.405
62	713	0.545
62	1327	0
63	302	0.607
63	697	0.864
63	1284	0.72
65	47	0.168
68	242	0.807
68	533	0.608
68	1284	0.689
69	154	0.2
69	154	0.2
70	569	0.639
70	1011	0.32
70	1014	0.167
71	76	0
71	78	0
71	80	0
71	105	0
71	134	0
71	135	0
71	180	0
71	278	0
71	447	0
71	448	0
71	458	0
71	522	0
71	523	0
71	528	0
71	541	0
71	552	0
71	722	0
71	734	0
71	766	0
71	767	0
71	768	0
71	774	0
71	814	0
71	818	0
71	872	0
71	939	0
71	1008	0
71	1016	0
71	1048	0
71	1061	0
71	1062	0
71	1065	0
71	1087	0
71	1169	0
72	323	0.808
72	765	0
73	342	0.54
74	72	0
74	447	0
74	457	0
75	57	0.558
75	60	0.741
75	72	0.396
75	91	0.393
75	233	0.54
75	554	0.653
75	572	0.862
75	579	0.818
75	646	0.843
75	648	0.464
75	703	0.631
75	737	0.384
75	907	0.171
75	948	0.407
75	1050	0.537
76	72	0.359
76	233	0.513
76	554	0.652
76	646	0.76
77	75	0.748
77	703	0.357
78	72	0.184
78	74	0
78	79	0
78	447	0.223
78	552	0.275
79	144	0
79	323	0
79	415	0
79	428	0
79	572	0
79	1062	0
80	144	0.561
80	648	0.548
81	212	0.5
81	521	0.599
81	521	0.599
81	583	0.52
81	773	0.125
81	984	0.44
81	1170	0.281
82	443	0.399
82	443	0.399
83	94	0.89
83	154	0.327
83	479	0.937
85	28	0.517
85	87	0.674
85	239	0.231
85	340	0
85	484	0.453
86	60	0.532
86	393	0.711
87	28	0.527
87	28	0.527
87	55	0.555
87	57	0.545
87	58	0.615
87	59	0.554
87	60	0.605
87	73	0.617
87	88	0.801
87	89	0.843
87	90	0.607
87	172	0.74
87	233	0.614
87	251	0.599
87	251	0.599
87	272	0.496
87	284	0.357
87	284	0.357
87	342	0.821
87	342	0.821
87	421	1
87	494	0.906
87	497	0.724
87	574	0.632
87	587	0.577
87	713	0.775
87	757	0.409
87	765	0
87	828	0.589
87	909	0
87	983	1
87	988	1
87	994	0.508
87	1127	0.772
87	1248	0.682
87	1259	0.402
88	87	0.801
88	342	0.842
88	393	0.686
88	393	0.686
88	394	0.567
88	395	0
88	493	0.333
89	73	0.544
89	73	0.544
89	91	0.575
89	233	0.659
89	342	0.961
89	497	0.619
89	909	0
89	988	0.182
90	46	0.466
90	46	0.466
90	60	0.621
90	85	0.738
90	87	0.607
90	340	0
90	425	0.581
90	585	0.77
90	988	0.4
90	1179	0.512
91	87	0.502
91	87	0.502
91	88	0.663
91	88	0.663
91	89	0.575
92	589	1
93	197	0.561
93	714	0.875
93	1161	0.552
93	1193	0.568
93	1196	0.645
94	133	0.877
94	154	0.348
94	211	1
94	216	0.766
94	305	0.876
94	389	0.308
94	483	0.279
94	961	0.786
94	1074	0.641
94	1312	0.625
96	118	0.611
96	119	0.741
96	120	0.696
96	122	0.681
96	187	0.799
97	118	0.764
98	187	0.632
98	574	0.613
98	574	0.613
99	574	0.665
100	574	0.333
101	574	0.685
105	144	0
105	368	0
106	664	0.39
106	666	0.533
107	482	0.368
108	714	0.72
111	389	0.597
112	118	0.605
112	118	0.605
113	119	0.678
113	122	0.586
114	118	0.605
115	101	0.761
115	187	0.678
116	279	0
116	421	1
116	434	0
116	493	0.684
116	706	0.262
116	915	1
116	920	1
116	921	1
116	1077	0.427
116	1128	0.506
116	1255	0.394
118	55	0.538
118	97	0.764
118	536	0.822
119	187	0.61
119	478	0.681
119	574	0.619
121	28	0.329
121	165	1
121	417	0.508
121	493	0.634
121	648	0.683
121	929	0
121	945	0.61
122	58	0.551
122	574	0.47
123	119	0.778
124	133	1
126	112	0.703
126	112	0.703
126	262	0.759
126	484	0.764
127	66	0.472
127	262	0
127	484	0.647
128	572	1
129	65	1
131	62	0.405
131	340	0
131	713	0.495
131	787	0.495
131	1241	0.369
132	87	0.751
132	89	0.672
133	144	0.966
133	757	0.336
133	1209	0.444
134	447	0.618
134	477	0.471
134	484	0.608
135	165	1
136	148	0
136	511	0
137	60	0.525
137	61	0
137	181	0
137	407	0.645
137	407	0.645
137	633	0.552
137	710	0.44
139	64	0.821
141	471	0.815
141	627	0.791
142	28	0.592
144	94	0.854
144	751	0
144	797	0
144	881	0.183
144	1075	1
144	1076	0.819
145	144	1
145	180	0
146	8	0.743
146	70	0.57
146	173	0.914
146	403	0
146	869	1
147	70	0.855
147	173	0.632
148	57	0.474
148	59	0.61
149	223	0.107
149	490	0.174
150	233	0.437
150	389	0.756
150	400	0.8
150	554	0.524
150	632	0.779
152	652	0.615
152	1297	0.5
153	66	0.539
154	94	0.348
154	319	0.377
154	652	0.293
154	695	0.437
154	897	0.394
154	897	0.394
154	1074	0.26
158	28	0.519
158	84	0.463
158	131	0.731
158	511	0.558
160	81	0.34
161	542	0
164	168	0.252
164	522	0
164	523	0.635
164	1016	0.334
165	121	1
165	481	1
165	540	1
165	993	1
166	46	0.524
166	379	1
167	101	0.741
167	154	0.358
167	187	0.626
167	413	0.737
167	478	0.877
167	621	0.496
168	522	0
169	424	0
170	513	0
171	710	0.636
171	1243	0.417
172	484	0.682
173	22	0.801
174	160	0
174	161	0
174	802	0
174	803	0
174	804	0
175	101	1
177	90	0.479
180	144	0
180	144	0
180	253	0
180	817	0
180	893	0
180	894	0
180	1209	0
181	307	0
181	308	0
182	527	0
183	572	0.643
183	757	0.504
185	471	1
187	60	0.301
187	175	1
187	471	0.656
187	574	0.836
187	574	0.836
187	611	0.618
187	757	0.303
187	1209	0.444
187	1261	0.575
187	1291	0.335
189	640	0.637
190	208	0.298
190	209	0.465
193	421	0.558
195	445	0.091
196	197	0.456
197	85	0.507
197	93	0.561
197	217	0.786
197	302	0.689
197	417	0.736
197	421	0.558
197	447	0.382
197	482	0.463
197	533	0.457
197	552	0.463
197	572	0.641
197	578	0.428
197	602	0.524
197	632	0.651
197	634	0.408
197	636	0.576
197	697	0.428
197	706	0.199
197	933	0.432
197	938	0.504
197	1015	0.385
197	1190	0.651
197	1313	0.527
199	55	0.482
199	1153	0.612
199	1154	0.424
201	206	0.514
201	208	0.53
201	208	0.53
203	202	0.711
203	202	0.711
203	351	0.609
205	206	0.62
206	590	0.509
207	206	0.667
207	590	0.383
210	202	0.517
211	133	1
211	253	1
211	1052	0
212	282	0
212	569	0.506
212	1011	0.216
214	602	0.718
217	302	0.733
217	515	0.53
217	533	0.534
217	602	0.547
217	632	0.632
217	1015	0.5
217	1071	0.491
217	1204	0.259
219	211	1
219	432	0.497
219	435	1
219	439	0.534
219	490	0.609
219	1113	0.492
219	1171	0.541
219	1257	0.478
220	91	0.347
220	94	0.613
220	133	0.517
220	144	0.484
220	197	0.672
220	198	0.574
220	211	1
220	219	0.97
220	253	0.473
220	378	0.565
220	408	0.698
220	409	0.546
220	432	0.543
220	435	1
220	439	0.574
220	490	0.636
220	507	0.443
220	518	0.421
220	528	0.203
220	591	0.5
220	635	0.582
220	648	0.492
220	652	0.574
220	894	0.14
220	909	0
220	922	0.407
220	945	0.402
220	946	0.075
220	989	1
220	1028	0.622
220	1033	0.419
220	1062	0.581
220	1113	0.481
220	1171	0.527
220	1257	0.521
221	414	0.878
221	490	0.928
221	1249	0.732
222	215	0
222	410	0
224	223	0.732
226	231	0.791
227	228	1
228	248	0.779
228	495	0.664
230	225	0.936
232	85	0.879
232	90	0.709
232	441	0.575
232	448	0.474
232	617	0.141
232	1179	0.269
233	220	0.704
233	260	0.372
233	302	0.503
233	361	0.029
233	470	0.642
233	515	0.409
233	533	0.354
233	554	0.724
233	602	0.343
233	632	0.408
233	734	0.684
233	1140	0
233	1203	1
233	1204	0.683
233	1300	0.288
234	618	0.182
238	237	0.822
241	90	0.197
241	239	0.052
242	166	0.585
242	197	0.649
242	232	0.619
242	243	0.65
242	355	0.462
242	448	0.58
242	585	0.599
242	603	0.732
243	242	0.65
243	242	0.65
247	315	0
248	374	0.543
249	243	0.45
249	757	0.312
252	9	0
253	133	0.868
255	307	0
255	308	0
256	181	0
256	264	0.191
256	529	0.52
256	529	0.52
256	756	0.49
257	258	0.182
260	154	0.338
260	163	0
260	533	0.524
260	602	0.722
260	635	0.701
260	737	0.342
260	900	0.55
260	948	0.444
260	1083	0.368
264	181	0
264	219	0.466
264	270	0.635
264	312	0.154
264	516	0.38
266	146	1
266	403	0
266	468	1
266	515	1
266	515	1
266	914	1
267	118	0.533
267	915	1
268	9	0.492
268	275	0.786
268	515	0.428
268	516	0.603
268	572	0.566
268	632	0.696
268	761	0.458
268	1012	0.382
268	1201	0.615
269	311	0.358
269	572	0.499
270	311	0.378
270	417	0.631
270	530	0.586
270	1283	0.639
274	330	0.372
274	633	0.769
275	268	0.786
275	283	0.552
275	312	0.614
275	515	0.43
276	311	0.768
278	277	0
279	421	0
280	202	0.641
282	202	0
282	311	0
282	364	0
282	468	0
282	494	0
282	560	0
282	565	0
282	572	0
282	579	0
283	22	0.624
283	35	0.642
283	36	0.49
283	572	0.665
283	578	0.385
284	91	0.353
284	724	0
285	695	0.461
286	521	0.687
287	288	0.4
288	346	0.655
288	515	0.396
289	9	0.587
289	97	0.45
289	270	1
289	419	0.485
289	443	0.399
289	530	0.586
289	1201	0.711
296	21	0.333
296	40	0.457
296	579	0.637
296	582	0.471
296	632	0.333
296	1015	0.265
296	1250	0
296	1285	0.123
296	1317	0.087
297	40	0.437
297	46	0.124
297	116	0.587
297	552	0.401
297	582	0.407
297	1010	0.838
298	164	0.261
298	530	0.175
299	27	0
300	306	0.683
301	430	0.843
301	515	0.315
302	93	0.651
302	219	0.672
302	266	1
302	533	0.644
302	572	0.64
302	602	0.559
302	625	0.565
302	630	0.565
302	698	1
302	706	0.274
302	818	1
302	1005	0.572
302	1033	0.546
302	1197	0.418
305	652	0.913
305	897	0.748
306	310	0
307	53	0.497
307	133	0.222
307	144	0.238
307	154	0.238
307	427	0.341
307	447	0.56
307	549	0.206
307	648	0.363
307	742	0.553
307	877	0.072
307	1188	0.631
308	22	0.887
308	53	0.785
308	98	0.628
308	154	0.513
308	202	0.533
308	307	0.633
308	616	0.569
308	648	0.584
309	310	0
310	306	0
311	170	0
311	282	0
311	417	0.432
311	421	0.368
311	481	0.396
311	488	0.589
311	493	0.317
311	532	0
311	534	0.43
311	539	0.303
311	560	0.55
311	565	0.482
311	572	0.371
311	572	0.371
311	579	0.21
311	587	0.314
311	706	0.35
311	707	0.299
311	708	0.248
312	219	0.218
312	219	0.218
312	220	0.215
312	264	0.154
312	275	0.614
312	373	0.467
312	421	0.117
312	533	0.504
312	572	0.416
312	593	0.333
312	602	0.572
313	60	0.647
313	91	0.451
313	91	0.451
313	1006	0.371
315	57	0
315	329	0
318	71	0
318	71	0
318	91	0.62
318	552	0.301
319	305	0.802
319	897	0.887
320	620	0.593
322	479	0.773
325	60	0.459
325	483	0.389
325	1153	0.642
325	1154	0.443
325	1261	0.685
331	202	0
332	87	0.529
332	166	0.618
332	801	0.501
333	413	0.639
333	695	0.719
334	28	0.822
334	1129	0.787
335	20	0.501
335	28	0.611
335	62	0.463
335	551	0.597
336	520	0.561
338	50	0.739
339	22	0
339	337	0
339	484	0
340	91	0
341	135	0.729
342	73	0.54
342	73	0.54
342	762	0.951
343	90	0.763
343	232	0.939
343	232	0.939
344	345	0
344	377	0
345	334	0.087
345	376	0.126
345	377	0.312
345	660	0.227
345	662	0.121
346	347	0.463
347	22	0.604
347	74	0
347	79	0
347	219	0.42
347	220	0.414
347	370	0.744
347	447	0.322
347	515	0.56
347	523	0.531
347	602	0.592
347	698	0.28
347	756	0.581
347	867	0.592
348	358	0
348	358	0
348	360	0
348	360	0
348	448	0.854
348	448	0.854
348	522	0
348	575	0.753
349	339	0
349	448	1
350	348	0.65
350	448	0.573
351	348	0.74
351	448	0.701
352	348	0.767
352	448	0.788
354	377	0.555
355	362	1
356	357	0.054
356	419	0.363
357	193	0.125
357	683	0.387
360	1224	0
361	1225	0.841
364	565	0.87
365	370	0.705
365	420	0.173
365	602	0.52
365	638	0.173
365	744	0.49
365	867	0.49
365	881	0.499
366	365	0
367	22	0.771
367	71	0
367	368	0.401
367	522	0
368	71	0
368	1172	0.446
369	643	0.792
369	644	0.739
369	664	0.613
369	666	0.703
369	683	0.814
370	219	0.623
370	302	0.748
370	515	0.638
370	938	0.772
372	1219	0.708
372	1315	0.842
373	62	0.227
373	87	0.44
373	253	0.163
373	515	0.394
373	577	0.247
373	713	0.151
374	219	0.439
374	233	0.204
374	249	0.173
374	377	0.416
374	552	0.568
374	602	0.372
374	602	0.372
374	876	0.445
376	377	0.632
376	602	0.433
376	634	0.662
376	635	0.694
376	636	0.763
376	1235	1
376	1313	0.333
376	1314	0.836
377	376	0.632
377	486	0
377	634	0.605
377	636	0.764
377	638	0.555
377	694	0.672
378	47	0.716
378	55	0.597
378	58	0.513
378	58	0.513
378	60	0.498
378	84	0.4
378	133	0.779
378	211	1
378	243	0.429
378	253	0.848
378	407	0.937
378	417	0.566
378	447	0.842
378	484	0.694
378	602	0.437
378	648	0.442
378	652	0.853
378	757	0.423
378	1152	0.491
378	1248	0.604
378	1299	0
379	378	1
379	405	1
379	407	1
379	482	1
379	881	1
379	1236	1
380	273	0.947
382	22	0
386	695	0.487
388	302	0.515
388	533	0.488
389	533	0.478
389	560	0.601
389	698	1
389	714	0.697
389	1161	0.477
389	1176	0.377
389	1213	0
390	391	0
391	26	0.227
392	28	0.559
392	142	0.256
392	792	0.493
399	259	0.69
400	68	0.865
400	468	0.59
400	533	0.564
400	572	0.682
400	602	0.569
400	697	0.592
400	1083	0.56
400	1149	0.632
400	1159	0.562
401	379	0.117
403	220	0.304
403	378	0
404	421	0.558
405	211	0.687
405	418	0.416
405	435	1
405	439	0.761
405	1113	0.604
405	1164	0.732
405	1247	0.833
405	1249	0.543
405	1257	0.623
406	124	0.24
406	823	1
407	47	0.631
407	133	0.69
407	219	0.511
407	253	0.732
407	253	0.732
407	261	0
407	282	0
407	358	0
407	360	0
407	377	0.555
407	426	0
407	447	0.868
407	484	0.655
407	490	0.833
407	552	0.339
407	602	0.468
407	1299	0
408	328	1
408	332	0.676
408	439	0.868
409	74	0
410	620	0.301
412	28	0.15
412	371	0.501
412	632	0.265
413	479	0.719
413	484	0.819
413	756	0.793
413	956	0.696
414	323	0.867
414	428	0.839
416	74	0
417	58	0.684
417	75	0.802
417	144	0.438
417	211	1
417	219	0.86
417	220	0.856
417	253	0.444
417	379	1
417	407	0.493
417	432	0.54
417	439	0.579
417	488	0.697
417	490	0.654
417	591	0.493
417	619	0.475
417	625	0.53
417	724	0
417	757	0.409
417	1196	0.607
417	1248	0.69
417	1257	0.57
418	144	0.362
418	219	0.827
418	220	0.841
418	332	0.702
418	417	0.841
419	378	0.781
419	405	0.8
419	406	1
419	482	0.693
420	378	0.937
420	405	1
420	406	1
420	448	0.725
420	482	0.792
420	1268	0.874
421	351	1
421	378	1
421	379	1
421	417	1
421	419	1
421	429	1
421	482	1
421	619	0.24
421	645	1
421	1039	0.558
421	1307	0.558
422	242	0.551
422	636	0.436
423	176	1
423	188	1
424	270	0.487
424	289	0.487
424	530	0.239
424	857	0
424	1072	0
428	414	0.839
429	378	0.874
429	407	0.786
429	1236	0.76
430	220	0.521
430	335	0.538
430	378	0.761
430	405	0.623
430	406	0.558
430	482	0.806
430	482	0.806
430	1268	0.874
431	554	0.481
432	431	0.377
432	438	0.604
432	442	0.599
432	931	0.399
432	1298	0.094
433	438	0.219
433	931	0.687
433	1298	0.532
434	379	0
434	420	0
434	429	0
435	208	1
438	442	0.13
439	144	0.817
439	201	0.874
439	1142	0.878
440	190	0.46
440	201	0.503
440	488	0.505
440	541	0.456
441	369	0.739
441	421	1
441	454	1
441	670	0.488
441	1229	1
443	97	1
443	118	1
446	478	0.47
447	243	0.324
447	414	0.906
448	94	0.803
448	219	0.613
448	234	1
448	243	0.398
448	340	0
448	344	0
448	348	0.854
448	350	0.573
448	352	0.788
448	358	0
448	360	0
448	361	0.083
452	463	0.432
453	572	0.629
454	350	1
454	351	1
454	421	1
454	938	1
455	652	0.853
455	897	0.66
457	152	0.272
457	579	0.319
457	949	0
458	501	0.774
458	501	0.774
459	465	0
460	348	0.851
460	417	0.78
460	572	0.694
461	1080	0.031
463	146	0.265
463	221	0.262
463	302	0.646
463	370	0.557
463	515	0.531
463	533	0.45
463	602	0.53
463	869	0.401
464	57	0.37
464	58	0.488
465	315	0
466	101	0.848
466	175	1
467	636	0.745
468	515	0.97
468	625	0.816
468	1266	0.952
470	70	0.421
470	146	0.568
471	187	0.656
471	413	0.875
471	515	0.428
471	574	0.709
472	122	0.776
473	120	0.671
474	578	0.598
474	580	0
475	270	1
475	270	1
475	307	0
475	307	0
476	44	0.412
476	45	0.397
476	96	0.71
476	101	0.807
476	118	0.593
476	119	0.797
476	119	0.797
476	120	0.836
476	130	0.766
476	261	0
476	500	0.672
476	525	0.484
478	119	0.681
479	427	0.615
479	464	0.878
479	484	0.698
482	47	0.757
482	71	0
482	124	1
482	133	0.693
482	211	1
482	407	0.792
482	408	0.879
482	414	0.845
482	417	0.705
482	418	0.588
482	435	1
482	439	0.87
482	447	0.849
482	483	0.297
482	547	0.87
482	574	0.633
482	619	0.584
482	627	0.718
482	634	0.768
482	909	0
482	922	0.483
482	989	1
482	1113	0.646
482	1164	0.718
482	1247	0.899
482	1249	0.735
482	1257	0.806
483	22	0.297
483	36	0.278
483	116	0.6
483	348	0.366
483	479	0.203
483	486	0
483	575	0.41
484	48	0.601
484	56	0.478
484	57	0.582
484	58	0.62
484	59	0.716
484	60	0.453
484	61	0
484	119	0.744
484	242	0.546
484	267	0.567
484	413	0.819
484	471	0.87
484	476	0.7
484	538	0.708
484	695	0.589
484	1154	0.503
484	1261	0.628
484	1291	0.482
487	572	0.476
488	55	0.815
488	145	1
488	308	0.723
488	590	0.581
488	594	0.682
488	823	0.82
488	1031	0
489	261	0
489	1291	0.522
490	48	0.574
490	50	0.589
490	55	0.651
490	55	0.651
490	144	0.716
490	443	1
490	823	0.688
491	209	0.472
492	678	0.584
493	8	0.467
493	44	0.602
493	45	0.552
493	55	0.365
493	379	1
493	392	0.561
493	417	0.549
493	421	1
493	432	0.513
493	438	0.271
493	483	0.722
493	560	0.51
493	579	0.657
493	1062	0.316
494	421	1
496	275	0.36
496	296	0.181
496	297	0.213
496	312	0.193
497	448	0.593
497	1129	0.615
499	518	0.111
500	120	0.64
501	81	0.448
502	783	0
504	502	1
506	367	0.613
506	515	0.598
506	593	0.391
506	634	0.495
506	636	0.856
507	22	0.451
508	22	0.376
508	22	0.376
508	507	0.859
508	522	0
510	103	0.377
510	157	0.342
510	219	0.498
510	222	0
510	632	0.399
511	64	0.39
511	64	0.39
511	139	0.558
511	158	0.558
511	1168	0
512	202	0.494
512	202	0.494
513	13	0.784
514	216	0.601
514	1312	0.475
515	22	0.613
515	22	0.613
515	104	0.447
515	116	0.427
515	221	0.473
515	244	0
515	294	0.456
515	417	0.524
515	448	0.487
515	482	0.46
515	518	0.542
515	552	0.324
515	572	0.577
515	697	0.83
515	876	0.524
515	981	0
515	982	0
515	1130	0.53
516	552	0.38
516	554	0.52
517	284	0.427
517	518	0.631
518	20	0.519
518	103	0.397
518	164	0.333
518	168	0.393
518	219	0.371
518	284	0.328
518	288	0.071
518	367	0.358
518	448	0.596
518	507	0.39
518	519	0.093
518	519	0.093
518	522	0
518	608	0.519
519	22	0.484
519	283	0.349
519	507	0.194
519	518	0.093
521	55	0.48
521	76	0.44
521	130	0.671
521	144	0.561
521	145	0.687
521	165	1
521	447	0.697
521	476	0.721
521	541	0.605
521	616	0.398
522	58	0
522	71	0
522	72	0
522	74	0
522	143	0
522	164	0
522	197	0
522	208	0
522	209	0
522	209	0
522	211	0
522	282	0
522	307	0
522	373	0
522	409	0
522	448	0
522	457	0
522	488	0
522	552	0
522	559	0
522	560	0
522	572	0
522	593	0
522	594	0
522	629	0
522	985	0
522	1285	0
522	1294	0
522	1307	0
523	8	0.766
523	58	0.735
523	208	0.559
523	307	0.438
523	370	0.707
523	409	0.467
523	424	0.387
523	457	0.615
523	530	0.745
523	551	0.59
523	560	0.752
523	721	0.577
523	722	0.324
523	726	0.577
523	737	0.377
523	754	0.701
523	796	0
523	810	0.589
523	818	1
523	834	0.492
523	847	0.343
523	855	0.312
523	865	0.56
523	883	0.351
523	900	0.58
523	907	0.338
523	908	0
523	917	0.342
523	929	0
523	948	0.326
523	953	1
523	989	1
523	991	0.562
523	1016	0.613
523	1017	0.343
523	1045	0.527
526	796	0
527	202	0.557
527	202	0.557
527	666	0.68
529	248	0.545
530	164	0.54
530	367	0.741
530	518	0.534
530	878	0
530	981	0
533	71	0
533	164	0.548
533	206	0.457
533	367	0.475
533	515	0.555
533	518	0.787
533	522	0
533	878	0
533	981	0
533	981	0
535	529	0.51
536	443	1
537	114	0.666
537	484	0.65
539	28	0.264
540	55	0.62
541	22	0.604
541	53	0.567
541	53	0.567
541	55	0.377
541	130	0.68
541	165	0.558
541	190	0.396
541	379	0.558
541	429	0.636
541	551	0.447
541	648	0.338
541	756	0.616
542	165	1
543	28	0.406
543	87	0.68
544	335	0.434
544	348	0.51
544	407	0.732
544	619	0.674
544	632	0.324
547	332	0.562
548	119	0.142
549	154	0.553
549	695	0.408
550	118	0.238
551	233	0.407
551	515	0.504
551	518	0.569
551	519	0.384
551	982	0
552	197	0.463
552	249	0.409
552	302	0.451
552	378	0.404
552	414	0.433
552	419	0.346
552	482	0.466
552	572	0.416
552	602	0.303
552	632	0.403
552	688	0.547
552	891	0.308
554	146	0.515
554	260	0.424
554	470	0.791
554	646	0.736
554	876	0.723
558	67	0.651
559	58	0.488
559	59	0.561
560	55	0.749
560	403	0.729
560	417	0.742
560	418	0.58
561	86	0.912
562	563	0.301
563	22	0.576
563	116	0.408
563	116	0.408
563	572	0.596
564	562	0.367
567	565	0.734
569	761	0.56
570	219	0.58
570	572	0.779
570	578	0.574
571	154	0.329
572	28	0.522
572	219	0.647
572	220	0.629
572	282	0
572	421	1
572	434	0
572	444	0.523
572	448	0.406
572	482	0.511
572	487	0.476
572	493	0.553
572	515	0.577
572	560	0.644
572	564	1
572	632	0.633
572	703	0.639
572	761	0.596
572	1135	0
572	1266	0.589
573	22	0.535
573	572	0.503
573	1014	0.431
574	96	0.702
574	97	0.632
574	101	0.685
574	175	1
574	187	0.836
574	449	0.77
574	538	0.653
575	362	0
576	34	0.065
576	374	0.293
576	704	0.075
578	412	0.112
578	587	0.62
578	724	0
579	233	0.563
579	282	0
579	348	0.467
579	378	0.333
579	412	0.15
579	522	0
579	554	0.688
579	588	0.293
579	724	0
579	1285	0.224
580	581	0
582	297	0.407
582	526	0.42
582	526	0.42
582	579	0.419
585	454	1
585	497	0.353
585	1303	0.123
586	611	0.535
587	392	0.606
587	431	0.45
587	432	0.646
587	433	0.52
587	438	0.394
587	442	0.51
587	1388	0.186
587	1434	0.191
588	392	0.502
588	433	0.397
588	438	0.542
588	796	0
588	799	0.584
588	1000	0.649
589	249	0
591	55	0.628
591	144	0.688
591	253	0.732
591	1455	0.645
595	49	0.398
596	578	1
597	610	0.399
597	657	0
599	264	0.68
599	270	0.439
599	312	0.086
600	228	0.869
600	229	0.738
602	219	0.376
602	302	0.559
602	515	0.76
602	572	0.57
602	625	0.868
602	1305	1
603	376	0.698
603	377	0.701
603	602	0.514
603	638	0.629
603	697	0.552
603	1133	0.639
603	1308	1
603	1314	0.789
603	1390	0.778
603	1469	0.459
604	266	1
604	302	0.678
604	417	0.637
604	515	0.566
604	554	0.526
604	554	0.526
604	630	0.596
604	1432	0.762
605	339	0
606	522	0
607	611	0.586
607	1116	0.615
607	1412	0.417
607	1498	0.548
607	1603	0.597
611	428	0.759
611	612	0.897
612	113	0.628
612	675	0.356
612	897	0.789
612	1133	0.791
612	1412	0.286
612	1442	0
612	1524	0.607
613	47	0.616
614	609	0.79
615	610	0.683
615	611	0.691
616	290	0.548
616	291	0.767
616	292	0.605
616	611	0.4
616	627	0.362
616	661	0.491
616	811	0.598
616	1361	0.466
616	1544	0.496
617	57	0.309
617	421	0.294
617	801	0.575
618	617	0.048
619	216	0.758
619	1189	0.584
619	1287	1
620	117	0.239
620	159	0.376
623	465	0
624	672	0.414
624	679	0.535
624	815	0.79
624	1033	0.74
624	1394	0
624	1465	0.344
624	1469	0.456
624	1604	0.493
625	311	0.346
625	572	0.596
625	1014	0.569
626	483	1
626	483	1
628	627	1
629	593	0.419
630	93	0.82
630	196	0.183
630	269	0.779
630	302	0.565
630	553	0.381
632	70	0.554
632	93	0.716
632	197	0.651
632	233	0.408
632	376	0.52
632	417	0.809
632	470	0.588
632	474	0.469
632	533	0.555
632	552	0.403
632	554	0.511
632	572	0.633
632	579	0.54
632	602	0.576
632	605	0.466
632	636	0.669
632	641	0.602
632	698	1
632	754	0.683
632	754	0.683
632	795	0.505
632	818	1
632	847	0.382
632	861	0.47
632	865	0.553
632	900	0.563
632	930	0.249
632	948	0.356
632	1033	0.43
632	1050	0.553
632	1130	0.631
632	1140	0
632	1363	0.633
632	1412	0.497
632	1432	0.677
632	1454	0.455
632	1469	0.563
632	1522	0.676
632	1564	0
632	1604	0.4
633	274	0.769
634	1232	0.799
635	1232	0.859
636	271	0.36
636	372	0.561
636	634	0.752
639	154	0.256
639	616	0.474
639	715	1
639	1400	0.568
639	1465	0.171
639	1469	0.181
639	1552	0.697
640	152	0.623
641	63	0.709
641	388	0.475
641	533	0.525
641	602	0.712
641	697	0.774
641	1083	0.391
641	1284	0.752
641	1308	1
643	419	0.674
643	454	1
643	455	0.804
643	482	0.83
643	645	0.888
644	645	0.666
645	378	0.748
645	379	1
645	417	0.691
645	419	0.647
645	420	0.677
645	429	0.806
645	454	1
645	455	0.748
645	616	0.477
645	643	0.888
645	1130	0.659
645	1454	0.703
650	282	0
651	471	1
653	551	0.254
653	551	0.254
654	28	0
654	287	0
654	374	0
655	28	1
655	287	0.847
655	374	1
656	657	0.199
657	610	0.259
657	611	0.378
657	645	0.351
657	658	0.699
657	1366	0.456
657	1409	0.507
657	1420	0.297
657	1526	0.234
658	643	0.403
658	657	0.699
658	659	0.541
658	1391	0.622
658	1406	0.327
658	1409	0.602
659	656	0.651
660	350	0.579
660	377	0.577
661	1133	1
670	672	0.754
670	673	1
672	379	0.378
672	679	0.438
673	681	0.298
674	551	0.382
679	232	0.796
679	585	0.842
679	681	0.783
681	46	0.543
681	46	0.543
681	125	0.59
681	348	0.665
681	396	0
681	417	0.53
681	425	0.502
681	425	0.502
681	448	0.578
681	484	0.438
681	645	0.606
681	787	0.646
681	1561	0.229
683	193	0.562
683	351	0.753
683	419	0.542
683	421	1
683	643	0.652
683	644	0.605
683	645	0.665
685	572	1
687	322	0.445
688	1323	0.197
689	688	0.692
689	1011	0.546
691	270	1
692	471	1
693	502	0.713
693	650	0.359
694	634	0.695
694	635	0.732
694	637	1
695	57	0.599
695	167	0.67
695	186	0.419
695	398	0.523
695	478	0.559
697	22	0.644
697	572	0.596
697	578	1
697	579	0.461
698	22	1
698	36	1
698	116	1
698	572	1
700	325	0.39
701	22	0.46
701	22	0.46
701	233	0.359
701	515	0.442
701	533	0.394
701	602	0.48
705	81	0.172
706	28	0.244
706	750	0.572
707	28	0.591
708	28	1
709	710	0
710	256	0.44
710	256	0.44
710	1465	0.438
711	20	0.668
711	28	0.564
711	335	0.762
712	465	0
713	62	0.545
713	87	0.775
713	89	0.955
713	91	0.654
713	91	0.654
713	131	0.495
713	378	0.874
713	643	0.911
713	645	0.806
713	1258	0.724
714	192	0.135
714	698	1
714	1083	0.358
714	1308	1
715	117	0.239
716	851	0.463
716	857	0
717	853	0
717	857	0
718	523	0
720	81	0.584
721	81	0.214
722	81	0.183
723	733	0.694
723	901	0.689
723	902	0.8
723	903	1
725	790	0.672
725	818	0.681
725	847	0.295
727	716	0
727	717	0
728	763	0
731	270	0.601
731	289	0.601
731	857	0
732	851	0.578
732	852	0.621
732	857	0
733	1047	0
736	1045	0
736	1069	0
737	1047	0
739	778	0
739	779	0
742	154	0.282
743	91	0.208
743	131	0.293
743	1265	0.537
744	93	0.909
744	698	1
746	745	0
747	745	0
749	745	0
750	724	0
752	58	0
752	560	0
753	58	0.655
753	59	0.424
753	90	0.539
754	18	0.633
754	54	0.569
754	270	0.678
754	803	0.492
754	902	0.624
754	924	0.675
754	1125	0
754	1133	0.395
755	1080	0.078
756	18	0.42
756	46	0.462
756	54	0.597
756	181	0
756	256	0.49
756	264	0.544
756	348	0.712
756	370	0.703
756	417	0.725
756	482	0.692
756	515	0.576
756	560	0.731
756	579	0.509
756	632	0.732
756	924	0.591
756	960	0.549
756	970	0.533
756	1133	0.668
756	1236	0.69
756	1236	0.69
756	1277	0
757	56	0.602
757	57	0.677
757	58	0.536
757	59	0.734
757	1148	0.403
757	1248	0.747
758	1037	0
759	270	0.61
759	289	0.61
759	851	0.537
759	857	0
760	759	0
761	403	0.729
761	417	0.53
761	418	0.385
763	1030	0
764	769	0.508
765	55	0
765	144	0
765	165	0
765	368	0
765	447	0
765	457	0
765	648	0
765	770	0
765	847	0
765	874	0
765	900	0
765	907	0
765	948	0
765	1060	0
765	1062	0
765	1083	0
766	368	0
766	409	0
766	432	0
766	457	0
766	530	0
766	573	0
766	720	0
766	726	0
766	729	0
766	754	0
766	765	0
766	769	0
766	770	0
766	771	0
766	803	0
766	806	0
766	823	0
766	880	0
766	917	0
766	928	0
766	948	0
766	955	0
766	962	0
766	963	0
766	964	0
766	991	0
766	1006	0
766	1014	0
766	1023	0
766	1026	0
766	1027	0
766	1030	0
766	1050	0
766	1084	0
769	144	0.655
769	457	0.409
769	573	0.546
769	645	0.706
769	737	0.444
769	894	0.393
769	907	0.338
769	953	1
769	994	0.48
769	1008	0.622
769	1024	1
769	1030	0.532
769	1035	0.538
769	1051	0.583
769	1062	0.622
769	1065	0.626
769	1067	0.412
769	1069	0.374
769	1078	0.409
769	1432	0.69
770	144	0.737
770	145	1
770	457	0.387
770	1062	0.581
771	22	0.559
771	79	0
771	770	0.37
772	79	0
772	769	0.408
772	770	0.368
773	1025	0.651
774	1014	0.248
775	447	0
775	648	0
775	740	0
775	811	0
775	877	0
775	991	0
775	1069	0
775	1073	0
777	260	0.598
778	851	0.463
778	852	0.811
778	857	0
779	851	0.463
779	852	0.811
779	857	0
780	146	0.823
780	197	0.569
780	260	0.711
780	302	0.797
780	389	0.636
780	515	0.722
780	602	0.734
780	632	0.69
780	698	1
780	1432	0.913
781	560	0.464
782	523	0
782	781	0
782	993	0
782	994	0
783	501	0
783	965	0
783	966	0
783	986	0
786	1064	0
787	87	0.775
787	89	0.955
787	90	0.626
787	131	0.495
787	1144	0.539
792	724	0
793	374	0.23
796	433	0
799	1083	0.657
800	857	0
800	953	1
801	28	0.585
802	851	0.463
802	853	0
802	857	0
803	851	0.402
803	852	0.568
803	854	0.4
803	857	0
804	302	0.374
804	851	0.463
804	852	0.811
804	857	0
806	1069	0.198
807	28	0
808	926	0
810	164	0.243
811	53	0.652
811	495	0.38
814	928	0
815	1015	0.742
816	851	0.487
816	852	0.794
816	857	0
820	202	0.22
820	648	0.318
820	1615	0.526
823	822	0.452
824	745	0
826	828	0.517
829	1392	0.636
829	1400	0.743
829	1469	0.58
829	1552	0.523
830	816	0
830	888	0
830	923	0
830	950	0
831	815	0.126
831	1015	0.321
832	831	0
833	611	0.434
835	154	0.666
836	374	0.284
838	851	0.463
838	853	0
838	854	0.491
838	857	0
840	270	1
840	857	0
841	853	0
841	857	0
842	765	0
844	208	0.355
846	848	0
847	785	0
848	852	0.717
848	857	0
850	270	0.787
851	721	0.587
851	722	0.424
853	720	0
853	721	0
853	722	0
854	720	0.713
854	722	0.444
856	846	0
857	370	0
857	515	0
857	530	0
857	720	0
857	721	0
857	754	0
857	860	0
857	890	0
857	953	0
857	997	0
857	1015	0
857	1069	0
858	1019	0
860	992	0
862	457	0
863	424	0
863	737	0
863	883	0
863	917	0
863	948	0
864	865	0
864	948	0
866	864	0
867	515	0.791
869	22	1
869	36	1
869	116	1
871	533	0.406
871	1408	0.286
871	1436	0.57
871	1540	0
872	934	0
873	1030	0.533
874	993	0
876	22	0.707
876	307	0.381
876	796	0
876	1130	0.65
877	993	0.086
878	368	0
880	1014	0.425
881	468	0.816
881	515	0.83
881	1272	1
882	378	0.558
882	379	0.558
882	429	1
882	482	1
882	573	0.558
882	812	0
882	921	1
882	1078	0.558
885	992	0
886	992	0
887	992	0
888	851	0.483
888	852	0.758
888	857	0
889	560	0.478
890	992	0
891	992	0
892	992	0
893	992	0
894	992	0
895	703	0.339
896	36	0.912
898	427	0.7
899	256	0.39
900	71	0
901	270	0.532
901	289	0.532
901	857	0
902	851	0.463
902	852	0.811
902	857	0
903	821	0
903	851	1
903	857	0
910	220	0.521
910	379	0.558
910	429	0.912
910	998	0
910	1250	0
911	482	0
912	482	0.802
913	379	0.558
914	379	1
914	429	1
914	911	0
914	1250	0
915	379	0.558
915	429	1
915	911	0
915	912	1
917	851	0.388
917	852	0.429
917	857	0
919	378	0.706
919	405	0.585
919	406	0.558
919	407	0.585
919	482	0.767
919	1236	0.641
919	1268	0.819
920	379	0.558
920	429	1
920	1002	1
921	379	0.558
922	208	0.376
923	851	0.533
923	852	0.576
923	857	0
925	220	0.543
925	403	0.228
928	1069	0.444
932	769	0.322
933	737	0.398
934	87	0.469
934	89	0.535
934	91	0.28
935	181	0
935	256	0.127
938	8	0.589
938	493	0.468
938	1264	0.616
940	54	0.301
940	731	0.246
940	732	0.334
943	1014	0.475
948	71	0
948	533	0.548
948	1034	0.478
949	977	0
950	851	0.463
950	852	0.811
950	857	0
952	217	0.116
953	71	0
954	55	0.521
954	370	0.66
954	447	0.557
954	560	0.707
954	761	0.616
954	792	0.774
954	843	0.571
954	956	0.459
954	1027	0.618
957	530	0
957	993	0
957	1042	0
958	959	0.589
959	270	0.563
959	851	0.553
959	852	0.753
959	857	0
960	270	0.544
960	857	0
961	1133	0.735
962	783	0
963	783	0
964	783	0
965	81	1
966	81	0.369
967	81	0.345
968	81	0.417
969	81	0.71
970	81	0.306
971	783	0
972	973	0.399
973	533	0.522
973	604	0.486
973	744	0.632
974	936	0
975	22	0.825
975	488	0.691
975	490	0.773
975	522	0
975	523	0.759
975	1028	0.778
975	1130	0.728
975	1282	0.547
976	1011	0.298
976	1013	0.264
977	783	0
979	917	0.674
980	133	0.755
980	154	0.22
981	22	0
981	87	0
981	90	0
981	91	0
981	164	0
981	284	0
981	706	0
981	749	0
981	754	0
981	818	0
981	860	0
981	991	0
981	1008	0
981	1030	0
982	22	0
982	523	0
982	698	0
982	749	0
982	876	0
982	975	0
982	1042	0
983	981	0
984	54	0.402
984	55	0.398
984	94	0.492
984	144	0.429
984	165	1
984	368	0.416
984	447	0.492
984	448	0.525
984	457	0.456
984	482	0.58
984	530	0.61
984	533	0.509
984	560	0.465
984	560	0.465
984	569	0.487
984	632	0.522
984	648	0.553
984	726	0.57
984	737	0.476
984	751	0.847
984	761	0.397
984	771	0.236
984	802	0.264
984	837	0.667
984	847	0.264
984	865	0.47
984	874	0
984	883	0.385
984	886	0.382
984	894	0.299
984	900	0.545
984	907	0.667
984	917	0.373
984	927	0.588
984	948	0.376
984	965	1
984	966	0.508
984	970	0.617
984	971	1
984	991	0.508
984	997	0.554
984	1008	0.581
984	1011	0.459
984	1025	0.217
984	1046	0.407
984	1051	0.514
984	1060	0.682
984	1062	0.581
984	1277	0
984	1278	1
985	954	0.695
985	1432	0.88
986	144	0.24
986	457	1
986	728	0
986	917	0.331
986	971	1
987	984	0
988	202	0.729
989	718	0
991	71	0
993	58	0.627
993	144	0.522
993	769	0.544
993	792	0.55
993	948	0.179
994	22	0.515
994	55	0.3
994	58	0.465
994	79	0
994	144	0.7
994	307	0.28
994	470	0.291
994	770	0.563
994	792	0.352
994	900	0.311
994	945	0.274
994	948	0.177
995	53	0.526
995	55	0.56
996	648	0.31
997	71	0
999	1033	0.526
1000	724	0
1000	981	0
1002	905	0.544
1003	365	0.587
1005	260	0.472
1005	389	0.589
1005	632	0.516
1007	1006	0.182
1008	1006	0.599
1009	260	0.375
1011	560	0.426
1011	564	0.558
1011	761	0.229
1012	569	0.506
1012	1011	0.21
1013	564	0.308
1013	1014	0.506
1014	515	0.422
1014	560	0.494
1014	564	0.117
1014	761	0.569
1014	1255	0.552
1015	22	0.632
1015	572	0.426
1015	1014	0.226
1016	1014	0.686
1017	1011	0.107
1017	1014	0.689
1019	302	1
1019	602	1
1020	270	0.646
1020	289	0.646
1020	851	0.568
1021	270	0.685
1022	560	0.635
1025	928	0.633
1025	954	0.354
1025	1006	0.374
1025	1008	0.709
1025	1045	0.644
1025	1065	0.535
1027	1014	0.582
1028	55	0.601
1028	144	0.735
1028	586	0.444
1028	823	0.773
1028	1031	0
1029	71	0
1030	71	0
1031	594	0
1032	1053	0
1033	94	0.583
1035	883	0.322
1038	758	0.582
1038	1037	0
1040	838	0
1040	839	0
1040	840	0
1040	841	0
1041	483	0.475
1042	377	0.539
1042	630	1
1042	734	0.327
1042	1019	1
1043	698	1
1044	59	0.727
1045	953	1
1046	722	0.111
1046	1045	0.449
1047	856	0
1047	860	0
1048	1030	0.798
1049	1011	0.561
1051	993	0.513
1053	936	0
1053	1054	0.333
1054	1037	0
1055	1057	0
1055	1058	0
1057	851	0.463
1057	852	0.811
1057	857	0
1058	851	0.463
1058	852	0.811
1058	857	0
1058	1042	0.709
1060	220	0.41
1060	1443	0
1060	1444	0
1061	1065	0.504
1062	724	0
1062	854	0.581
1065	900	0.455
1065	1029	1
1065	1069	0.525
1067	1014	0.248
1068	1069	0.341
1069	890	0.307
1069	953	0.554
1072	641	0
1074	633	0.641
1074	898	0.785
1077	44	0.726
1077	778	0.082
1078	22	0.409
1080	260	0.333
1080	370	0.423
1080	602	0.45
1080	881	0.381
1082	960	0.084
1083	818	1
1085	724	0
1086	56	0.579
1086	56	0.579
1086	57	0.565
1086	801	0.843
1088	374	0.327
1089	47	0.759
1090	256	0.326
1090	899	0.294
1113	208	0.299
1115	216	0.745
1115	1287	1
1125	756	0
1126	28	0.289
1126	801	0.349
1128	1483	0.336
1130	55	0.45
1130	55	0.45
1130	57	0.516
1130	91	0.354
1130	307	0.358
1130	688	0.495
1130	713	0.747
1130	843	0.716
1130	966	0.643
1132	28	1
1133	268	0.476
1133	289	0.503
1133	634	0.772
1133	843	0.774
1133	1140	0
1133	1488	0.086
1133	1614	0.826
1135	417	0
1135	1618	0
1137	22	0.517
1137	116	0.383
1137	493	0.469
1139	713	0.703
1140	471	0
1140	1133	0
1141	57	0.568
1143	28	0.15
1145	57	0.663
1147	801	0.691
1148	55	0.666
1148	56	0.675
1148	57	0.525
1148	60	0.766
1148	61	0
1148	757	0.403
1149	641	0.654
1150	90	0.224
1151	57	0.612
1152	58	0.619
1152	59	0.573
1152	1148	0.515
1152	1248	0.693
1153	58	0.839
1153	59	0.758
1154	58	0.835
1154	59	0.623
1155	801	0.763
1156	71	0
1156	417	0.579
1156	754	0.483
1156	1313	0.384
1157	57	0.3
1158	154	0.198
1159	468	0.469
1159	697	0.564
1160	1161	0.827
1162	1153	0.292
1163	710	0.5
1165	91	0.161
1166	154	1
1166	181	0
1167	60	0
1168	511	0
1169	55	0
1169	447	0
1171	1116	0.546
1171	1133	0.749
1171	1344	0.275
1171	1396	0.086
1171	1468	0.097
1171	1496	0.492
1171	1497	0.551
1171	1498	0.517
1172	71	0
1173	57	0.474
1173	59	0.61
1173	87	0.626
1174	1161	0.675
1175	1129	0.497
1176	515	0.386
1176	533	0.303
1176	697	0.552
1176	1308	0.117
1177	216	0.844
1177	710	0.526
1178	243	1
1180	28	0.549
1180	91	0.548
1182	57	0.677
1183	57	0.445
1184	1152	0.794
1185	379	1
1185	429	0.653
1189	216	0.549
1190	468	0.513
1191	90	0.531
1191	232	0.313
1192	1193	0
1192	1212	0
1193	533	0.488
1193	602	0.477
1193	1196	0.605
1193	1313	0.486
1194	90	0.622
1195	256	0.458
1195	710	0.638
1196	302	0.628
1196	604	0.279
1197	1271	0.114
1199	9	0.326
1200	504	0.644
1201	9	0.632
1201	9	0.632
1201	197	0.546
1201	515	0.247
1201	572	0.616
1201	754	0.337
1201	1207	0.792
1201	1283	0.705
1203	578	1
1205	471	0.335
1207	197	0.427
1208	560	0.6
1209	58	1
1209	59	1
1209	1148	0.702
1211	1129	0
1212	1192	0
1212	1193	0.434
1213	641	0
1214	603	0.311
1215	154	0.353
1216	181	0
1217	1218	0
1218	376	0.126
1218	694	0.126
1219	1231	0.863
1220	1221	0
1220	1222	1
1221	377	0.263
1221	694	0.114
1221	1224	0.679
1222	1224	0
1223	1235	0.117
1224	376	0.073
1224	1221	0.679
1224	1223	0.638
1225	376	0.086
1226	713	1
1227	652	1
1228	365	0.393
1229	683	0.605
1230	369	0.598
1230	1229	0.401
1233	533	1
1235	376	1
1236	47	0.722
1236	133	0.569
1236	447	0.818
1236	484	0.718
1236	602	0.692
1236	1299	0
1238	57	0.575
1240	154	0.24
1241	87	0.631
1241	89	0.819
1241	91	0.401
1242	1187	0
1243	53	0.507
1243	256	0.536
1243	710	0.358
1244	379	0.522
1244	429	0.279
1245	378	0.808
1245	407	0.72
1245	1236	0.688
1246	59	0.691
1247	332	0.624
1248	56	0.659
1248	57	0.831
1248	757	0.747
1248	801	0.587
1248	1155	0.82
1249	133	0.627
1250	221	0
1252	219	0.492
1252	220	0.473
1252	378	0.848
1252	407	0.732
1252	1236	0.559
1253	219	0.459
1253	220	0.51
1254	219	1
1254	220	1
1255	379	0.147
1255	429	0.192
1256	417	0
1256	418	0
1257	144	0.689
1257	201	0.912
1257	1142	0.769
1260	60	0.529
1261	56	0.743
1261	57	0.654
1261	58	0.731
1261	59	0.726
1261	1248	0.809
1262	743	0.401
1263	28	0.631
1264	724	0
1265	713	0.508
1265	743	0.537
1265	1206	0.599
1266	1271	0.6
1266	1279	0
1267	1209	0.112
1269	1266	1
1270	216	0.615
1270	1312	0.493
1271	1266	0.6
1272	1266	1
1273	219	0
1273	220	0
1276	181	0
1277	81	0
1278	1292	0.558
1280	612	0.585
1280	634	0.627
1281	55	0
1282	488	0.407
1282	1552	0.368
1283	164	0.705
1283	981	0
1283	981	0
1284	164	0.547
1287	216	1
1288	57	0.633
1289	543	0.399
1290	376	0.329
1290	634	0.109
1290	694	0.108
1291	57	0.588
1291	58	0.655
1291	59	0.616
1291	1148	0.666
1291	1248	0.734
1292	1202	0.623
1293	1240	0
1294	572	0.596
1295	216	0.561
1296	268	0.306
1296	270	0.344
1296	1199	0.364
1297	216	0.427
1300	302	0.336
1300	533	0.485
1300	602	0.482
1300	1197	0
1300	1271	0.459
1301	181	0
1301	256	0.592
1302	1138	0
1304	1115	0.607
1304	1312	0.517
1304	1441	0.123
1306	216	0.718
1309	154	0.406
1309	216	0.654
1310	365	0.359
1310	376	1
1310	377	1
1312	216	0.715
1312	1270	0.493
1313	476	0.337
1313	634	0.327
1315	1231	0.736
1317	697	0.577
1317	815	0.663
1318	216	0
1323	201	0.663
1323	488	0.627
1324	417	0.523
1324	418	0.444
1325	1154	0.463
1328	683	0.486
1330	713	1
1331	379	0.558
1331	429	1
1334	1396	0.471
1335	1116	0.434
1337	829	0.784
1337	1469	0.58
1352	1133	0.798
1356	1604	0.597
1360	1545	0.479
1360	1625	0.46
1366	611	0.343
1366	612	0.344
1366	1412	0.498
1370	1442	0
1376	1432	0.762
1377	811	0.252
1377	1412	0.288
1380	604	0.346
1380	710	0.495
1380	1441	0.397
1380	1567	0.37
1382	612	0.582
1386	1412	0.389
1387	811	0
1389	1391	0.306
1391	1133	0.419
1392	1460	0.4
1392	1461	0.362
1393	710	0.387
1414	811	0.399
1414	1405	1
1414	1432	0.39
1423	1116	0.639
1424	633	0.376
1424	811	0.506
1424	1400	0.765
1424	1412	0.473
1432	602	0.816
1432	603	0.673
1432	634	0.49
1432	636	0.83
1432	698	1
1432	867	1
1432	990	0.656
1432	1015	0.801
1432	1372	0.536
1432	1411	0.834
1432	1412	0.294
1432	1472	0.391
1432	1486	0.265
1432	1550	0.912
1432	1591	0.689
1432	1604	0.383
1443	604	0.591
1443	636	0.639
1443	867	0.286
1443	1060	0
1443	1455	0.735
1443	1525	0.558
1443	1540	0
1443	1603	0.899
1443	1610	1
1444	586	0.665
1444	610	0.717
1444	611	0.703
1444	636	0.827
1444	867	0.505
1444	1060	0
1444	1133	0.878
1444	1375	0.73
1444	1525	0.564
1444	1540	0
1444	1554	0.316
1444	1564	0
1444	1603	0.832
1444	1610	1
1444	1611	0
1454	1562	0.781
1469	634	0.17
1469	638	0.165
1469	697	0.503
1469	1586	0.181
1469	1587	0.181
1469	1591	0.194
1475	1116	0.31
1475	1496	0.284
1484	1396	0.759
1484	1467	0.759
1484	1496	0.759
1486	612	0.488
1487	1465	0.4
1501	1116	0.363
1507	1133	0
1515	897	0.695
1515	1604	0.627
1523	611	0.291
1523	811	0.222
1523	867	0.584
1523	1116	0.46
1523	1363	0.505
1523	1396	0.411
1523	1467	0.554
1523	1510	0.19
1523	1525	0.491
1525	769	0.687
1525	1352	0.558
1530	1392	0.633
1530	1464	0.277
1530	1465	0.423
1531	1392	0.342
1531	1400	0.533
1531	1552	0.15
1536	815	0
1536	1469	0
1538	1522	0.497
1540	871	0
1540	1443	0
1540	1444	0
1545	616	0.374
1546	616	0.364
1546	1540	0
1547	1524	0.766
1547	1545	0.509
1547	1625	0.142
1554	751	0
1554	769	0.648
1554	906	0.627
1554	1352	0.317
1554	1406	0.467
1554	1412	0.593
1554	1496	0.437
1561	661	1
1562	897	0.65
1562	1491	0.591
1562	1604	0.62
1571	615	0.77
1571	657	0.292
1579	908	0
1579	1618	0.688
1581	1401	0.331
1589	1443	0
1591	1250	0
1614	1133	0.826
1614	1618	0.787
1615	622	0.854
1616	610	0.655
1617	610	0.584
1618	1443	0.635
1618	1444	0.854
1619	1443	0.628
1619	1444	0.663
1625	1523	0.353
1634	1561	0.49
