1	55	0.559
1	55	0.559
1	57	0.655
1	58	0.644
1	249	0.536
1	843	0.614
4	430	0.783
4	681	0.612
4	683	0.665
5	529	0.583
6	162	0
6	308	0
6	648	0
8	121	0.654
8	146	0.81
8	378	0.844
8	471	0.819
8	489	0.786
8	558	0.9
8	559	0.69
8	698	1
8	815	0.864
8	956	0.82
9	49	0.376
9	81	0.556
9	271	1
11	367	0.41
13	28	0.639
14	724	0
16	196	0.282
17	242	0.66
18	71	0
18	376	0.297
19	445	0.237
21	579	0.548
22	17	0.893
22	55	0.671
22	55	0.671
22	91	0.62
22	91	0.62
22	144	0.706
22	249	0.857
22	279	0
22	301	0.837
22	307	0.616
22	308	0.905
22	308	0.905
22	312	0.498
22	335	0.763
22	350	0.711
22	351	0.815
22	352	0.823
22	413	0.856
22	421	1
22	434	0.314
22	440	0.703
22	458	0.826
22	493	0.618
22	560	0.801
22	560	0.801
22	572	0.66
22	623	0.655
22	636	0.955
22	653	0.63
22	688	0.658
22	724	0
22	843	0.879
22	915	1
22	920	1
22	921	1
22	956	0.826
22	1255	0.538
24	47	0.316
25	26	0.837
26	10	0.646
26	476	0.84
27	977	0.234
28	91	0.815
28	158	0.597
28	402	0.567
29	53	0.767
29	154	0.773
31	695	0.582
35	524	0.728
35	531	0.764
36	579	0.582
36	588	0.595
36	789	0.191
36	983	0.612
37	579	0.492
38	578	0.802
38	579	0.492
39	579	0.472
40	36	0.648
40	579	0.595
41	579	0.538
42	579	0
43	20	0.652
44	724	0
46	378	0.564
46	379	1
46	419	0.546
46	420	0.602
46	429	0.662
47	133	0.776
47	344	0.164
47	358	0.164
47	360	0.171
47	797	0
47	1079	0
48	8	0.556
48	66	0.564
48	67	0.574
48	126	0.709
48	127	0.969
48	237	0.713
48	445	0.803
48	448	0.597
48	484	0.696
48	484	0.696
49	81	0.444
49	81	0.444
49	91	0.488
50	48	0.855
50	66	0.648
50	126	0.682
50	127	0.905
50	237	0.75
50	484	0.73
50	537	0.663
50	556	0.823
52	71	0
53	154	0.662
53	307	0.677
53	421	1
53	915	1
54	853	0
54	857	0
55	56	0.785
55	57	0.639
55	58	0.729
55	58	0.729
55	59	0.733
55	59	0.733
55	91	0.739
55	1148	0.641
56	55	0.785
56	59	0.726
56	131	0.657
56	801	0.654
57	55	0.639
57	56	0.734
57	58	0.832
57	58	0.832
57	131	0.631
57	801	0.635
58	28	0.472
58	55	0.729
58	56	0.828
58	57	0.832
58	59	0.781
58	60	0.8
58	61	0
58	617	0.389
58	757	0.59
58	801	0.633
58	1234	0.656
58	1261	0.774
59	55	0.733
59	56	0.726
59	57	0.766
59	58	0.781
59	60	0.669
59	61	0
59	61	0
59	158	0.75
59	484	0.821
59	757	0.765
59	801	0.619
59	1146	0.667
59	1155	0.838
59	1261	0.794
60	56	0.715
60	57	0.808
60	801	0.8
60	1086	0.75
61	58	0
61	59	0
62	131	0.539
62	713	0.662
62	1327	0
63	302	0.705
63	697	0.922
63	1284	0.787
65	47	0.284
68	242	0.866
68	533	0.746
68	1284	0.697
69	154	0.37
69	154	0.37
70	569	0.745
70	1011	0.568
70	1014	0.272
71	76	0
71	78	0
71	80	0
71	105	0
71	134	0
71	135	0
71	180	0
71	278	0
71	447	0
71	448	0
71	458	0
71	522	0
71	523	0
71	528	0
71	541	0
71	552	0
71	722	0
71	734	0
71	766	0
71	767	0
71	768	0
71	774	0
71	814	0
71	818	0
71	872	0
71	939	0
71	1008	0
71	1016	0
71	1048	0
71	1061	0
71	1062	0
71	1065	0
71	1087	0
71	1169	0
72	323	0.905
72	765	0
73	342	0.672
74	72	0
74	447	0
74	457	0
75	57	0.625
75	60	0.772
75	72	0.535
75	91	0.526
75	233	0.635
75	554	0.712
75	572	0.906
75	579	0.799
75	646	0.81
75	648	0.572
75	703	0.713
75	737	0.479
75	907	0.379
75	948	0.525
75	1050	0.522
76	72	0.545
76	233	0.628
76	554	0.721
76	646	0.747
77	75	0.763
77	703	0.536
78	72	0.357
78	74	0
78	79	0
78	447	0.37
78	552	0.419
79	144	0
79	323	0
79	415	0
79	428	0
79	572	0
79	1062	0
80	144	0.634
80	648	0.692
81	212	0.588
81	521	0.639
81	521	0.639
81	583	0.621
81	773	0.372
81	984	0.538
81	1170	0.355
82	443	0.266
82	443	0.266
83	94	0.928
83	154	0.494
83	479	0.969
85	28	0.653
85	87	0.774
85	239	0.339
85	340	0
85	484	0.551
86	60	0.65
86	393	0.807
87	28	0.581
87	28	0.581
87	55	0.684
87	57	0.581
87	58	0.672
87	59	0.674
87	60	0.64
87	73	0.683
87	88	0.836
87	89	0.901
87	90	0.731
87	172	0.791
87	233	0.679
87	251	0.666
87	251	0.666
87	272	0.607
87	284	0.43
87	284	0.43
87	342	0.876
87	342	0.876
87	421	1
87	494	0.931
87	497	0.758
87	574	0.729
87	587	0.705
87	713	0.839
87	757	0.486
87	765	0
87	828	0.638
87	909	0
87	983	0.566
87	988	1
87	994	0.622
87	1127	0.847
87	1248	0.713
87	1259	0.438
88	87	0.836
88	342	0.874
88	393	0.804
88	393	0.804
88	394	0.634
88	395	0
88	493	0.471
89	73	0.675
89	73	0.675
89	91	0.705
89	233	0.725
89	342	0.964
89	497	0.748
89	909	0
89	988	0.425
90	46	0.551
90	46	0.551
90	60	0.69
90	85	0.799
90	87	0.731
90	340	0
90	425	0.721
90	585	0.825
90	988	0.644
90	1179	0.605
91	87	0.633
91	87	0.633
91	88	0.758
91	88	0.758
91	89	0.705
92	589	1
93	197	0.621
93	714	0.883
93	1161	0.686
93	1193	0.638
93	1196	0.678
94	133	0.894
94	154	0.49
94	211	1
94	216	0.81
94	305	0.922
94	389	0.433
94	483	0.392
94	961	0.837
94	1074	0.725
94	1312	0.691
96	118	0.701
96	119	0.845
96	120	0.8
96	122	0.794
96	187	0.855
97	118	0.824
98	187	0.696
98	574	0.689
98	574	0.689
99	574	0.756
100	574	0.452
101	574	0.776
105	144	0
105	368	0
106	664	0.525
106	666	0.58
107	482	0.423
108	714	0.699
111	389	0.66
112	118	0.691
112	118	0.691
113	119	0.774
113	122	0.695
114	118	0.691
115	101	0.846
115	187	0.758
116	279	0
116	421	1
116	434	0.643
116	493	0.678
116	706	0.452
116	915	1
116	920	1
116	921	1
116	1077	0.567
116	1128	0.632
116	1255	0.515
118	55	0.616
118	97	0.824
118	536	0.868
119	187	0.725
119	478	0.821
119	574	0.734
121	28	0.458
121	165	1
121	417	0.616
121	493	0.682
121	648	0.733
121	929	0
121	945	0.67
122	58	0.671
122	574	0.603
123	119	0.834
124	133	1
126	112	0.763
126	112	0.763
126	262	0.619
126	484	0.821
127	66	0.584
127	262	0.138
127	484	0.725
128	572	1
129	65	1
131	62	0.539
131	340	0
131	713	0.66
131	787	0.66
131	1241	0.632
132	87	0.813
132	89	0.747
133	144	0.97
133	757	0.38
133	1209	0.74
134	447	0.727
134	477	0.658
134	484	0.717
135	165	1
136	148	0
136	511	0
137	60	0.592
137	61	0
137	181	0
137	407	0.712
137	407	0.712
137	633	0.698
137	710	0.572
139	64	0.891
141	471	0.859
141	627	0.825
142	28	0.628
144	94	0.903
144	751	0.166
144	797	0
144	881	0.338
144	1075	1
144	1076	0.863
145	144	1
145	180	0
146	8	0.81
146	70	0.725
146	173	0.895
146	403	0.234
146	869	1
147	70	0.859
147	173	0.743
148	57	0.597
148	59	0.663
149	223	0.346
149	490	0.358
150	233	0.546
150	389	0.831
150	400	0.849
150	554	0.623
150	632	0.828
152	652	0.664
152	1297	0.638
153	66	0.659
154	94	0.49
154	319	0.524
154	652	0.472
154	695	0.564
154	897	0.56
154	897	0.56
154	1074	0.411
158	28	0.597
158	84	0.672
158	131	0.771
158	511	0.784
160	81	0.515
161	542	0
164	168	0.281
164	522	0
164	523	0.674
164	1016	0.521
165	121	1
165	481	1
165	540	1
165	993	1
166	46	0.585
166	379	1
167	101	0.808
167	154	0.521
167	187	0.698
167	413	0.754
167	478	0.873
167	621	0.608
168	522	0
169	424	0
170	513	0
171	710	0.683
171	1243	0.461
172	484	0.765
173	22	0.843
174	160	0
174	161	0
174	802	0
174	803	0
174	804	0
175	101	1
177	90	0.626
180	144	0
180	144	0
180	253	0
180	817	0
180	893	0
180	894	0
180	1209	0
181	307	0
181	308	0
182	527	0
183	572	0.745
183	757	0.579
185	471	1
187	60	0.471
187	175	1
187	471	0.728
187	574	0.887
187	574	0.887
187	611	0.664
187	757	0.405
187	1209	0.74
187	1261	0.696
187	1291	0.556
189	640	0.713
190	208	0.443
190	209	0.428
193	421	0.784
195	445	0.244
196	197	0.477
197	85	0.61
197	93	0.621
197	217	0.79
197	302	0.715
197	417	0.754
197	421	0.784
197	447	0.461
197	482	0.516
197	533	0.593
197	552	0.585
197	572	0.704
197	578	0.526
197	602	0.601
197	632	0.675
197	634	0.507
197	636	0.644
197	697	0.526
197	706	0.384
197	933	0.556
197	938	0.575
197	1015	0.487
197	1190	0.67
197	1313	0.593
199	55	0.697
199	1153	0.696
199	1154	0.578
201	206	0.625
201	208	0.692
201	208	0.692
203	202	0.782
203	202	0.782
203	351	0.71
205	206	0.741
206	590	0.621
207	206	0.711
207	590	0.557
210	202	0.637
211	133	1
211	253	1
211	1052	0
212	282	0
212	569	0.601
212	1011	0.268
214	602	0.619
217	302	0.748
217	515	0.614
217	533	0.668
217	602	0.648
217	632	0.692
217	1015	0.596
217	1071	0.651
217	1204	0.397
219	211	1
219	432	0.603
219	435	1
219	439	0.671
219	490	0.7
219	1113	0.604
219	1171	0.647
219	1257	0.623
220	91	0.5
220	94	0.699
220	133	0.625
220	144	0.61
220	197	0.704
220	198	0.689
220	211	1
220	219	0.982
220	253	0.609
220	378	0.685
220	408	0.762
220	409	0.666
220	432	0.643
220	435	1
220	439	0.689
220	490	0.713
220	507	0.598
220	518	0.553
220	528	0.338
220	591	0.591
220	635	0.662
220	648	0.632
220	652	0.689
220	894	0.31
220	909	0
220	922	0.548
220	945	0.54
220	946	0.362
220	989	1
220	1028	0.718
220	1033	0.557
220	1062	0.649
220	1113	0.595
220	1171	0.635
220	1257	0.647
221	414	0.923
221	490	0.947
221	1249	0.813
222	215	0
222	410	0
224	223	0.772
226	231	0.757
227	228	1
228	248	0.806
228	495	0.686
230	225	0.951
232	85	0.928
232	90	0.782
232	441	0.716
232	448	0.636
232	617	0.246
232	1179	0.494
233	220	0.789
233	260	0.537
233	302	0.626
233	361	0.181
233	470	0.706
233	515	0.543
233	533	0.554
233	554	0.796
233	602	0.482
233	632	0.565
233	734	0.707
233	1140	0
233	1203	0.521
233	1204	0.75
233	1300	0.468
234	618	0.425
238	237	0.919
241	90	0.405
241	239	0.175
242	166	0.669
242	197	0.72
242	232	0.719
242	243	0.618
242	355	0.475
242	448	0.689
242	585	0.707
242	603	0.759
243	242	0.618
243	242	0.618
247	315	0
248	374	0.577
249	243	0.515
249	757	0.446
252	9	0
253	133	0.904
255	307	0
255	308	0
256	181	0
256	264	0.318
256	529	0.635
256	529	0.635
256	756	0.61
257	258	0.425
260	154	0.509
260	163	0
260	533	0.688
260	602	0.792
260	635	0.773
260	737	0.511
260	900	0.661
260	948	0.562
260	1083	0.565
264	181	0
264	219	0.66
264	270	0.632
264	312	0.224
264	516	0.515
266	146	1
266	403	0.191
266	468	1
266	515	1
266	515	1
266	914	1
267	118	0.646
267	915	1
268	9	0.527
268	275	0.791
268	515	0.588
268	516	0.668
268	572	0.676
268	632	0.748
268	761	0.602
268	1012	0.475
268	1201	0.58
269	311	0.395
269	572	0.589
270	311	0.408
270	417	0.716
270	530	0.668
270	1283	0.598
274	330	0.415
274	633	0.792
275	268	0.791
275	283	0.544
275	312	0.625
275	515	0.512
276	311	0.754
278	277	0
279	421	0
280	202	0.676
282	202	0
282	311	0
282	364	0
282	468	0
282	494	0
282	560	0
282	565	0
282	572	0
282	579	0
283	22	0.653
283	35	0.629
283	36	0.487
283	572	0.643
283	578	0.505
284	91	0.457
284	724	0
285	695	0.559
286	521	0.661
287	288	0.547
288	346	0.703
288	515	0.457
289	9	0.593
289	97	0.533
289	270	1
289	419	0.506
289	443	0.506
289	530	0.668
289	1201	0.62
296	21	0.395
296	40	0.573
296	579	0.595
296	582	0.503
296	632	0.454
296	1015	0.42
296	1250	0
296	1285	0.352
296	1317	0.285
297	40	0.515
297	46	0.24
297	116	0.649
297	552	0.457
297	582	0.44
297	1010	0.797
298	164	0.44
298	530	0.325
299	27	0.235
300	306	0.793
301	430	0.862
301	515	0.528
302	93	0.759
302	219	0.787
302	266	1
302	533	0.763
302	572	0.751
302	602	0.722
302	625	0.685
302	630	0.685
302	698	1
302	706	0.507
302	818	1
302	1005	0.614
302	1033	0.595
302	1197	0.372
305	652	0.95
305	897	0.841
306	310	0
307	53	0.677
307	133	0.346
307	144	0.361
307	154	0.402
307	427	0.465
307	447	0.682
307	549	0.404
307	648	0.545
307	742	0.678
307	877	0.304
307	1188	0.918
308	22	0.905
308	53	0.842
308	98	0.739
308	154	0.612
308	202	0.652
308	307	0.733
308	616	0.703
308	648	0.735
309	310	0
310	306	0
311	170	0
311	282	0
311	417	0.481
311	421	0.453
311	481	0.468
311	488	0.581
311	493	0.343
311	532	0
311	534	0.526
311	539	0.371
311	560	0.561
311	565	0.465
311	572	0.414
311	572	0.414
311	579	0.273
311	587	0.359
311	706	0.415
311	707	0.359
311	708	0.162
312	219	0.321
312	219	0.321
312	220	0.321
312	264	0.224
312	275	0.625
312	373	0.52
312	421	0.356
312	533	0.531
312	572	0.444
312	593	0.308
312	602	0.676
313	60	0.759
313	91	0.605
313	91	0.605
313	1006	0.468
315	57	0
315	329	0
318	71	0
318	71	0
318	91	0.735
318	552	0.487
319	305	0.89
319	897	0.9
320	620	0.673
322	479	0.815
325	60	0.612
325	483	0.516
325	1153	0.746
325	1154	0.579
325	1261	0.775
331	202	0
332	87	0.625
332	166	0.694
332	801	0.591
333	413	0.658
333	695	0.734
334	28	0.886
334	1129	0.79
335	20	0.647
335	28	0.647
335	62	0.603
335	551	0.713
336	520	0.712
338	50	0.812
339	22	0
339	337	0
339	484	0
340	91	0
341	135	0.529
342	73	0.672
342	73	0.672
342	762	0.976
343	90	0.81
343	232	0.963
343	232	0.963
344	345	0.199
344	377	0.189
345	334	0.265
345	376	0.319
345	377	0.44
345	660	0.383
345	662	0.308
346	347	0.575
347	22	0.666
347	74	0
347	79	0
347	219	0.588
347	220	0.581
347	370	0.744
347	447	0.431
347	515	0.554
347	523	0.624
347	602	0.639
347	698	0.455
347	756	0.636
347	867	0.608
348	358	0.203
348	358	0.203
348	360	0.177
348	360	0.177
348	448	0.893
348	448	0.893
348	522	0
348	575	0.871
349	339	0
349	448	1
350	348	0.759
350	448	0.675
351	348	0.833
351	448	0.794
352	348	0.851
352	448	0.852
354	377	0.608
355	362	1
356	357	0.357
356	419	0.585
357	193	0.324
357	683	0.512
360	1224	0.196
361	1225	0.884
364	565	0.868
365	370	0.695
365	420	0.291
365	602	0.584
365	638	0.291
365	744	0.527
365	867	0.527
365	881	0.537
366	365	0
367	22	0.76
367	71	0
367	368	0.512
367	522	0
368	71	0
368	1172	0.429
369	643	0.838
369	644	0.823
369	664	0.762
369	666	0.82
369	683	0.891
370	219	0.745
370	302	0.839
370	515	0.731
370	938	0.816
372	1219	0.8
372	1315	0.911
373	62	0.34
373	87	0.497
373	253	0.236
373	515	0.476
373	577	0.312
373	713	0.328
374	219	0.555
374	233	0.356
374	249	0.339
374	377	0.542
374	552	0.608
374	602	0.578
374	602	0.578
374	876	0.507
376	377	0.705
376	602	0.577
376	634	0.714
376	635	0.733
376	636	0.801
376	1235	1
376	1313	0.488
376	1314	0.846
377	376	0.705
377	486	0
377	634	0.682
377	636	0.811
377	638	0.64
377	694	0.72
378	47	0.812
378	55	0.739
378	58	0.639
378	58	0.639
378	60	0.612
378	84	0.638
378	133	0.834
378	211	1
378	243	0.489
378	253	0.883
378	407	0.932
378	417	0.686
378	447	0.874
378	484	0.788
378	602	0.556
378	648	0.614
378	652	0.928
378	757	0.494
378	1152	0.586
378	1248	0.694
378	1299	0.191
379	378	1
379	405	1
379	407	1
379	482	1
379	881	1
379	1236	1
380	273	0.902
382	22	0
386	695	0.442
388	302	0.637
388	533	0.629
389	533	0.636
389	560	0.685
389	698	1
389	714	0.796
389	1161	0.581
389	1176	0.546
389	1213	0
390	391	0.246
391	26	0.396
392	28	0.642
392	142	0.372
392	792	0.568
399	259	0.735
400	68	0.912
400	468	0.698
400	533	0.707
400	572	0.772
400	602	0.693
400	697	0.698
400	1083	0.726
400	1149	0.697
400	1159	0.608
401	379	0.356
403	220	0.322
403	378	0.191
404	421	0.784
405	211	0.661
405	418	0.545
405	435	1
405	439	0.846
405	1113	0.677
405	1164	0.769
405	1247	0.867
405	1249	0.649
405	1257	0.723
406	124	0.413
406	823	1
407	47	0.735
407	133	0.75
407	219	0.588
407	253	0.769
407	253	0.769
407	261	0.191
407	282	0
407	358	0.16
407	360	0.141
407	377	0.64
407	426	0.191
407	447	0.91
407	484	0.745
407	490	0.867
407	552	0.494
407	602	0.585
407	1299	0.191
408	328	1
408	332	0.714
408	439	0.904
409	74	0
410	620	0.402
412	28	0.305
412	371	0.633
412	632	0.391
413	479	0.794
413	484	0.871
413	756	0.792
413	956	0.775
414	323	0.908
414	428	0.886
416	74	0
417	58	0.729
417	75	0.831
417	144	0.577
417	211	1
417	219	0.9
417	220	0.892
417	253	0.583
417	379	1
417	407	0.582
417	432	0.655
417	439	0.693
417	488	0.797
417	490	0.721
417	591	0.582
417	619	0.583
417	625	0.64
417	724	0
417	757	0.49
417	1196	0.707
417	1248	0.743
417	1257	0.696
418	144	0.526
418	219	0.812
418	220	0.825
418	332	0.731
418	417	0.835
419	378	0.809
419	405	0.838
419	406	1
419	482	0.732
420	378	0.932
420	405	1
420	406	1
420	448	0.821
420	482	0.803
420	1268	0.908
421	351	1
421	378	1
421	379	1
421	417	1
421	419	1
421	429	1
421	482	1
421	619	0.413
421	645	1
421	1039	0.784
421	1307	0.784
422	242	0.637
422	636	0.563
423	176	1
423	188	1
424	270	0.553
424	289	0.553
424	530	0.343
424	857	0
424	1072	0
428	414	0.886
429	378	0.908
429	407	0.821
429	1236	0.821
430	220	0.647
430	335	0.648
430	378	0.846
430	405	0.723
430	406	0.784
430	482	0.816
430	482	0.816
430	1268	0.908
431	554	0.64
432	431	0.513
432	438	0.713
432	442	0.647
432	931	0.506
432	1298	0.318
433	438	0.322
433	931	0.661
433	1298	0.602
434	379	0.255
434	420	0.255
434	429	0.314
435	208	1
438	442	0.305
439	144	0.856
439	201	0.908
439	1142	0.901
440	190	0.499
440	201	0.682
440	488	0.701
440	541	0.592
441	369	0.823
441	421	1
441	454	1
441	670	0.593
441	1229	1
443	97	1
443	118	1
446	478	0.562
447	243	0.404
447	414	0.931
448	94	0.883
448	219	0.744
448	234	1
448	243	0.519
448	340	0
448	344	0.179
448	348	0.893
448	350	0.675
448	352	0.852
448	358	0.179
448	360	0.171
448	361	0.241
452	463	0.59
453	572	0.657
454	350	1
454	351	1
454	421	1
454	938	1
455	652	0.928
455	897	0.78
457	152	0.508
457	579	0.565
457	949	0
458	501	0.825
458	501	0.825
459	465	0
460	348	0.889
460	417	0.859
460	572	0.764
461	1080	0.215
463	146	0.466
463	221	0.489
463	302	0.707
463	370	0.692
463	515	0.576
463	533	0.576
463	602	0.639
463	869	0.574
464	57	0.468
464	58	0.593
465	315	0
466	101	0.883
466	175	1
467	636	0.817
468	515	0.948
468	625	0.829
468	1266	0.933
470	70	0.572
470	146	0.632
471	187	0.728
471	413	0.903
471	515	0.541
471	574	0.785
472	122	0.863
473	120	0.761
474	578	0.692
474	580	0
475	270	1
475	270	1
475	307	0.076
475	307	0.076
476	44	0.553
476	45	0.53
476	96	0.853
476	101	0.892
476	118	0.713
476	119	0.892
476	119	0.892
476	120	0.895
476	130	0.886
476	261	0.191
476	500	0.787
476	525	0.531
478	119	0.821
479	427	0.67
479	464	0.901
479	484	0.79
482	47	0.798
482	71	0
482	124	1
482	133	0.734
482	211	1
482	407	0.803
482	408	0.871
482	414	0.858
482	417	0.797
482	418	0.651
482	435	1
482	439	0.881
482	447	0.835
482	483	0.461
482	547	0.881
482	574	0.705
482	619	0.664
482	627	0.741
482	634	0.801
482	909	0
482	922	0.6
482	989	1
482	1113	0.689
482	1164	0.741
482	1247	0.889
482	1249	0.78
482	1257	0.816
483	22	0.486
483	36	0.413
483	116	0.673
483	348	0.553
483	479	0.415
483	486	0
483	575	0.537
484	48	0.696
484	56	0.577
484	57	0.69
484	58	0.702
484	59	0.821
484	60	0.591
484	61	0
484	119	0.829
484	242	0.638
484	267	0.676
484	413	0.871
484	471	0.927
484	476	0.801
484	538	0.787
484	695	0.689
484	1154	0.615
484	1261	0.702
484	1291	0.614
487	572	0.542
488	55	0.874
488	145	1
488	308	0.827
488	590	0.713
488	594	0.803
488	823	0.852
488	1031	0
489	261	0.191
489	1291	0.693
490	48	0.644
490	50	0.7
490	55	0.745
490	55	0.745
490	144	0.772
490	443	1
490	823	0.745
491	209	0.624
492	678	0.691
493	8	0.579
493	44	0.572
493	45	0.526
493	55	0.473
493	379	1
493	392	0.636
493	417	0.581
493	421	1
493	432	0.564
493	438	0.405
493	483	0.662
493	560	0.604
493	579	0.645
493	1062	0.443
494	421	1
496	275	0.432
496	296	0.342
496	297	0.322
496	312	0.324
497	448	0.768
497	1129	0.642
499	518	0.355
500	120	0.76
501	81	0.575
502	783	0
504	502	1
506	367	0.654
506	515	0.686
506	593	0.438
506	634	0.611
506	636	0.843
507	22	0.593
508	22	0.478
508	22	0.478
508	507	0.885
508	522	0
510	103	0.478
510	157	0.505
510	219	0.606
510	222	0
510	632	0.511
511	64	0.621
511	64	0.621
511	139	0.784
511	158	0.784
511	1168	0
512	202	0.655
512	202	0.655
513	13	0.822
514	216	0.682
514	1312	0.564
515	22	0.717
515	22	0.717
515	104	0.569
515	116	0.568
515	221	0.613
515	244	0
515	294	0.622
515	417	0.64
515	448	0.637
515	482	0.591
515	518	0.701
515	552	0.531
515	572	0.638
515	697	0.879
515	876	0.589
515	981	0
515	982	0
515	1130	0.7
516	552	0.57
516	554	0.646
517	284	0.522
517	518	0.65
518	20	0.71
518	103	0.597
518	164	0.465
518	168	0.465
518	219	0.516
518	284	0.463
518	288	0.318
518	367	0.499
518	448	0.724
518	507	0.503
518	519	0.325
518	519	0.325
518	522	0
518	608	0.673
519	22	0.489
519	283	0.377
519	507	0.226
519	518	0.325
521	55	0.579
521	76	0.586
521	130	0.743
521	144	0.6
521	145	0.661
521	165	1
521	447	0.737
521	476	0.759
521	541	0.667
521	616	0.566
522	58	0
522	71	0
522	72	0
522	74	0
522	143	0
522	164	0
522	197	0
522	208	0
522	209	0
522	209	0
522	211	0
522	282	0
522	307	0
522	373	0
522	409	0
522	448	0
522	457	0
522	488	0
522	552	0
522	559	0
522	560	0
522	572	0
522	593	0
522	594	0
522	629	0
522	985	0
522	1285	0
522	1294	0
522	1307	0
523	8	0.824
523	58	0.736
523	208	0.73
523	307	0.617
523	370	0.801
523	409	0.591
523	424	0.509
523	457	0.739
523	530	0.84
523	551	0.732
523	560	0.82
523	721	0.657
523	722	0.459
523	726	0.693
523	737	0.505
523	754	0.752
523	796	0
523	810	0.665
523	818	1
523	834	0.618
523	847	0.462
523	855	0.458
523	865	0.646
523	883	0.474
523	900	0.656
523	907	0.437
523	908	0
523	917	0.52
523	929	0
523	948	0.494
523	953	1
523	989	1
523	991	0.587
523	1016	0.704
523	1017	0.462
523	1045	0.65
526	796	0
527	202	0.75
527	202	0.75
527	666	0.662
529	248	0.615
530	164	0.583
530	367	0.713
530	518	0.63
530	878	0
530	981	0
533	71	0
533	164	0.662
533	206	0.571
533	367	0.619
533	515	0.711
533	518	0.834
533	522	0
533	878	0
533	981	0
533	981	0
535	529	0.62
536	443	1
537	114	0.778
537	484	0.77
539	28	0.524
540	55	0.667
541	22	0.673
541	53	0.66
541	53	0.66
541	55	0.533
541	130	0.731
541	165	0.784
541	190	0.465
541	379	0.784
541	429	0.712
541	551	0.597
541	648	0.484
541	756	0.623
542	165	1
543	28	0.563
543	87	0.831
544	335	0.521
544	348	0.618
544	407	0.769
544	619	0.751
544	632	0.498
547	332	0.652
548	119	0.429
549	154	0.653
549	695	0.534
550	118	0.348
551	233	0.57
551	515	0.694
551	518	0.688
551	519	0.536
551	982	0
552	197	0.585
552	249	0.575
552	302	0.623
552	378	0.547
552	414	0.572
552	419	0.492
552	482	0.593
552	572	0.582
552	602	0.531
552	632	0.573
552	688	0.64
552	891	0.426
554	146	0.615
554	260	0.596
554	470	0.81
554	646	0.743
554	876	0.728
558	67	0.784
559	58	0.593
559	59	0.653
560	55	0.849
560	403	0.529
560	417	0.805
560	418	0.711
561	86	0.957
562	563	0.384
563	22	0.619
563	116	0.539
563	116	0.539
563	572	0.652
564	562	0.468
567	565	0.809
569	761	0.698
570	219	0.657
570	572	0.785
570	578	0.649
571	154	0.518
572	28	0.634
572	219	0.751
572	220	0.74
572	282	0
572	421	1
572	434	0.643
572	444	0.542
572	448	0.575
572	482	0.654
572	487	0.542
572	493	0.561
572	515	0.638
572	560	0.7
572	564	1
572	632	0.743
572	703	0.722
572	761	0.638
572	1135	0.643
572	1266	0.639
573	22	0.664
573	572	0.589
573	1014	0.532
574	96	0.786
574	97	0.723
574	101	0.776
574	175	1
574	187	0.887
574	449	0.857
574	538	0.733
575	362	0.234
576	34	0.311
576	374	0.361
576	704	0.333
578	412	0.305
578	587	0.75
578	724	0
579	233	0.579
579	282	0
579	348	0.588
579	378	0.438
579	412	0.305
579	522	0
579	554	0.687
579	588	0.436
579	724	0
579	1285	0.427
580	581	0
582	297	0.44
582	526	0.625
582	526	0.625
582	579	0.518
585	454	1
585	497	0.545
585	1303	0.332
586	611	0.686
587	392	0.673
587	431	0.616
587	432	0.706
587	433	0.679
587	438	0.511
587	442	0.631
587	1388	0.363
587	1434	0.415
588	392	0.645
588	433	0.51
588	438	0.595
588	796	0
588	799	0.624
588	1000	0.693
589	249	0.234
591	55	0.709
591	144	0.741
591	253	0.769
591	1455	0.65
595	49	0.534
596	578	1
597	610	0.266
597	657	0.1
599	264	0.548
599	270	0.437
599	312	0.187
600	228	0.868
600	229	0.818
602	219	0.528
602	302	0.722
602	515	0.846
602	572	0.639
602	625	0.929
602	1305	1
603	376	0.73
603	377	0.742
603	602	0.551
603	638	0.681
603	697	0.579
603	1133	0.736
603	1308	1
603	1314	0.813
603	1390	0.809
603	1469	0.484
604	266	1
604	302	0.761
604	417	0.736
604	515	0.7
604	554	0.65
604	554	0.65
604	630	0.725
604	1432	0.822
605	339	0
606	522	0
607	611	0.686
607	1116	0.584
607	1412	0.565
607	1498	0.582
607	1603	0.675
611	428	0.851
611	612	0.897
612	113	0.746
612	675	0.81
612	897	0.834
612	1133	0.835
612	1412	0.498
612	1442	0
612	1524	0.688
613	47	0.688
614	609	0.84
615	610	0.746
615	611	0.762
616	290	0.669
616	291	0.91
616	292	0.722
616	611	0.583
616	627	0.498
616	661	0.63
616	811	0.631
616	1361	0.513
616	1544	0.646
617	57	0.449
617	421	0.408
617	801	0.716
618	617	0.158
619	216	0.791
619	1189	0.764
619	1287	1
620	117	0.429
620	159	0.53
623	465	0
624	672	0.494
624	679	0.677
624	815	0.868
624	1033	0.694
624	1394	0
624	1465	0.491
624	1469	0.647
624	1604	0.655
625	311	0.396
625	572	0.638
625	1014	0.597
626	483	1
626	483	1
628	627	1
629	593	0.481
630	93	0.892
630	196	0.278
630	269	0.892
630	302	0.685
630	553	0.409
632	70	0.701
632	93	0.76
632	197	0.675
632	233	0.565
632	376	0.643
632	417	0.872
632	470	0.664
632	474	0.628
632	533	0.68
632	552	0.573
632	554	0.64
632	572	0.743
632	579	0.658
632	602	0.689
632	605	0.595
632	636	0.763
632	641	0.704
632	698	1
632	754	0.726
632	754	0.726
632	795	0.616
632	818	1
632	847	0.473
632	861	0.553
632	865	0.658
632	900	0.633
632	930	0.324
632	948	0.496
632	1033	0.529
632	1050	0.553
632	1130	0.781
632	1140	0
632	1363	0.719
632	1412	0.618
632	1432	0.738
632	1454	0.616
632	1469	0.661
632	1522	0.758
632	1564	0
632	1604	0.581
633	274	0.792
634	1232	0.846
635	1232	0.886
636	271	0.416
636	372	0.663
636	634	0.817
639	154	0.445
639	616	0.604
639	715	1
639	1400	0.742
639	1465	0.361
639	1469	0.465
639	1552	0.693
640	152	0.656
641	63	0.809
641	388	0.575
641	533	0.691
641	602	0.861
641	697	0.842
641	1083	0.538
641	1284	0.771
641	1308	1
643	419	0.69
643	454	1
643	455	0.849
643	482	0.825
643	645	0.917
644	645	0.748
645	378	0.821
645	379	1
645	417	0.711
645	419	0.697
645	420	0.755
645	429	0.852
645	454	1
645	455	0.821
645	616	0.606
645	643	0.917
645	1130	0.759
645	1454	0.786
650	282	0
651	471	1
653	551	0.419
653	551	0.419
654	28	0
654	287	0
654	374	0
655	28	1
655	287	0.343
655	374	1
656	657	0.39
657	610	0.349
657	611	0.438
657	645	0.34
657	658	0.745
657	1366	0.487
657	1409	0.508
657	1420	0.366
657	1526	0.293
658	643	0.468
658	657	0.745
658	659	0.586
658	1391	0.685
658	1406	0.451
658	1409	0.637
659	656	0.639
660	350	0.677
660	377	0.732
661	1133	1
670	672	0.834
670	673	1
672	379	0.429
672	679	0.543
673	681	0.328
674	551	0.512
679	232	0.85
679	585	0.897
679	681	0.814
681	46	0.582
681	46	0.582
681	125	0.69
681	348	0.774
681	396	0.171
681	417	0.63
681	425	0.586
681	425	0.586
681	448	0.681
681	484	0.523
681	645	0.643
681	787	0.72
681	1561	0.33
683	193	0.698
683	351	0.839
683	419	0.623
683	421	1
683	643	0.739
683	644	0.728
683	645	0.736
685	572	1
687	322	0.528
688	1323	0.358
689	688	0.794
689	1011	0.696
691	270	1
692	471	1
693	502	0.724
693	650	0.428
694	634	0.727
694	635	0.74
694	637	1
695	57	0.633
695	167	0.746
695	186	0.523
695	398	0.564
695	478	0.649
697	22	0.737
697	572	0.638
697	578	1
697	579	0.576
698	22	1
698	36	1
698	116	1
698	572	1
700	325	0.539
701	22	0.621
701	22	0.621
701	233	0.493
701	515	0.566
701	533	0.567
701	602	0.602
705	81	0.35
706	28	0.519
706	750	0.618
707	28	0.756
708	28	1
709	710	0
710	256	0.597
710	256	0.597
710	1465	0.466
711	20	0.812
711	28	0.647
711	335	0.786
712	465	0
713	62	0.662
713	87	0.839
713	89	0.952
713	91	0.782
713	91	0.782
713	131	0.66
713	378	0.908
713	643	0.928
713	645	0.852
713	1258	0.789
714	192	0.279
714	698	1
714	1083	0.518
714	1308	1
715	117	0.429
716	851	0.523
716	857	0
717	853	0
717	857	0
718	523	0
720	81	0.636
721	81	0.455
722	81	0.365
723	733	0.697
723	901	0.668
723	902	0.824
723	903	1
725	790	0.722
725	818	0.283
725	847	0.301
727	716	0
727	717	0
728	763	0
731	270	0.611
731	289	0.611
731	857	0
732	851	0.622
732	852	0.653
732	857	0
733	1047	0
736	1045	0
736	1069	0
737	1047	0
739	778	0
739	779	0
742	154	0.425
743	91	0.419
743	131	0.522
743	1265	0.682
744	93	0.938
744	698	1
746	745	0
747	745	0
749	745	0
750	724	0
752	58	0
752	560	0
753	58	0.73
753	59	0.59
753	90	0.696
754	18	0.642
754	54	0.631
754	270	0.709
754	803	0.579
754	902	0.655
754	924	0.679
754	1125	0
754	1133	0.565
755	1080	0.24
756	18	0.458
756	46	0.532
756	54	0.641
756	181	0
756	256	0.61
756	264	0.539
756	348	0.784
756	370	0.787
756	417	0.733
756	482	0.689
756	515	0.658
756	560	0.769
756	579	0.548
756	632	0.732
756	924	0.661
756	960	0.643
756	970	0.566
756	1133	0.682
756	1236	0.771
756	1236	0.771
756	1277	0
757	56	0.625
757	57	0.668
757	58	0.59
757	59	0.765
757	1148	0.434
757	1248	0.749
758	1037	0
759	270	0.628
759	289	0.628
759	851	0.588
759	857	0
760	759	0
761	403	0.529
761	417	0.64
761	418	0.55
763	1030	0
764	769	0.596
765	55	0
765	144	0
765	165	0
765	368	0
765	447	0
765	457	0
765	648	0
765	770	0
765	847	0
765	874	0
765	900	0
765	907	0
765	948	0
765	1060	0
765	1062	0
765	1083	0
766	368	0
766	409	0
766	432	0
766	457	0
766	530	0
766	573	0
766	720	0
766	726	0
766	729	0
766	754	0
766	765	0
766	769	0
766	770	0
766	771	0
766	803	0
766	806	0
766	823	0
766	880	0
766	917	0
766	928	0
766	948	0
766	955	0
766	962	0
766	963	0
766	964	0
766	991	0
766	1006	0
766	1014	0
766	1023	0
766	1026	0
766	1027	0
766	1030	0
766	1050	0
766	1084	0
769	144	0.722
769	457	0.64
769	573	0.648
769	645	0.784
769	737	0.586
769	894	0.495
769	907	0.437
769	953	1
769	994	0.597
769	1008	0.586
769	1024	1
769	1030	0.638
769	1035	0.643
769	1051	0.72
769	1062	0.586
769	1065	0.713
769	1067	0.562
769	1069	0.521
769	1078	0.511
769	1432	0.754
770	144	0.773
770	145	1
770	457	0.542
770	1062	0.556
771	22	0.678
771	79	0
771	770	0.502
772	79	0
772	769	0.519
772	770	0.469
773	1025	0.702
774	1014	0.383
775	447	0
775	648	0
775	740	0
775	811	0
775	877	0
775	991	0
775	1069	0
775	1073	0
777	260	0.714
778	851	0.523
778	852	0.783
778	857	0
779	851	0.523
779	852	0.783
779	857	0
780	146	0.836
780	197	0.642
780	260	0.815
780	302	0.858
780	389	0.699
780	515	0.809
780	602	0.834
780	632	0.782
780	698	1
780	1432	0.929
781	560	0.517
782	523	0
782	781	0
782	993	0
782	994	0
783	501	0
783	965	0
783	966	0
783	986	0
786	1064	0
787	87	0.839
787	89	0.952
787	90	0.725
787	131	0.66
787	1144	0.685
792	724	0
793	374	0.28
796	433	0
799	1083	0.728
800	857	0
800	953	1
801	28	0.684
802	851	0.523
802	853	0
802	857	0
803	851	0.505
803	852	0.64
803	854	0.492
803	857	0
804	302	0.495
804	851	0.523
804	852	0.783
804	857	0
806	1069	0.466
807	28	0
808	926	0
810	164	0.343
811	53	0.755
811	495	0.59
814	928	0
815	1015	0.793
816	851	0.54
816	852	0.769
816	857	0
820	202	0.342
820	648	0.517
820	1615	0.618
823	822	0.613
824	745	0
826	828	0.772
829	1392	0.657
829	1400	0.713
829	1469	0.559
829	1552	0.583
830	816	0.235
830	888	0.271
830	923	0.235
830	950	0.235
831	815	0.317
831	1015	0.475
832	831	0
833	611	0.596
835	154	0.679
836	374	0.375
838	851	0.523
838	853	0
838	854	0.531
838	857	0
840	270	1
840	857	0
841	853	0
841	857	0
842	765	0
844	208	0.596
846	848	0
847	785	0
848	852	0.728
848	857	0
850	270	0.786
851	721	0.699
851	722	0.519
853	720	0
853	721	0
853	722	0
854	720	0.714
854	722	0.52
856	846	0
857	370	0
857	515	0
857	530	0
857	720	0
857	721	0
857	754	0
857	860	0
857	890	0
857	953	0
857	997	0
857	1015	0
857	1069	0
858	1019	0.191
860	992	0
862	457	0.643
863	424	0
863	737	0
863	883	0
863	917	0
863	948	0
864	865	0
864	948	0
866	864	0
867	515	0.866
869	22	1
869	36	1
869	116	1
871	533	0.589
871	1408	0.52
871	1436	0.563
871	1540	0.141
872	934	0
873	1030	0.63
874	993	0
876	22	0.715
876	307	0.543
876	796	0
876	1130	0.69
877	993	0.311
878	368	0
880	1014	0.53
881	468	0.829
881	515	0.879
881	1272	1
882	378	0.784
882	379	0.784
882	429	1
882	482	1
882	573	0.784
882	812	0.171
882	921	1
882	1078	0.784
885	992	0
886	992	0
887	992	0
888	851	0.528
888	852	0.692
888	857	0
889	560	0.66
890	992	0
891	992	0
892	992	0
893	992	0
894	992	0
895	703	0.53
896	36	0.957
898	427	0.703
899	256	0.506
900	71	0
901	270	0.557
901	289	0.557
901	857	0
902	851	0.523
902	852	0.783
902	857	0
903	821	0
903	851	1
903	857	0
910	220	0.647
910	379	0.784
910	429	0.957
910	998	0.234
910	1250	0
911	482	0
912	482	0.879
913	379	0.784
914	379	1
914	429	1
914	911	0
914	1250	0
915	379	0.784
915	429	1
915	911	0
915	912	1
917	851	0.529
917	852	0.505
917	857	0
919	378	0.822
919	405	0.693
919	406	0.784
919	407	0.693
919	482	0.802
919	1236	0.782
919	1268	0.879
920	379	0.784
920	429	1
920	1002	1
921	379	0.784
922	208	0.614
923	851	0.587
923	852	0.62
923	857	0
925	220	0.56
925	403	0.192
928	1069	0.577
932	769	0.567
933	737	0.539
934	87	0.579
934	89	0.604
934	91	0.495
935	181	0
935	256	0.546
938	8	0.712
938	493	0.589
938	1264	0.689
940	54	0.528
940	731	0.417
940	732	0.539
943	1014	0.536
948	71	0
948	533	0.604
948	1034	0.6
949	977	0
950	851	0.523
950	852	0.783
950	857	0
952	217	0.239
953	71	0
954	55	0.578
954	370	0.702
954	447	0.601
954	560	0.731
954	761	0.678
954	792	0.622
954	843	0.633
954	956	0.546
954	1027	0.678
957	530	0
957	993	0
957	1042	0
958	959	0.528
959	270	0.538
959	851	0.608
959	852	0.665
959	857	0
960	270	0.608
960	857	0
961	1133	0.768
962	783	0
963	783	0
964	783	0
965	81	1
966	81	0.537
967	81	0.553
968	81	0.486
969	81	0.72
970	81	0.44
971	783	0
972	973	0.429
973	533	0.646
973	604	0.583
973	744	0.669
974	936	0
975	22	0.878
975	488	0.763
975	490	0.822
975	522	0
975	523	0.821
975	1028	0.844
975	1130	0.801
975	1282	0.631
976	1011	0.477
976	1013	0.366
977	783	0
979	917	0.726
980	133	0.825
980	154	0.436
981	22	0
981	87	0
981	90	0
981	91	0
981	164	0
981	284	0
981	706	0
981	749	0
981	754	0
981	818	0
981	860	0
981	991	0
981	1008	0
981	1030	0
982	22	0
982	523	0
982	698	0
982	749	0
982	876	0
982	975	0
982	1042	0
983	981	0
984	54	0.453
984	55	0.498
984	94	0.558
984	144	0.466
984	165	1
984	368	0.566
984	447	0.535
984	448	0.639
984	457	0.595
984	482	0.683
984	530	0.672
984	533	0.548
984	560	0.562
984	560	0.562
984	569	0.646
984	632	0.633
984	648	0.562
984	726	0.598
984	737	0.434
984	751	0.444
984	761	0.48
984	771	0.454
984	802	0.335
984	837	0.712
984	847	0.335
984	865	0.521
984	874	0
984	883	0.355
984	886	0.376
984	894	0.33
984	900	0.58
984	907	0.758
984	917	0.414
984	927	0.687
984	948	0.383
984	965	1
984	966	0.657
984	970	0.673
984	971	0.503
984	991	0.543
984	997	0.605
984	1008	0.556
984	1011	0.573
984	1025	0.314
984	1046	0.539
984	1051	0.494
984	1060	0.576
984	1062	0.556
984	1277	0
984	1278	1
985	954	0.739
985	1432	0.884
986	144	0.413
986	457	1
986	728	0.191
986	917	0.729
986	971	1
987	984	0
988	202	0.529
989	718	0
991	71	0
993	58	0.706
993	144	0.603
993	769	0.68
993	792	0.657
993	948	0.338
994	22	0.617
994	55	0.538
994	58	0.585
994	79	0
994	144	0.7
994	307	0.487
994	470	0.446
994	770	0.625
994	792	0.445
994	900	0.433
994	945	0.486
994	948	0.295
995	53	0.69
995	55	0.661
996	648	0.549
997	71	0
999	1033	0.631
1000	724	0
1000	981	0
1002	905	0.688
1003	365	0.587
1005	260	0.492
1005	389	0.647
1005	632	0.559
1007	1006	0.366
1008	1006	0.52
1009	260	0.704
1011	560	0.593
1011	564	0.784
1011	761	0.414
1012	569	0.63
1012	1011	0.395
1013	564	0.541
1013	1014	0.504
1014	515	0.496
1014	560	0.506
1014	564	0.356
1014	761	0.597
1014	1255	0.524
1015	22	0.72
1015	572	0.538
1015	1014	0.378
1016	1014	0.751
1017	1011	0.273
1017	1014	0.649
1019	302	1
1019	602	1
1020	270	0.718
1020	289	0.718
1020	851	0.658
1021	270	0.716
1022	560	0.627
1025	928	0.687
1025	954	0.475
1025	1006	0.448
1025	1008	0.376
1025	1045	0.654
1025	1065	0.469
1027	1014	0.611
1028	55	0.746
1028	144	0.793
1028	586	0.656
1028	823	0.815
1028	1031	0
1029	71	0
1030	71	0
1031	594	0
1032	1053	0
1033	94	0.653
1035	883	0.456
1038	758	0.677
1038	1037	0
1040	838	0
1040	839	0
1040	840	0
1040	841	0
1041	483	0.513
1042	377	0.657
1042	630	1
1042	734	0.491
1042	1019	1
1043	698	1
1044	59	0.757
1045	953	1
1046	722	0.286
1046	1045	0.542
1047	856	0
1047	860	0
1048	1030	0.844
1049	1011	0.692
1051	993	0.608
1053	936	0
1053	1054	0.459
1054	1037	0
1055	1057	0
1055	1058	0
1057	851	0.523
1057	852	0.783
1057	857	0
1058	851	0.523
1058	852	0.783
1058	857	0
1058	1042	0.744
1060	220	0.343
1060	1443	0.215
1060	1444	0.157
1061	1065	0.585
1062	724	0
1062	854	0.624
1065	900	0.478
1065	1029	1
1065	1069	0.602
1067	1014	0.383
1068	1069	0.565
1069	890	0.416
1069	953	0.634
1072	641	0
1074	633	0.81
1074	898	0.803
1077	44	0.776
1077	778	0.267
1078	22	0.541
1080	260	0.355
1080	370	0.448
1080	602	0.499
1080	881	0.409
1082	960	0.216
1083	818	1
1085	724	0
1086	56	0.601
1086	56	0.601
1086	57	0.642
1086	801	0.861
1088	374	0.52
1089	47	0.844
1090	256	0.509
1090	899	0.502
1113	208	0.415
1115	216	0.762
1115	1287	1
1125	756	0
1126	28	0.375
1126	801	0.365
1128	1483	0.472
1130	55	0.688
1130	55	0.688
1130	57	0.6
1130	91	0.583
1130	307	0.597
1130	688	0.604
1130	713	0.845
1130	843	0.835
1130	966	0.758
1132	28	1
1133	268	0.53
1133	289	0.526
1133	634	0.804
1133	843	0.838
1133	1140	0
1133	1488	0.34
1133	1614	0.86
1135	417	0.314
1135	1618	0.314
1137	22	0.649
1137	116	0.546
1137	493	0.557
1139	713	0.789
1140	471	0
1140	1133	0
1141	57	0.661
1143	28	0.403
1145	57	0.748
1147	801	0.602
1148	55	0.641
1148	56	0.618
1148	57	0.546
1148	60	0.736
1148	61	0
1148	757	0.434
1149	641	0.588
1150	90	0.315
1151	57	0.672
1152	58	0.626
1152	59	0.663
1152	1148	0.521
1152	1248	0.692
1153	58	0.826
1153	59	0.804
1154	58	0.844
1154	59	0.69
1155	801	0.78
1156	71	0
1156	417	0.693
1156	754	0.619
1156	1313	0.525
1157	57	0.379
1158	154	0.337
1159	468	0.533
1159	697	0.621
1160	1161	0.871
1162	1153	0.294
1163	710	0.584
1165	91	0.392
1166	154	1
1166	181	0
1167	60	0
1168	511	0
1169	55	0
1169	447	0
1171	1116	0.607
1171	1133	0.796
1171	1344	0.416
1171	1396	0.221
1171	1468	0.228
1171	1496	0.575
1171	1497	0.619
1171	1498	0.615
1172	71	0
1173	57	0.597
1173	59	0.663
1173	87	0.703
1174	1161	0.743
1175	1129	0.549
1176	515	0.584
1176	533	0.615
1176	697	0.738
1176	1308	0.422
1177	216	0.867
1177	710	0.614
1178	243	1
1180	28	0.663
1180	91	0.729
1182	57	0.707
1183	57	0.518
1184	1152	0.81
1185	379	1
1185	429	0.738
1189	216	0.697
1190	468	0.539
1191	90	0.671
1191	232	0.537
1192	1193	0.284
1192	1212	0.169
1193	533	0.659
1193	602	0.59
1193	1196	0.753
1193	1313	0.597
1194	90	0.722
1195	256	0.606
1195	710	0.693
1196	302	0.697
1196	604	0.498
1197	1271	0.225
1199	9	0.45
1200	504	0.63
1201	9	0.481
1201	9	0.481
1201	197	0.557
1201	515	0.391
1201	572	0.553
1201	754	0.498
1201	1207	0.773
1201	1283	0.76
1203	578	0.666
1205	471	0.504
1207	197	0.503
1208	560	0.708
1209	58	1
1209	59	1
1209	1148	0.592
1211	1129	0
1212	1192	0.169
1212	1193	0.536
1213	641	0
1214	603	0.344
1215	154	0.503
1216	181	0
1217	1218	0.235
1218	376	0.319
1218	694	0.315
1219	1231	0.91
1220	1221	0.193
1220	1222	1
1221	377	0.431
1221	694	0.309
1221	1224	0.676
1222	1224	0.196
1223	1235	0.356
1224	376	0.215
1224	1221	0.676
1224	1223	0.636
1225	376	0.291
1226	713	1
1227	652	1
1228	365	0.399
1229	683	0.728
1230	369	0.723
1230	1229	0.599
1233	533	1
1235	376	1
1236	47	0.777
1236	133	0.681
1236	447	0.856
1236	484	0.793
1236	602	0.794
1236	1299	0.235
1238	57	0.662
1240	154	0.817
1241	87	0.766
1241	89	0.879
1241	91	0.628
1242	1187	0.212
1243	53	0.516
1243	256	0.63
1243	710	0.496
1244	379	0.623
1244	429	0.451
1245	378	0.819
1245	407	0.732
1245	1236	0.798
1246	59	0.779
1247	332	0.691
1248	56	0.737
1248	57	0.866
1248	757	0.749
1248	801	0.61
1248	1155	0.836
1249	133	0.712
1250	221	0
1252	219	0.628
1252	220	0.609
1252	378	0.883
1252	407	0.769
1252	1236	0.672
1253	219	0.574
1253	220	0.606
1254	219	1
1254	220	1
1255	379	0.317
1255	429	0.364
1256	417	0
1256	418	0
1257	144	0.734
1257	201	0.957
1257	1142	0.792
1260	60	0.589
1261	56	0.779
1261	57	0.68
1261	58	0.774
1261	59	0.794
1261	1248	0.827
1262	743	0.574
1263	28	0.686
1264	724	0
1265	713	0.637
1265	743	0.682
1265	1206	0.672
1266	1271	0.752
1266	1279	0
1267	1209	0.275
1269	1266	1
1270	216	0.69
1270	1312	0.586
1271	1266	0.752
1272	1266	1
1273	219	0
1273	220	0
1276	181	0
1277	81	0
1278	1292	0.784
1280	612	0.699
1280	634	0.701
1281	55	0
1282	488	0.523
1282	1552	0.473
1283	164	0.745
1283	981	0
1283	981	0
1284	164	0.582
1287	216	1
1288	57	0.706
1289	543	0.266
1290	376	0.353
1290	634	0.301
1290	694	0.3
1291	57	0.639
1291	58	0.729
1291	59	0.733
1291	1148	0.641
1291	1248	0.784
1292	1202	0.752
1293	1240	0
1294	572	0.638
1295	216	0.6
1296	268	0.475
1296	270	0.489
1296	1199	0.527
1297	216	0.597
1300	302	0.508
1300	533	0.583
1300	602	0.632
1300	1197	0.21
1300	1271	0.604
1301	181	0
1301	256	0.644
1302	1138	0.218
1304	1115	0.646
1304	1312	0.534
1304	1441	0.277
1306	216	0.789
1309	154	0.506
1309	216	0.704
1310	365	0.374
1310	376	0.628
1310	377	0.569
1312	216	0.765
1312	1270	0.586
1313	476	0.543
1313	634	0.454
1315	1231	0.784
1317	697	0.692
1317	815	0.779
1318	216	0
1323	201	0.716
1323	488	0.72
1324	417	0.617
1324	418	0.571
1325	1154	0.607
1328	683	0.637
1330	713	1
1331	379	0.784
1331	429	1
1334	1396	0.496
1335	1116	0.523
1337	829	0.789
1337	1469	0.605
1352	1133	0.774
1356	1604	0.642
1360	1545	0.578
1360	1625	0.517
1366	611	0.542
1366	612	0.55
1366	1412	0.583
1370	1442	0
1376	1432	0.822
1377	811	0.48
1377	1412	0.458
1380	604	0.49
1380	710	0.55
1380	1441	0.509
1380	1567	0.509
1382	612	0.767
1386	1412	0.551
1387	811	0
1389	1391	0.431
1391	1133	0.562
1392	1460	0.492
1392	1461	0.466
1393	710	0.531
1414	811	0.63
1414	1405	1
1414	1432	0.506
1423	1116	0.622
1424	633	0.519
1424	811	0.541
1424	1400	0.749
1424	1412	0.481
1432	602	0.905
1432	603	0.666
1432	634	0.605
1432	636	0.861
1432	698	1
1432	867	1
1432	990	0.638
1432	1015	0.853
1432	1372	0.544
1432	1411	0.849
1432	1412	0.498
1432	1472	0.548
1432	1486	0.419
1432	1550	0.957
1432	1591	0.759
1432	1604	0.56
1443	604	0.661
1443	636	0.711
1443	867	0.408
1443	1060	0.215
1443	1455	0.752
1443	1525	0.618
1443	1540	0.239
1443	1603	0.912
1443	1610	1
1444	586	0.624
1444	610	0.819
1444	611	0.772
1444	636	0.886
1444	867	0.633
1444	1060	0.157
1444	1133	0.854
1444	1375	0.821
1444	1525	0.642
1444	1540	0.171
1444	1554	0.5
1444	1564	0
1444	1603	0.831
1444	1610	1
1444	1611	0
1454	1562	0.854
1469	634	0.42
1469	638	0.379
1469	697	0.637
1469	1586	0.465
1469	1587	0.465
1469	1591	0.46
1475	1116	0.377
1475	1496	0.382
1484	1396	0.619
1484	1467	0.619
1484	1496	0.619
1486	612	0.644
1487	1465	0.45
1501	1116	0.477
1507	1133	0
1515	897	0.781
1515	1604	0.739
1523	611	0.468
1523	811	0.439
1523	867	0.554
1523	1116	0.528
1523	1363	0.607
1523	1396	0.413
1523	1467	0.589
1523	1510	0.471
1523	1525	0.66
1525	769	0.684
1525	1352	0.666
1530	1392	0.722
1530	1464	0.461
1530	1465	0.555
1531	1392	0.467
1531	1400	0.702
1531	1552	0.311
1536	815	0
1536	1469	0
1538	1522	0.565
1540	871	0.141
1540	1443	0.239
1540	1444	0.171
1545	616	0.54
1546	616	0.503
1546	1540	0.125
1547	1524	0.834
1547	1545	0.596
1547	1625	0.4
1554	751	0.235
1554	769	0.684
1554	906	0.731
1554	1352	0.521
1554	1406	0.488
1554	1412	0.495
1554	1496	0.546
1561	661	1
1562	897	0.725
1562	1491	0.846
1562	1604	0.712
1571	615	0.798
1571	657	0.416
1579	908	0
1579	1618	0.741
1581	1401	0.729
1589	1443	0.34
1591	1250	0
1614	1133	0.86
1614	1618	0.831
1615	622	0.883
1616	610	0.733
1617	610	0.707
1618	1443	0.691
1618	1444	0.868
1619	1443	0.638
1619	1444	0.713
1625	1523	0.483
1634	1561	0.61
