10971	572	0.448
10971	572	0.448
10971	581	0.545
10971	596	0.419
10971	2309	0.491
10971	2308	0.401
7128	1843	0.39
7128	7186	0.55
7128	7189	0.616
5345	3936	0.264
4961	397	0
4961	2932	0
4961	4137	0
25	1020	0.522
25	1398	0.516
25	5599	0.529
25	1029	0.542
25	7161	0.483
25	5829	0.38
25	5888	0.453
25	5883	0.361
25	7410	0.534
25	1796	0.332
25	7158	0.441
427	51761	0.203
427	820	0.111
427	2588	0.576
1145	808	0.429
71	317	0.302
87	280979	0
87	7791	0.393
8038	1950	0.334
4303	355	0.431
185	0	0
185	3716	0.334
186	4683	0.376
11214	387	0.452
207	4303	0.5
207	572	0.564
207	572	0.564
207	842	0.482
207	842	0.482
207	1385	0.569
207	2309	0.475
207	5871	0.419
207	2908	0.423
207	2931	0.584
207	2932	0.575
207	2932	0.575
207	2792	0.335
207	3320	0.51
207	3551	0.52
207	1147	0.523
207	8517	0.482
207	4193	0.513
207	4214	0.4
207	4293	0.272
207	2475	0.637
207	4846	0.484
207	5058	0.49
207	5894	0.632
207	5894	0.632
207	5879	0.543
207	6647	0.455
207	6774	0.522
207	7015	0.326
207	7248	0.412
207	280979	0
207	2308	0.567
207	4216	0.383
207	4294	0.497
207	4294	0.497
207	7158	0.305
207	4296	0.398
657	1386	0.404
353	5562	0.218
5562	31	0.323
5562	1026	0.543
4878	2983	0.31
317	842	0.685
317	54205	0.602
317	57591	0.203
324	8312	0.469
324	1499	0.392
333	7314	0.27
375	5581	0.317
375	5333	0.406
392	387	0.458
392	9475	0.277
392	11113	0.232
392	5305	0.169
393	387	0.527
394	29984	0.702
394	387	0.414
395	387	0.476
9138	392	0.543
9138	387	0.547
9826	387	0.621
7984	387	0.379
405	196	0.526
10097	280979	0
4217	5599	0.551
4217	6416	0.501
4217	5606	0.539
4217	5608	0.537
4217	5609	0.514
1386	3725	0.811
1386	3458	0.415
1386	3558	0.299
1386	3565	0.452
1386	0	0
1386	7193	0
472	25	0.562
472	672	0.568
472	675	0.493
472	1111	0.629
472	11200	0.653
472	2177	0.461
472	4683	0.614
472	4790	0.402
472	7157	0.597
472	7157	0.597
51761	820	0.201
51761	820	0.201
51761	842	0.376
545	472	0.7
545	672	0.529
545	1111	0.699
545	11200	0.683
545	2177	0.465
545	7157	0.527
545	1263	0.468
545	5884	0.635
551	0	0
8312	1499	0.538
8312	2931	0.487
8312	4214	0.349
8312	4216	0.424
154	0	0
154	0	0
572	578	0.64
572	581	0.654
572	596	0.558
572	596	0.558
572	598	0.583
572	598	0.583
572	842	0.655
572	599	0.392
578	572	0.64
578	598	0.61
578	56616	0.593
578	1329	0.235
581	572	0.654
581	578	0.789
581	596	0.68
581	596	0.68
581	56616	0.619
581	1329	0.204
596	317	0.425
596	572	0.558
596	578	0.626
596	581	0.68
596	598	0.707
596	637	0.532
596	638	0.323
596	6609	0.359
596	10018	0.528
596	1329	0.221
596	9445	0.119
596	5366	0.578
598	317	0.532
598	572	0.583
598	578	0.61
598	581	0.649
598	596	0.707
598	637	0.649
598	638	0.45
598	638	0.45
598	54205	0.476
598	7157	0.508
598	10018	0.612
598	1329	0.205
598	79370	0.465
598	666	0.566
598	5366	0.611
637	578	0.62
637	581	0.745
637	1329	0.191
637	7417	0
638	596	0.323
638	598	0.45
332	56616	0.394
332	331	0.475
332	56604	0
29760	2885	0.539
29760	7409	0.592
29760	5336	0.554
659	1386	0.365
695	355	0.524
695	5335	0.54
695	5336	0.61
8945	1499	0.336
8945	1499	0.336
2889	5906	0.819
2889	54386	0.282
2889	4893	0.654
0	824	0
0	889	0
0	816	0
0	0	0
0	1452	0
0	1455	0
0	30818	0
0	2978	0
0	4772	0
0	4790	0
0	4846	0
0	50818	0
0	5578	0
0	5319	0
0	5524	0
0	2185	0
0	111	0
0	89	0
0	801	0
0	821	0
0	811	0
0	10156	0
0	8448	0
0	1759	0
0	3208	0
0	23413	0
0	22895	0
0	10125	0
0	6717	0
0	9900	0
0	6853	0
0	6857	0
0	7447	0
0	4934	0
23523	10014	0.314
23523	0	0
790	1676	0.288
5535	23523	0
5535	4772	0
5535	4842	0
823	581	0.304
823	637	0.317
823	23523	0.279
823	842	0.31
823	5747	0.357
823	5829	0.32
823	5879	0.31
823	387	0.321
823	7094	0.373
823	4137	0.364
823	7430	0.342
823	2890	0.344
823	4133	0.31
823	2903	0.283
823	6712	0.19
824	23523	0.231
824	5747	0.296
824	5829	0.296
824	7094	0.29
831	823	0.291
831	7430	0.183
889	23523	0.478
889	5535	0
889	8536	0.344
889	4772	0.363
889	2185	0.45
8536	1385	0.351
8536	10014	0.393
8536	4208	0.367
8536	9734	0.404
8536	5879	0.328
8536	6853	0.248
816	1385	0.542
816	4137	0.342
820	10411	0.163
820	5567	0.211
820	5567	0.211
820	5576	0.23
820	11069	0.143
820	5566	0.183
820	1260	0.138
10487	4661	0.343
10487	4661	0.343
10498	1387	0.583
10498	1499	0.316
10498	2033	0.502
843	317	0.561
843	836	0.533
843	2188	0.244
843	248	0.169
843	7157	0.367
835	637	0.625
835	4000	0.476
836	317	0.705
836	317	0.705
836	572	0.573
836	581	0.621
836	596	0.522
836	598	0.596
836	637	0.58
836	790	0.269
836	839	0.634
836	840	0.724
836	841	0.681
836	5591	0.285
836	5747	0.528
836	6711	0.266
836	6711	0.266
836	2620	0.513
836	2934	0.52
836	2934	0.52
836	1676	0.601
836	1676	0.601
836	4214	0.326
836	5062	0.588
836	142	0.394
836	5925	0.388
836	6093	0.534
836	331	0.546
836	10018	0.664
836	0	0
836	1982	0.48
836	4207	0
836	5305	0.222
836	10887	0
836	5527	0.435
836	22985	0.625
836	4170	0.563
836	4719	0.352
839	836	0.634
839	1676	0.639
839	4000	0.48
839	4000	0.48
839	4001	0.73
839	84823	0.256
839	5058	0.277
840	790	0.279
840	790	0.279
840	842	0.627
840	5747	0.414
840	1676	0.669
840	142	0.3
840	4207	0
840	10887	0
841	4217	0.523
841	4217	0.523
841	637	0.564
841	843	0.566
841	836	0.681
841	248	0.226
841	9525	0.232
841	8737	0.716
841	10887	0
841	9191	0
842	836	0.722
842	836	0.722
842	839	0.393
842	839	0.393
842	840	0.627
847	6098	0.317
867	1956	0.542
867	5335	0.494
867	7535	0.406
867	916	0.556
867	2263	0.334
867	10818	0.645
1387	3725	0.577
1387	1499	0.46
1387	2002	0.548
1387	2099	0.606
1387	7088	0.526
1387	3932	0.416
1387	8874	0.395
1387	8850	0.686
1387	6932	0.493
1387	10011	0.291
890	983	0.429
890	1017	0.572
890	1019	0.482
890	1021	0.369
890	1869	0.438
891	983	0.51
595	1869	0.638
595	5925	0.606
595	5925	0.606
894	5925	0.234
896	5925	0.234
898	5925	0.627
0	1385	0
0	3708	0
929	7097	0.762
929	7099	0.667
948	1432	0.607
920	7535	0.636
5788	3932	0.622
995	983	0.468
995	983	0.468
993	1017	0.588
993	1021	0.482
995	983	0.468
997	898	0.606
997	1869	0.391
998	5871	0.365
998	4214	0.345
998	4293	0.148
998	5058	0.522
998	8936	0.415
998	4216	0.344
998	4294	0.349
998	4294	0.349
998	7454	0.498
998	10188	0.348
998	4296	0.328
983	572	0.492
983	891	0.51
983	5347	0.588
1017	1869	0.543
1017	5715	0.555
1017	5925	0.53
1020	317	0.489
1020	84152	0.311
1020	5604	0.427
1020	5058	0.512
1020	4137	0.471
1020	282378	0
1020	4744	0.417
1021	596	0.34
1021	5925	0.487
1022	1017	0.566
1050	3725	0.469
1111	995	0.527
1111	995	0.527
1111	5545	0.256
1111	7157	0.475
11200	672	0.596
11200	5545	0.256
11200	7157	0.542
1123	5879	0.402
8646	659	0.521
56616	332	0.394
56616	248	0.169
56616	331	0.509
56616	330	0.476
56616	79444	0.445
329	836	0.59
329	840	0.505
3725	1385	0.795
3725	10018	0.385
3725	8739	0.205
1452	4772	0.494
1452	11076	0.183
1452	7157	0.353
1455	84152	0.449
1456	1409	0.205
1456	5187	0.356
1457	324	0.51
1457	637	0.437
1457	638	0.305
1457	8215	0
1457	5601	0.455
1457	5601	0.455
1457	6722	0.312
1457	7471	0.49
9575	406	0.799
4609	1029	0.557
4609	6667	0.502
1073	317	0.168
1385	1387	0.589
1385	2668	0.509
1385	0	0
1385	8660	0.578
1385	2959	0.263
1385	6872	0.464
1390	1385	0.547
1390	30818	0.979
1398	25	0.516
1398	2889	0.612
1398	1793	0.71
1398	11184	0.496
1398	9743	0.38
1399	2889	0.692
1399	1793	0.512
1409	581	0.398
1409	598	0.417
1436	2113	0.403
1436	6196	0.478
1445	5747	0.468
1445	3932	0.633
1445	4067	0.529
1445	5829	0.404
1445	6714	0.519
1487	3172	0.42
1487	8204	0.511
5932	672	0.515
1499	1387	0.46
1499	9734	0.484
1499	3172	0.445
1499	7314	0.443
1499	51176	0.594
1499	51176	0.594
1499	6932	0.48
54205	317	0.602
54205	834	0.523
54205	56616	0.633
54205	5187	0.274
25802	820	0.11
28503	5495	0
1605	1040	0.284
1605	50818	0
1605	5578	0.356
1605	10125	0.288
84152	1020	0.311
84152	2644	0.432
84152	5464	0.21
84152	5501	0.375
1616	4217	0.588
1616	6416	0.366
5694	898	0.434
5694	1499	0.288
5694	1869	0.467
5694	4193	0.403
5694	5715	0.93
5694	6622	0.333
1040	50818	0
0	2911	0
1730	5216	0.189
22943	7471	0.422
22943	4035	0.392
5591	7157	0.394
1793	207	0.397
0	25802	0
0	28503	0
0	1812	0
0	1813	0
0	1814	0
7027	898	0.671
8718	841	0.559
30818	1385	0.546
30818	1385	0.546
30818	2353	0.6
30818	0	0
30818	3750	0.558
30818	3751	0.336
30818	8739	0.296
8215	2931	0
8215	2932	0
0	5610	0
8655	5879	0.427
8655	10018	0.539
2118	1029	0.377
1869	637	0.525
1869	7027	0.812
1869	1029	0.591
1869	5925	0.649
1869	5925	0.649
1869	4088	0.576
1869	10018	0.542
1869	8739	0.273
1869	5366	0.461
1869	27113	0.508
1738	7341	0.288
10682	1977	0.291
10682	1981	0.288
51295	4214	0.133
1909	4683	0.311
1950	1956	0.678
1956	843	0.389
1956	867	0.542
1956	2064	0.756
1956	2885	0.571
1956	5604	0.629
1956	4214	0.47
1956	4772	0.488
1956	1432	0.583
1956	5335	0.64
1956	2185	0.623
1956	5879	0.56
1956	29984	0.393
1956	6464	0.67
1956	6714	0.608
1956	6772	0.497
1956	6774	0.566
1956	7409	0.556
1956	8936	0.289
1956	2035	0.179
1956	4690	0.478
1956	5921	0.452
1956	2065	0.628
1956	6646	0.235
1959	572	0.359
1959	664	0.363
1959	665	0.306
1978	1973	0.693
1978	1977	0.822
1978	1977	0.822
1967	1965	0.619
1967	1965	0.619
1967	1147	0.371
8661	1973	0.758
1973	6194	0.719
1975	1973	0.93
1975	6194	0.737
1983	1965	0.765
2002	3725	0.858
2002	2353	0.889
2002	0	0
10411	0	0
10411	5906	0.77
10411	54386	0.276
2057	6464	0.455
2064	2885	0.627
2064	5290	0.577
2064	5335	0.664
2064	6464	0.744
2064	6714	0.603
2064	5921	0.569
2064	6640	0.277
2064	2886	0.486
5595	2002	0.72
5595	4638	0.237
5595	8569	0.51
5595	9252	0.819
5595	6196	0.684
5595	2872	0.494
5595	10524	0.452
5595	8986	0.64
5594	842	0.546
5594	1387	0.555
5594	3725	0.729
5594	1385	0.81
5594	1956	0.658
5594	1958	0.44
5594	2002	0.718
5594	5595	0.916
5594	2353	0.746
5594	5599	0.745
5594	9261	0.761
5594	4082	0.22
5594	4638	0.253
5594	8569	0.539
5594	9252	0.798
5594	6196	0.763
5594	5163	0.403
5594	27124	0.214
5594	5319	0.535
5594	6197	0.749
5594	6773	0.482
5594	4137	0.233
5594	3172	0.431
5594	3751	0.309
5594	4207	0
5594	79092	0.42
5594	4744	0.23
5594	4741	0.317
5594	9373	0.49
5594	6195	0.761
5594	10657	0.522
5594	6853	0.32
5594	2872	0.517
5594	10524	0.434
5594	8986	0.585
5598	4205	0.706
5598	6196	0.753
5598	7020	0.391
0	2069	0
0	53615	0
2114	2113	0.509
2160	2158	0.692
2165	2147	1
2147	2243	0.464
2147	2149	0.613
2155	2159	0.922
8772	843	0.488
8772	841	0.752
8772	4615	0.656
8772	4790	0.612
8772	6609	0.416
8772	9191	0
5747	5594	0.61
5747	2534	0.578
5747	2885	0.562
5747	3569	0.549
5747	9564	0.606
5747	5290	0.594
5747	5335	0.62
5747	5829	0.448
5747	6464	0.604
5747	6714	0.67
5747	89	0.312
5747	50807	0.568
5747	23092	0.433
5747	2886	0.465
5747	1969	0.594
8439	6610	0.747
2178	2177	1
2191	841	0.409
2191	2188	0.224
355	1616	0.548
355	1956	0.431
355	8772	0.591
355	356	0.789
355	3552	0.489
355	4790	0.439
355	8737	0.61
355	5777	0.485
355	10016	0.514
355	5783	0.093
355	23017	0.395
356	355	0.789
356	355	0.789
0	0	0
2243	3688	0.523
2309	356	0.589
2309	10018	0.501
0	427	0
2353	3725	0.897
10023	2931	0
10023	2932	0
8321	8215	0
8321	175	0.205
8321	3936	0.348
8321	3936	0.348
8321	408	0.422
2488	2492	0.468
2534	1499	0.351
2534	1600	0
2534	5335	0.717
2534	6464	0.707
2534	6773	0.418
2534	2890	0.463
2534	775	0.408
2534	2903	0.476
2534	203068	0.351
175	8215	0
175	5595	0.755
175	2776	0.333
175	2792	0.126
175	5294	0.318
2549	1398	0.614
2549	11184	0.526
2549	5295	0.665
2549	5290	0.649
2549	5290	0.649
2549	4215	0.494
1647	983	0.467
1647	4216	0.626
2770	427	0.247
2770	2782	0.703
2770	5290	0.514
2770	5294	0.489
2770	5879	0.445
2770	6714	0.467
2770	673	0.444
2770	5909	0.458
2770	629	0.171
9628	92170	0.367
9628	5879	0.26
2776	92170	0.288
2776	5604	0.469
2776	23236	0.426
2776	3339	0.271
2626	6767	0.338
2626	6722	0.661
2782	2770	0.703
2782	9181	0.482
2782	2792	0.73
2782	5290	0.57
79751	92170	0.077
2978	83733	0
5871	4214	0.589
440275	1965	0.503
0	1965	0
0	92170	0
0	3838	0
0	5295	0
0	5062	0
0	5894	0
0	5901	0
0	5879	0
0	387	0
9181	207	0.515
9181	375	0.345
9181	392	0.444
9181	5879	0.505
9181	29984	0.503
2934	842	0.398
2934	280979	0
2670	7314	0
9771	5567	0.349
2688	2690	0.643
2690	3479	0.485
2690	5290	0.465
2767	427	0.192
2767	891	0.303
2767	2776	0.737
2767	5606	0.515
2767	4661	0.16
2767	23236	0.416
2767	629	0.186
2768	11214	0.549
2768	9138	0.436
2768	387	0.535
2768	10160	0.251
2768	6714	0.5
2768	5921	0.452
2768	5607	0.412
2768	5589	0.473
2768	7006	0.531
10672	9138	0.475
10672	4217	0.433
10672	998	0.48
10672	2185	0.392
10672	10160	0.294
10672	5962	0.205
2769	1605	0.247
2769	23236	0.359
23566	4878	0.305
2876	2937	0.462
2908	1843	0.294
2908	5290	0.372
2885	867	0.561
2885	5595	0.611
2885	2549	0.689
2885	5335	0.722
2885	5879	0.619
2885	6464	0.734
2885	6654	0.804
2885	10252	0.461
2885	7410	0.738
2885	8936	0.405
2885	1759	0.189
2885	5786	0.253
2885	10657	0.457
2885	1	0.251
7088	3172	0.438
7088	51176	0.531
2937	0	0
2931	8312	0.487
2931	3725	0.459
2931	1385	0.554
2931	1499	0.419
2931	4286	0.193
2931	4772	0.434
2931	5663	0.405
2931	4137	0.225
2931	64682	0.295
2931	5055	0.234
2931	8894	0.229
2932	207	0.575
2932	8312	0.542
2932	595	0.384
2932	1499	0.489
2932	1965	0.326
2932	2931	0.685
2932	6608	0.499
2932	4137	0.306
2936	0	0
0	2937	0
92170	1730	0.128
92170	0	0
92170	5604	0.177
92170	4214	0.152
92170	2644	0.171
92170	6198	0.254
92170	5058	0.193
92170	5334	0
92170	5337	0.221
92170	23647	0.216
92170	5894	0.2
92170	5901	0.227
92170	5879	0.196
92170	5879	0.196
92170	387	0.188
92170	6093	0.207
92170	8936	0.202
92170	10163	0.167
92170	10810	0.221
2792	5595	0.426
2792	5595	0.426
2792	5594	0.497
2792	175	0.126
2792	2782	0.73
2792	3672	0.319
2792	4214	0.456
2792	5335	0.458
2792	5879	0.366
2792	8720	0.31
2792	6464	0.442
3002	637	0.703
3002	842	0.598
3002	842	0.598
3002	5864	0.345
0	581	0
0	0	0
10542	0	0
10542	0	0
10542	842	0.411
10542	2185	0.361
9734	7088	0.505
9734	51176	0.506
3065	6615	0.489
8841	2033	0.561
3091	637	0.314
3091	8874	0.384
3091	664	0.41
3091	665	0.237
3091	5366	0.401
27102	1965	0.415
3315	836	0.503
3315	1616	0.41
3315	1329	0.268
3337	4193	0.239
3337	7314	0.202
3308	317	0.093
3308	9131	0.214
3320	196	0.368
3320	317	0.285
3320	332	0.429
3320	5728	0.447
5688	8544	0.241
3364	545	0.705
0	207	0
0	1994	0
0	7157	0
248	842	0.193
29851	1455	0.187
1676	790	0.288
1676	790	0.288
1676	1677	0.864
8837	841	0.535
8837	8772	0.511
8837	8772	0.511
3458	3459	0.466
3458	3717	0.603
3459	3308	0.182
3459	3716	0.753
3459	3717	0.486
3459	9093	0.37
3459	30851	0.475
3479	3480	0.536
3480	207	0.553
3480	5535	0
3480	8536	0.399
3480	5595	0.59
3480	5594	0.603
3480	3667	0.638
3480	4772	0.558
3480	5290	0.545
3480	5578	0.56
3480	6464	0.685
3480	7410	0.527
3480	408	0.453
3480	2887	0.442
4792	3558	0.392
4792	3558	0.392
4792	3565	0.47
4792	3565	0.47
4792	4790	0.775
4792	4790	0.775
4792	50818	0
4792	5970	0.74
4793	0	0
4793	4790	0.741
3551	4792	0.798
3551	4790	0.794
1147	4792	0.762
1147	4790	0.766
8517	4792	0.795
8517	4790	0.743
3595	3717	0.458
3552	3576	0.5
3553	3554	0.314
3553	5606	0.478
3554	51295	0.171
3554	7189	0.422
3565	3566	0.309
3569	3570	0.733
3838	5901	0.459
3643	3667	0.612
3643	5608	0.465
3643	6464	0.616
3643	6776	0.401
3643	10603	0.381
3643	2887	0.482
3643	8660	0.549
0	3643	0
808	207	0.592
808	0	0
808	3708	0.607
808	50818	0
3708	0	0
3708	84876	0.362
3654	10454	0.837
3654	23118	0.835
3654	7097	0.712
3654	7099	0.655
3654	7189	0.859
3667	5595	0.571
3667	2885	0.66
3667	5290	0.609
3667	4690	0.405
148022	9641	0.837
148022	29110	0.694
3672	332	0.326
3672	836	0.409
3672	2353	0.268
3672	5290	0.413
3672	5977	0.285
3672	331	0.32
3688	5595	0.402
3688	5747	0.537
3688	2309	0.342
3688	3717	0.444
3688	2185	0.449
3688	6464	0.451
3688	6464	0.451
3688	3611	0.51
3716	3717	0.55
3716	6464	0.484
3716	6772	0.493
3716	6773	0.747
3716	6774	0.435
3716	3718	0.485
3716	6646	0.143
3716	6778	0.535
3717	3716	0.55
3717	55566	0
3717	6772	0.586
3717	6774	0.595
3717	6776	0.442
3717	7297	0.507
5599	1386	0.749
5599	572	0.567
5599	596	0.575
5599	596	0.575
5599	637	0.513
5599	834	0.573
5599	3725	0.75
5599	2002	0.734
5599	356	0.568
5599	2353	0.76
5599	5601	0.78
5599	5604	0.731
5599	4772	0.512
5599	7157	0.551
5599	6464	0.553
5599	4137	0.267
5599	3172	0.355
5599	10018	0.561
5599	90427	0.443
5599	4170	0.414
5599	319	0.149
6416	5599	0.774
6416	5600	0.83
6416	5601	0.9
6416	1432	0.699
6416	8660	0.512
6416	5602	0.938
3726	2625	0.296
0	207	0
3912	7314	0.229
27040	2885	0.707
27040	5335	0.633
3932	5335	0.65
3932	5894	0.587
3932	7410	0.586
3932	7535	0.621
3932	916	0.568
3932	10870	0.317
3932	83696	0
3952	3953	0.341
3953	5562	0.318
3984	317	0.42
3984	1073	0.32
3984	1072	0.645
7376	9971	0.517
4067	695	0.572
4067	5295	0.591
4067	5335	0.592
4067	5879	0.582
4067	6464	0.642
4067	7409	0.582
4067	203068	0.289
4067	613	0.498
4067	930	0.475
8567	6416	0.51
11184	5594	0.591
11184	5599	0.527
11183	4214	0.563
5600	2002	0.877
5600	5605	0.829
5600	8569	0.504
5600	9252	0.803
5600	2872	0.509
5600	1649	0.539
5600	7867	0.853
5600	7020	0.399
5600	8986	0.541
5603	1050	0.343
5603	29904	0.389
5601	1386	0.85
5601	3725	0.85
5601	5595	0.692
5601	2353	0.896
5601	2353	0.896
5601	5544	0.181
5601	0	0
5601	3558	0.353
5601	3565	0.455
5601	3717	0.418
5601	6351	0.464
5601	4772	0.615
5601	7157	0.393
5601	6196	0.817
5601	2185	0.407
5601	6464	0.524
5601	319	0.131
9261	3150	0.39
9261	3315	0.526
9261	9252	0.739
4082	5535	0
53615	6615	0.18
1729	317	0.303
1729	10458	0.437
1729	6714	0.354
4193	2033	0.567
4193	7157	0.554
4193	408	0.462
4193	7158	0.337
4205	10014	0.521
4205	9734	0.515
4209	5535	0
5604	596	0.489
5604	823	0.314
5604	1385	0.777
5604	2002	0.753
5604	5595	0.811
5604	5594	0.877
5604	2353	0.754
5604	6416	0.797
5604	5601	0.762
5604	4638	0.271
5604	9252	0.755
5604	6198	0.567
5604	6196	0.843
5604	6197	0.759
5604	9612	0.44
5604	6654	0.674
5604	280979	0
5604	10018	0.486
5604	10818	0.669
5604	4170	0.422
5604	8986	0.518
5605	1385	0.784
5605	5595	0.84
5605	5594	0.895
5605	3315	0.455
5605	5604	0.932
5606	5599	0.752
5606	5600	0.881
5606	5603	0.534
5606	1432	0.74
5608	5599	0.735
5608	5600	0.89
5608	5603	0.552
5608	4790	0.642
5608	1432	0.776
5608	6300	0.713
4214	1147	0.758
4214	5599	0.723
4214	6416	0.909
4214	5604	0.728
4214	5606	0.881
4214	5609	0.83
4214	1432	0.636
4214	9612	0.356
4214	6885	0.806
4214	2043	0.262
4214	6548	0.214
4233	355	0.45
4233	6774	0.55
2117	11218	0.422
2117	1874	0.625
2911	2776	0.482
2911	2767	0.633
2911	23236	0.462
2911	0	0
2911	0	0
9734	4205	0.515
5609	5599	0.765
5609	5601	0.872
5609	5602	0.904
1843	5594	0.382
1843	3320	0.328
1843	5599	0.402
1843	5600	0.369
1843	5603	0.476
1843	1432	0.342
1843	1432	0.342
1843	6300	0.498
23209	5829	0.277
4638	23209	0.282
4638	103910	0.431
4638	4542	0.26
4638	9220	0.176
4638	3680	0.242
4660	103910	0.32
4660	9220	0.428
4660	3680	0.274
4293	6416	0.252
4293	5608	0.339
4293	5609	0.294
8569	1977	0.445
103910	4542	0.26
9252	1385	0.823
9252	1978	0.461
9252	466	0.81
2475	10682	0.386
2475	1978	0.519
2475	6198	0.637
2475	5524	0.321
4615	3654	0.734
4615	4214	0.719
4615	9020	0.499
4615	7124	0.449
4615	51135	0.726
4661	891	0.267
4661	983	0.816
4738	5715	0.372
4772	356	0.524
4772	4205	0.549
4790	1387	0.544
4790	5595	0.676
4790	8439	0.374
4790	356	0.473
4790	248	0.184
4790	3458	0.51
4790	4792	0.775
4790	3551	0.794
4790	8517	0.743
4790	3558	0.359
4790	3565	0.487
4790	3569	0.518
4803	4914	0.71
4804	5879	0.421
9020	3551	0.463
9020	1147	0.505
9020	4214	0.497
9020	4690	0.42
51701	3172	0.394
51701	51176	0.338
4842	1487	0.39
4842	387	0.373
4842	0	0
4846	5138	0.426
4846	5138	0.426
27035	0	0
5579	4792	0.513
5579	5604	0.525
5579	5879	0.464
4909	4915	0.307
4914	1398	0.519
4914	5598	0.496
4914	2885	0.507
4914	3667	0.495
4914	5290	0.484
4914	5335	0.584
4914	6464	0.606
4914	9743	0.393
3164	581	0.384
3164	596	0.433
0	0	0
5933	898	0.627
5933	7027	0.779
4839	6774	0.435
5295	5290	0.881
5295	6654	0.706
5295	5291	0.858
9564	2889	0.58
9564	1398	0.627
1029	1869	0.591
1029	4193	0.533
1029	5290	0.314
1029	5925	0.614
1030	1021	0.565
1031	1019	0.624
2909	29984	0.573
2909	0	0
5375	2776	0
5375	2776	0
5375	2931	0
5375	2931	0
1026	10097	0.375
1026	10096	0.376
1026	890	0.51
1026	898	0.532
1026	983	0.617
1026	1017	0.607
1026	1017	0.607
1026	1019	0.559
1026	51085	0.476
1026	5544	0.168
1026	5111	0.406
1026	5313	0.312
5715	1017	0.555
2033	4286	0.405
2033	3164	0.474
2033	7157	0.559
1432	1386	0.692
1432	0	0
1432	1050	0.445
1432	3725	0.703
1432	2002	0.749
1432	5601	0.735
1432	9261	0.776
1432	4205	0.744
1432	5604	0.768
1432	5605	0.736
1432	8569	0.489
1432	9252	0.753
1432	4772	0.524
1432	8874	0.501
1432	8550	0.584
1432	5925	0.478
1432	9612	0.5
1432	6667	0.431
1432	6772	0.498
1432	4207	0
1432	79092	0.394
1432	9373	0.46
1432	2872	0.509
1432	1649	0.502
1432	7867	0.749
1432	7020	0.416
1432	8986	0.549
8874	207	0.41
8874	392	0.567
8874	998	0.563
8874	4792	0.445
8874	2033	0.364
8874	55566	0
8874	5970	0.43
7157	472	0.597
7157	578	0.513
7157	581	0.578
7157	596	0.542
7157	598	0.508
7157	637	0.552
7157	638	0.336
7157	1017	0.471
7157	355	0.518
7157	1647	0.527
7157	4193	0.554
7157	1029	0.584
7157	1026	0.593
7157	84172	0.177
7157	7314	0.56
7157	665	0.34
7157	666	0.445
7157	5366	0.562
7157	27113	0.591
4688	5879	0.331
6198	572	0.475
6198	1390	0.55
6198	2932	0.512
6198	6194	0.498
6198	5704	0.42
6198	29904	0.54
6198	0	0
7161	5544	0.145
7161	27113	0.446
6196	472	0.508
6196	545	0.35
6196	572	0.51
6196	572	0.51
6196	1385	0.78
6196	4661	0.16
6196	29904	0.258
26986	1981	0.832
5054	5327	0.408
5058	25	0.557
5058	10097	0.481
5058	10096	0.505
5058	572	0.407
5058	6416	0.503
5058	3984	0.711
5058	5604	0.596
5058	4214	0.578
5058	4638	0.309
5058	103910	0.245
5058	8874	0.368
5058	5894	0.587
5058	387	0.501
5058	6853	0.219
5062	4214	0.577
5074	2782	0.259
5074	2768	0.284
5074	10672	0.331
5074	2792	0.286
142	4790	0.434
142	9131	0.389
2324	27124	0.228
5111	1019	0.417
5138	820	0.163
5145	0	0
5148	5145	0.704
5156	808	0.519
5156	5290	0.575
5156	8720	0.319
5156	6772	0.455
5156	6774	0.517
5163	207	0.449
5164	207	0.465
5164	207	0.465
5164	5163	0.74
5164	50818	0
27043	1234	0.164
27043	7852	0.161
27043	5595	0.224
27043	0	0
27043	6714	0.15
5187	406	0.624
5187	406	0.624
5187	9575	0.689
5187	54205	0.274
5187	1195	0.275
9451	1965	0.508
9451	1965	0.508
5216	71	0.36
10891	2099	0.525
10891	10011	0.289
5290	207	0.539
5290	207	0.539
5290	10575	0.152
5290	998	0.528
5290	5598	0.494
5290	51341	0.154
5290	6517	0.357
5290	5604	0.583
5290	4790	0.487
5290	1432	0.536
5290	27124	0.409
5290	2185	0.448
5290	5879	0.564
5290	7409	0.73
5290	3611	0.422
5290	0	0
5290	0	0
5290	10000	0.389
5294	2185	0.472
5294	5829	0.388
8394	2934	0.321
8394	27124	0.571
27124	196	0.221
27124	1234	0.223
27124	1605	0.213
27124	1040	0.798
27124	5595	0.223
27124	2934	0.249
27124	2690	0.349
27124	808	0.287
27124	4790	0.168
27124	5163	0.462
27124	3632	0.855
27124	3632	0.855
27124	50818	0
27124	6502	0.31
3632	207	0.227
3632	9181	0.177
3632	5163	0.462
3632	27124	0.855
5567	572	0.513
5567	824	0.311
5567	51085	0.448
5567	1385	0.61
5567	1390	0.395
5567	84152	0.459
5567	4772	0.44
5567	1026	0.574
5567	5524	0.289
5567	6608	0.319
50818	596	0
50818	0	0
50818	23523	0
50818	5535	0
50818	50820	0
50818	1605	0
50818	1956	0
50818	1977	0
50818	1981	0
50818	1981	0
50818	2002	0
50818	0	0
50818	2931	0
50818	3672	0
50818	4082	0
50818	4790	0
50818	4842	0
50818	6198	0
50818	2185	0
50818	5883	0
50818	5894	0
50818	5879	0
50818	8720	0
50818	5704	0
50818	8877	0
50818	5587	0
50818	5589	0
50818	10235	0
50818	6548	0
5578	25	0.519
5578	596	0.469
5578	1977	0.478
5578	2931	0.523
5578	3667	0.509
5578	4082	0.318
5578	2911	0.395
5578	4842	0.434
5578	23236	0.508
5578	5728	0.528
5578	5894	0.629
5578	108	0.597
5578	111	0.575
5578	118	0.355
5578	2890	0.407
5578	156	0.543
5578	94274	0
5578	1716	0.297
5578	1759	0.153
5578	23114	0.207
5578	2554	0.286
5578	2596	0.326
5578	2741	0.329
5578	2897	0.385
5578	775	0.382
5578	4133	0.178
5578	4155	0.311
5578	2917	0.392
5578	282378	0
5578	2903	0.38
5578	774	0.259
5578	9373	0.396
5578	490	0.272
5578	10125	0.463
5578	25780	0.352
5578	6616	0.389
5585	94274	0
5610	1965	0.33
5610	1965	0.33
5610	7099	0.519
3936	2243	0.316
23236	1605	0.309
23236	808	0.494
23236	27124	0.343
23236	0	0
23236	0	0
5335	0	0
5335	1605	0.339
5335	1973	0.353
5335	808	0.635
5335	5290	0.741
5335	27124	0.326
5335	50818	0
5335	0	0
5335	0	0
5335	0	0
5340	3936	0.284
5347	4661	0.788
1263	995	0.484
1263	7157	0.544
23647	317	0.381
5464	572	0.18
5524	207	0.338
5524	324	0.365
5524	8312	0.355
5524	8312	0.355
5524	572	0.361
5524	51085	0.314
5524	84152	0.422
5524	10682	0.192
5524	6416	0.203
5524	5609	0.211
5524	5728	0.273
5524	4137	0.35
5524	408	0.381
5495	84152	0.358
8125	317	0.311
8125	836	0.408
5465	3320	0.392
5465	4792	0.519
5465	5601	0.465
5465	9612	0.661
5465	6714	0.346
8550	3315	0.467
5551	1017	0.254
5663	1499	0.317
5663	7314	0.434
5726	983	0.146
5728	5747	0.591
5728	5290	0.566
5728	27124	0.313
5728	3632	0.271
5728	0	0
2185	1956	0.623
2185	2309	0.416
2185	2885	0.433
2185	5599	0.521
2185	4205	0.417
2185	5606	0.489
2185	1432	0.532
2185	5879	0.538
2185	6464	0.532
2185	6714	0.598
2185	7248	0.417
2185	3737	0.249
5829	1398	0.472
5829	2534	0.478
5829	9564	0.57
5829	7094	0.479
5829	3611	0.518
5888	675	0.59
5883	596	0.275
5883	598	0.249
5894	572	0.608
5894	11184	0.566
5894	5604	0.701
5894	5605	0.678
8738	835	0.68
5898	10928	0.544
10928	207	0.34
10928	998	0.489
10928	998	0.489
10928	5879	0.384
5900	5898	0.498
5903	5901	0.563
5906	673	0.568
5908	5595	0.403
5908	5879	0.435
5908	29984	0.414
5914	1499	0.434
5879	317	0.379
5879	5595	0.548
5879	5594	0.593
5879	0	0
5879	4214	0.385
5879	4293	0.188
5879	56259	0.252
5879	4790	0.43
5879	1432	0.543
5879	4688	0.331
5879	5058	0.605
5879	5290	0.564
5879	5894	0.64
5879	5900	0.337
5879	6714	0.638
5879	7430	0.368
5879	673	0.434
5879	369	0.313
5879	5291	0.619
5923	207	0.361
5923	5879	0.423
5923	4893	0.557
5925	890	0.467
5925	891	0.565
5925	898	0.627
5925	7027	0.582
5925	1869	0.649
5925	4800	0.418
5925	84172	0.24
5970	3576	0.542
5649	7804	0.684
5649	3688	0.416
5649	7436	0.551
29984	1729	0.343
29984	6093	0.541
29984	280979	0
387	5747	0.579
387	0	0
387	4792	0.397
387	5599	0.386
387	1729	0.387
387	50818	0
387	5829	0.492
387	9475	0.498
387	280979	0
387	5589	0.357
0	0	0
10160	10672	0.294
10160	5585	0.248
10160	5585	0.248
10160	387	0.342
8737	9020	0.363
8737	142	0.346
8737	4215	0.458
8737	8476	0.25
9978	4088	0.422
6093	3984	0.516
6093	23209	0.208
6093	4638	0.456
6093	4660	0.439
6093	103910	0.337
6093	4542	0.289
6093	1488	0.294
6093	2623	0.324
9475	3984	0.534
9475	4660	0.403
9475	103910	0.366
9475	94274	0
9475	1808	0.44
9475	832	0.392
6098	2309	0.305
6197	572	0.499
6197	1385	0.815
6197	2353	0.793
6197	8290	0.323
55811	51761	0.075
6295	29984	0.426
56681	4087	0
56681	7046	0
6387	175	0.113
6387	2776	0.35
6387	2792	0.419
462	2147	0.444
462	2152	0.405
6464	5595	0.687
6464	2885	0.734
6464	5290	0.687
6464	5879	0.553
6464	6654	0.754
6464	3635	0.581
5777	3716	0.628
5777	3717	0.691
5777	6464	0.649
5777	6776	0.414
5777	7409	0.55
5777	367	0.47
5777	3937	0.445
5777	6778	0.451
5777	1500	0.317
5777	3815	0.587
5781	2549	0.632
5781	2885	0.723
5781	5604	0.59
5781	5290	0.73
5781	5829	0.514
5781	5829	0.514
5781	10252	0.384
5781	9846	0.581
25942	0	0
51763	50818	0
6500	4088	0.372
6500	4851	0.26
6500	2059	0.396
6500	4855	0.384
6500	6929	0.315
4088	9734	0.433
4088	4089	0.78
4089	993	0.382
4089	10140	0.439
4089	51176	0.506
4089	367	0.613
4089	2059	0.409
4089	126961	0
4089	5430	0.514
4090	1386	0.545
4091	4086	0.575
4092	4087	0.647
4092	4088	0.639
6608	2735	0.58
6608	2736	0.675
6608	2737	0.513
6608	4088	0.402
6608	6667	0.286
6608	10499	0.219
6608	1855	0.581
6608	1308	0.35
6608	5899	0.28
6609	581	0.349
6609	4214	0.448
6609	1329	0.406
6610	6609	0.763
9612	2099	0.604
9612	2100	0.759
9612	5241	0.731
6615	999	0.336
6615	1588	0.218
6647	0	0
9530	7132	0.444
9530	8717	0.619
9530	1796	0.584
9530	10657	0.44
9530	1646	0.372
9530	3691	0.202
9530	3815	0.353
9530	6934	0.335
6654	92170	0.255
6654	5879	0.617
6654	4893	0.88
6655	8874	0.679
6655	8874	0.679
6670	6667	0.651
8877	8720	0.507
10252	867	0.563
10252	1950	0.357
10252	9628	0.462
10252	2885	0.461
10252	5787	0.093
6714	2889	0.51
6714	867	0.561
6714	1956	0.608
6714	5747	0.67
6714	3716	0.396
6714	5604	0.587
6714	9564	0.62
6714	2909	0.402
6714	5335	0.63
6714	2185	0.598
6714	5829	0.514
6714	5879	0.638
6714	387	0.575
6714	6464	0.604
6714	25942	0.313
6714	6774	0.497
6714	6850	0.556
6714	7410	0.615
6714	156	0.554
6714	156	0.554
6714	2017	0
6714	1759	0.178
6714	2554	0.279
6714	28964	0.732
6714	2741	0.369
6714	775	0.361
6714	4593	0.44
6714	2903	0.397
6714	10657	0.443
6714	6712	0.205
6714	10188	0.491
6714	10000	0.42
6714	50807	0.568
6714	858	0.327
6714	2059	0.519
6714	9846	0.432
6714	28996	0.464
6714	3815	0.537
6714	5359	0.422
6714	10044	0.323
6714	6934	0.432
6722	2626	0.661
6772	10379	0.551
6773	10379	0.863
6774	2588	0.172
6774	148022	0.387
6774	6772	0.616
51684	1499	0.496
51684	6608	0.54
51684	6935	0.505
51684	1856	0.624
51684	3691	0.373
51684	3815	0.498
51684	5037	0
7341	1487	0.476
6850	29760	0.4
6850	27040	0.581
6850	5335	0.553
6850	6464	0.555
6850	7409	0.541
6850	203068	0.305
6850	5336	0.572
6850	3937	0.546
10454	5606	0.956
10454	9020	0.507
10454	51701	0.576
10454	1432	0.737
10454	6885	0.91
23118	6885	0.913
6885	5599	0.732
6885	6416	0.822
6885	5604	0.779
6885	5606	0.87
6885	5608	0.847
6885	5609	0.829
6885	9020	0.525
6885	51701	0.566
6885	6608	0.328
6885	10454	0.91
6885	10000	0.494
6885	28996	0.512
2783	0	0
6909	1029	0.411
7015	5728	0.294
7015	5728	0.294
7031	317	0.22
7031	2688	0.275
7031	3688	0.202
7032	317	0.454
7032	2688	0.346
7032	3688	0.402
7040	7046	0.636
7046	4087	0.654
7046	4088	0.565
7046	6885	0.488
7046	7048	0.682
7046	960	0.514
7046	2022	0.653
7046	2339	0.394
7046	5520	0.313
7048	10454	0.299
7048	7046	0.682
7048	7049	0.592
7048	23002	0
7048	8668	0.223
7048	2022	0.553
7049	7040	0.481
9093	3551	0.484
9093	3717	0.489
10499	367	0.413
7124	7132	0.504
7124	7133	0.296
7132	6416	0.521
7132	8717	0.719
7133	7186	0.295
8658	5728	0.321
8717	8772	0.606
8717	8737	0.64
8717	7186	0.665
7186	4217	0.573
7186	4217	0.573
7186	60489	0.324
7186	4792	0.542
7186	4023	0.283
7186	5604	0.537
7186	9525	0.21
7186	9525	0.21
7186	4790	0.51
7186	7157	0.537
7186	6885	0.661
7186	330	0.574
7186	29843	0.539
7189	51295	0.158
7189	1147	0.786
7189	5606	0.777
7189	4214	0.667
7189	10454	0.791
7189	23118	0.814
7189	6885	0.86
7204	5879	0.453
7001	8841	0.38
7248	6097	0.346
7249	7248	0.589
7249	54386	0.318
7275	2776	0.263
7291	1029	0.44
2793	5145	0.624
2793	2783	0.732
7297	6772	0.428
7297	6773	0.713
7297	6775	0.591
7314	581	0.479
7314	5694	0.613
7314	1629	0.214
7314	4040	0.429
7314	5715	0.624
7409	207	0.52
7409	5879	0.599
7409	29984	0.494
7409	387	0.551
7410	207	0.488
7410	392	0.542
7410	998	0.604
7410	5879	0.61
7422	3091	0.548
3791	207	0.552
3791	207	0.552
3791	5747	0.702
3791	5290	0.501
3791	5335	0.559
3791	6464	0.563
7434	820	0.15
8936	317	0.319
8936	10095	0.74
10163	317	0.264
10810	317	0.217
11197	7471	0.88
7471	8321	0.702
7471	8321	0.702
7471	3691	0.443
9049	196	0.328
9049	317	0.358
9049	3320	0.424
7498	0	0
331	332	0.475
331	836	0.546
331	840	0.527
331	842	0.584
331	842	0.584
331	1111	0.408
331	56616	0.509
331	5599	0.584
331	10454	0.558
331	6885	0.539
331	150684	0.432
7535	22915	0.266
7535	7410	0.458
7535	203068	0.346
7535	3937	0.518
6935	999	0.347
134	2773	0.55
134	0	0
135	0	0
135	0	0
8	5578	0
107	820	0.241
108	820	0.229
111	820	0.24
2261	1139	0.471
2261	1128	0.61
2261	1129	0.471
2261	1132	0.453
162	1211	0.57
162	1759	0.3
162	2554	0.272
0	134	0
0	135	0
952	0	0
148	2776	0.477
148	2767	0.494
148	0	0
150	2773	0.492
150	2775	0.336
150	0	0
1139	0	0
29091	6616	0.483
29091	6809	0.157
2890	0	0
0	1268	0
0	1269	0
64682	1499	0.221
57448	842	0.4
57448	56616	0.452
57448	27429	0.438
10603	867	0.541
10603	7410	0.667
55738	0	0
10564	0	0
9266	0	0
10095	280979	0
9532	596	0.129
9532	5894	0.135
10134	596	0.44
10134	598	0.488
10134	841	0.484
156	185	0.503
156	154	0.513
156	2776	0.504
156	1813	0.403
156	1129	0.523
156	4988	0.456
156	11318	0.935
156	367	0.405
627	4915	0.356
408	185	0.415
408	4217	0.384
408	154	0.509
408	8215	0
408	8321	0.422
408	175	0.744
408	4792	0.448
408	3667	0.383
408	5604	0.452
408	1432	0.497
408	5290	0.389
408	5894	0.511
408	387	0.419
408	6714	0.5
408	4988	0.415
408	2150	0.435
408	5144	0.392
408	367	0.527
408	5602	0.455
408	5602	0.455
408	64414	0
10018	578	0.656
10018	581	0.73
10018	596	0.528
10018	598	0.612
10018	599	0.596
10018	4170	0.558
3309	0	0
623	2776	0.215
623	2767	0.215
623	2773	0.276
623	0	0
0	623	0
673	11184	0.639
673	5604	0.596
673	5605	0.595
0	6261	0
9478	815	0.153
0	572	0
0	1385	0
0	84152	0
0	3708	0
0	4772	0
0	4842	0
0	4137	0
0	814	0
0	2554	0
0	5502	0
0	775	0
0	4133	0
0	2903	0
0	84867	0
0	6853	0
0	203068	0
801	3708	0
801	4082	0
801	4638	0
801	4842	0
801	23236	0
801	5923	0
801	107	0
801	118	0
801	9495	0
801	156	0
801	0	0
801	815	0
801	814	0
801	10645	0
801	1813	0
801	1612	0
801	29904	0
801	8826	0
801	2917	0
801	10497	0
801	2903	0
801	27360	0
801	5136	0
801	5153	0
801	5137	0
801	490	0
801	5864	0
801	4893	0
801	53827	0
801	6014	0
801	9610	0
801	6261	0
801	6712	0
801	9218	0
815	1385	0.511
815	4842	0.319
815	5923	0.477
815	6885	0.454
815	2890	0.612
815	3751	0.434
815	4133	0.181
815	774	0.343
815	5527	0.441
815	22895	0
815	9743	0.41
815	6261	0.211
815	1739	0.337
815	84687	0.361
815	6853	0.46
815	6857	0.382
815	8831	0.375
815	6809	0.28
815	7074	0.407
815	9846	0.389
814	1385	0.662
814	1390	0.527
814	4842	0.394
814	6853	0.357
10645	207	0.424
10645	8536	0.5
10645	814	0.419
9647	8536	0.366
9647	815	0.417
9647	814	0.334
11069	22999	0.341
10156	4893	0.321
53944	4772	0
53944	4137	0
53944	286	0
53944	1855	0
53944	5055	0
53944	490	0
53944	6809	0
53944	10716	0
857	2534	0.411
1268	2773	0.53
1268	2775	0.777
1268	0	0
1269	2773	0.448
1269	2775	0.605
1269	0	0
868	1398	0.406
868	1956	0.382
868	2534	0.418
868	2885	0.482
868	3932	0.369
868	5290	0.388
868	6464	0.432
868	6714	0.403
868	7410	0.487
868	9846	0.482
64781	5894	0.23
0	5578	0
0	64781	0
0	5501	0
0	5527	0
0	5138	0
0	5139	0
0	5140	0
0	5593	0
0	6855	0
330	836	0.524
330	840	0.459
330	841	0.674
330	56616	0.476
330	8915	0.59
1072	280979	0
1277	3688	0.479
94274	4660	0
1808	203068	0.351
80331	0	0
80331	774	0.504
1329	317	0.259
1812	2773	0.452
1812	0	0
1812	0	0
1813	2773	0.389
1813	2775	0.32
1813	2781	0.295
1813	0	0
1814	2885	0.39
1814	2773	0.411
1814	2775	0.336
1814	0	0
1612	6809	0.278
0	317	0
1636	0	0
1716	1605	0.193
1855	8312	0.515
1855	2149	0.419
8448	10497	0.491
1796	5921	0.475
4985	2773	0.427
4985	2775	0.433
4985	0	0
1859	1965	0.442
1859	4137	0.292
1859	7321	0.402
29904	1938	0.616
23362	0	0
8669	1982	0.378
6456	1601	0.386
6456	1856	0.487
6456	3815	0.463
6456	5037	0
5179	4985	0.88
5179	4986	0.833
5179	4988	0.833
5179	4987	0.833
1948	1796	0.467
1948	5921	0.426
0	1948	0
55914	4088	0.382
2241	1499	0.433
2335	3688	0.607
3350	2773	0.467
3350	0	0
3350	2781	0.569
3350	0	0
3356	2776	0.451
3356	0	0
3360	0	0
3360	0	0
11146	0	0
8637	1977	0.776
0	2550	0
2554	0	0
2550	2775	0.612
2550	0	0
10287	2776	0.533
2773	108	0.59
2773	111	0.546
0	107	0
0	108	0
0	111	0
2781	107	0.505
2781	111	0.518
6507	0	0
0	3667	0
0	5290	0
0	23236	0
0	107	0
0	108	0
0	156	0
0	3760	0
0	3736	0
0	774	0
0	773	0
0	5921	0
0	6809	0
2668	5947	0.185
3760	0	0
9229	4842	0.595
0	2911	0
0	2890	0
0	2897	0
0	2917	0
0	2903	0
0	2741	0
0	2903	0
6536	0	0
2887	5290	0.385
9743	207	0.272
9743	392	0.923
9743	998	0.352
3055	5335	0.515
3055	2005	0.285
3055	2697	0.364
3055	5801	0.357
3208	4671	0
9455	6261	0.27
5502	5501	0.343
3611	207	0.461
3611	2931	0.413
3611	94274	0
3611	10000	0.364
5055	5501	0.239
0	3708	0
8826	4893	0.544
8660	5295	0.654
8660	5290	0.584
8660	5296	0.609
9479	5599	0.367
9479	6416	0.478
9479	5609	0.438
9479	1432	0.356
9479	5923	0.448
9479	8788	0.343
9479	4294	0.456
9479	7074	0.415
0	0	0
3761	0	0
3766	0	0
4986	2773	0.521
4986	2775	0.549
4986	0	0
10256	5894	0.459
3736	0	0
3737	0	0
3739	0	0
3750	0	0
3751	0	0
3897	7430	0.436
23365	392	0.73
51176	4286	0.333
28992	8321	0.202
775	0	0
1128	2776	0.478
1128	2767	0.565
1128	0	0
1129	2773	0.541
1129	2775	0.696
1129	0	0
1132	1917	0
1132	2773	0.528
1132	0	0
10746	5594	0.306
10746	6416	0.301
10746	5609	0.314
10746	60675	0.312
10746	5607	0.447
8491	1432	0.487
50488	1432	0.515
10746	6416	0.301
4215	6416	0.548
4215	5609	0.522
4215	8491	0.687
4215	5607	0.422
4216	6416	0.546
4216	5609	0.609
4216	8491	0.672
4216	50488	0.533
2917	2773	0.612
2917	2775	0.415
2917	0	0
11221	5599	0.433
11221	5600	0.462
11221	5603	0.61
11221	5601	0.46
11221	1432	0.398
11221	5602	0.488
11221	6300	0.409
4294	6416	0.549
4294	5609	0.57
4294	1742	0.351
4294	6416	0.549
79092	1977	0.415
4988	2773	0.473
4988	2775	0.442
4988	0	0
8649	5594	0.321
8649	11184	0.264
10497	6809	0.278
25924	815	0.275
2035	2890	0.253
4671	836	0.523
4671	840	0.463
4671	842	0.39
85407	8215	0
85407	8321	0.472
4690	25	0.495
4690	5058	0.644
4690	8976	0.485
1991	154	0.293
1991	148	0.353
1991	150	0.374
4763	4893	0.407
2903	0	0
2903	5335	0.421
2903	1741	0.448
0	2983	0
4987	2773	0.476
4987	2775	0.66
4987	0	0
9518	2064	0.486
774	0	0
7533	572	0.458
7533	3667	0.367
7533	4772	0.427
7533	5894	0.463
7533	673	0.381
7533	1072	0.362
7533	2308	0.403
7533	7158	0.326
7533	9610	0
0	23236	0
0	5501	0
0	30011	0
5828	5724	0.205
5724	2776	0.423
5724	2773	0.462
5724	2775	0.602
5724	0	0
2150	2776	0.345
2150	0	0
8850	367	0.564
5136	0	0
5153	0	0
5137	0	0
5139	820	0.139
5140	820	0.146
5141	820	0.061
5142	820	0.185
5143	820	0
5144	820	0.124
8654	0	0
5154	5159	0.706
5159	5335	0.667
5159	5781	0.593
5159	10603	0.411
29943	0	0
5170	207	0.633
5170	6198	0.624
5170	6196	0.575
5170	50818	0
5170	5578	0.62
5170	6195	0.55
5170	10000	0.439
5170	5590	0.626
9693	54386	0.308
9693	5911	0.478
2983	0	0
9463	2917	0.355
5300	3725	0.442
5300	1499	0.301
0	207	0
0	836	0
0	841	0
0	842	0
0	1605	0
0	2934	0
0	8936	0
0	9266	0
0	156	0
0	1759	0
0	3760	0
0	490	0
0	22895	0
0	6261	0
0	207	0
0	5578	0
0	7410	0
0	9266	0
0	3611	0
0	5170	0
0	30011	0
5305	0	0
5566	154	0.393
5566	572	0.485
5566	1387	0.462
5566	1385	0.543
5566	84152	0.392
5566	3708	0.631
5566	4772	0.367
5566	4790	0.441
5566	4842	0.472
5566	1432	0.552
5566	23236	0.472
5566	5335	0.595
5566	5894	0.594
5566	5894	0.594
5566	5906	0.603
5566	6714	0.536
5566	4137	0.247
5566	118	0.371
5566	2890	0.395
5566	2668	0.355
5566	673	0.464
5566	10645	0.42
5566	1812	0.413
5566	2316	0.375
5566	2554	0.323
5566	2741	0.401
5566	5502	0.407
5566	2897	0.379
5566	3761	0.268
5566	3751	0.249
5566	775	0.523
5566	4133	0.179
5566	2917	0.307
5566	8428	0.44
5566	2903	0.382
5566	5139	0.441
5566	5140	0.36
5566	5144	0.524
5566	8654	0.202
5566	490	0.331
5566	773	0.438
5566	22895	0
5566	54386	0.255
5566	22999	0.355
5566	23557	0.3
5566	84687	0.377
5566	84867	0.166
5566	6853	0.272
5566	64414	0
5566	5256	0.383
5587	7533	0.446
5587	9846	0.403
5593	1385	0.454
5593	4842	0.352
5593	952	0.402
5593	2917	0.403
5593	8654	0.405
5569	5566	0.503
10887	1965	0
9373	8	0
490	0	0
5501	596	0.314
5501	1385	0.379
5501	815	0.435
5501	1072	0.273
5501	2903	0.322
5527	207	0.39
5527	572	0.415
5527	596	0.399
5527	8536	0.35
5527	1385	0.488
5527	2931	0.472
5527	9564	0.49
5527	814	0.46
5527	1072	0.343
5527	775	0.331
5527	4744	0.199
5527	2903	0.416
5494	8312	0.45
5494	572	0.397
5536	4137	0.289
773	0	0
3276	10657	0.462
832	280979	0
832	0	0
1742	4130	0
5770	3643	0.453
5786	2534	0.285
5786	3932	0.221
5786	6714	0.227
2664	5864	0.356
22895	5864	0
23613	2534	0.153
54386	5894	0.294
54386	5900	0.241
54386	673	0.298
5909	5906	0.489
5909	54386	0.282
5911	5900	0.361
5911	4893	0.477
4893	5290	0.731
4893	5894	0.754
4893	5900	0.577
4893	673	0.626
4893	4296	0.495
5921	207	0.442
5921	5879	0.455
5921	4893	0.475
10125	4893	0.748
25780	54386	0.308
25780	4893	0.548
5947	2885	0.338
5947	6464	0.317
5997	2776	0.429
5997	2767	0.421
5997	2773	0.363
5999	2776	0.406
6009	5894	0.504
22999	10497	0.462
22999	7533	0.408
22999	5864	0.663
22999	22895	0
22999	6616	0.662
22999	6857	0.677
9610	4893	0
6195	572	0.51
6195	1385	0.825
6195	9978	0.427
6195	29904	0.275
6195	0	0
777	0	0
6261	0	0
0	5704	0
0	6729	0
10657	1387	0.493
1739	2897	0.401
11231	3309	0.123
11231	0	0
0	3350	0
0	3358	0
0	3356	0
0	3360	0
50944	8874	0.313
30011	3717	0.359
30011	10252	0.64
30011	89	0.286
30011	5947	0.315
6478	7410	0.549
10572	598	0.483
6616	774	0.466
23557	111	0.329
23557	6616	0.576
0	6507	0
0	3760	0
6717	6261	0.499
6494	54386	0.302
84687	5501	0.349
6729	0	0
6729	6734	0.757
6734	0	0
0	6751	0
0	6752	0
6751	2773	0.56
6751	2775	0.637
6751	0	0
6752	2773	0.54
6752	2775	0.604
6752	0	0
6752	30011	0.485
84867	5594	0.146
84867	8520	0.394
84867	11143	0.385
9900	6857	0
6853	280979	0
6853	2781	0.442
6857	775	0.337
6857	777	0.414
6857	6809	0.28
8831	4893	0.364
9751	6809	0.185
6809	3736	0.28
6809	774	0.28
0	6850	0
6932	6722	0.547
6932	51176	0.502
7454	10097	0.568
7454	1268	0.247
7074	207	0.37
4915	2534	0.528
4915	3667	0.466
4915	6464	0.554
4915	8660	0.451
5644	2150	0.192
203068	1759	0.28
7408	280979	0
7417	578	0
7417	578	0
7417	581	0
7417	1329	0
7448	3688	0.558
7443	1386	0.277
7475	8321	0.616
7475	28992	0.19
2872	1977	0.424
9611	2099	0.593
9611	5241	0.659
11318	408	0.93
43	317	0.343
43	1329	0.364
10188	7094	0.368
10188	7414	0.213
10188	4168	0.507
10000	572	0.378
10000	572	0.378
10000	581	0.415
10000	842	0.502
10000	2931	0.349
10000	7248	0.318
10000	331	0.358
10000	2308	0.345
10000	5140	0.299
51074	317	0.387
367	2770	0.39
367	2767	0.365
367	6772	0.546
367	2308	0.494
367	50807	0.34
367	4486	0.442
367	7329	0.328
369	5604	0.416
369	5605	0.437
369	7337	0.538
9459	207	0.39
9459	998	0.483
9459	5058	0.353
5414	331	0.568
50807	1029	0.385
50807	367	0.34
29108	581	0.517
57099	317	0.799
10017	581	0.505
23786	1329	0.245
599	572	0.392
599	578	0.463
599	581	0.473
599	637	0.533
599	638	0.41
599	10018	0.596
613	6850	0.395
51283	841	0.558
7009	581	0
90427	596	0.459
90427	598	0.588
90427	599	0.542
90427	4170	0.506
664	596	0.575
664	598	0.621
665	596	0.416
665	598	0.5
666	1329	0.277
9970	0	0
9970	5604	0.535
9970	156	0.489
9970	6646	0.251
1513	581	0.306
25776	1499	0.379
930	5295	0.641
930	7409	0.753
940	916	0.615
961	664	0.366
9350	7471	0.591
3880	842	0.172
1119	8312	0.297
1119	1499	0.266
1119	8215	0
4963	637	0
1195	5187	0.275
4934	572	0
4934	4772	0
10524	4851	0.357
10524	367	0.511
10524	351	0.356
10524	28514	0.481
10524	3714	0.312
10524	4853	0.429
10524	4854	0.429
10524	4855	0.452
84876	0	0
1410	581	0.438
1410	598	0.451
1410	836	0.433
1493	916	0.602
5478	9131	0.284
10870	5290	0.284
10870	5335	0.307
10870	7409	0.399
10870	3937	0.435
190	2099	0.562
190	7471	0.537
8771	356	0.652
22861	317	0.555
22861	842	0.602
11315	581	0.447
10294	581	0.231
140735	90427	0.754
7786	6416	0.522
7786	5609	0.484
1400	581	0.161
2100	2099	0.702
2065	5295	0.603
5783	841	0.123
5783	8772	0.078
2247	2263	0.689
2247	6383	0.361
2263	5335	0.491
2263	6464	0.46
2263	10818	0.348
2263	6646	0.263
9994	841	0.607
6422	8321	0.517
6422	7471	0.552
10818	2885	0.695
10818	5781	0.621
1	23368	0.17
2778	427	0.254
6540	5148	0.274
629	427	0.219
629	427	0.219
629	1956	0.232
629	5290	0.287
629	5879	0.243
629	156	0.269
629	1839	0.334
629	3339	0.217
23092	29984	0.652
9265	1029	0.257
1839	1956	0.552
3094	5894	0.478
8739	596	0.294
8739	598	0.415
8739	599	0.413
8739	4170	0.356
3329	836	0.455
3329	839	0.293
3303	9131	0
6383	2247	0.361
6383	2263	0.277
83696	6850	0
3802	5777	0.307
56998	1499	0.433
80319	8215	0
3440	3454	0.557
3454	3716	0.744
3454	7297	0.691
9641	3661	0.722
3596	3597	0.935
3596	3598	0.546
3597	3717	0.935
3597	7297	0.748
3597	3566	0.935
3598	3566	0.822
3561	3718	0.449
3566	3716	0.603
3566	3597	0.935
3566	3561	0.943
3570	3716	0.438
55437	331	0.307
4188	3172	0.367
3630	3643	0.676
51135	7189	0.585
11213	3654	0.713
11213	51135	0.453
3702	5335	0.606
3718	3716	0.485
5602	1386	0.856
5602	3725	0.88
5602	4772	0.644
5602	7157	0.423
5602	6464	0.631
5602	319	0.14
2547	581	0.242
607	1499	0
79444	836	0.449
79444	840	0.446
79444	842	0.406
4018	9170	0.133
4035	8312	0.354
4035	8321	0.394
4035	7471	0.375
9175	6416	0.403
9175	5609	0.401
1845	5599	0.714
1845	5601	0.806
1845	5602	0.843
64112	581	0.583
64112	596	0.457
64112	598	0.586
7867	3315	0.452
4170	578	0.52
4170	581	0.518
4170	10018	0.558
4170	1329	0.246
4170	666	0.575
7020	3725	0.377
5607	5598	0.694
9927	578	0.314
9927	581	0.331
1846	5595	0.691
1846	5594	0.733
1846	5599	0.739
1846	5601	0.852
1846	5602	0.889
1848	5595	0.666
1848	5594	0.71
1852	5595	0.372
1852	5594	0.383
4296	6416	0.413
4296	5609	0.464
4342	5604	0.486
4342	5605	0.531
8986	1385	0.592
8986	1978	0.464
8986	466	0.486
4836	637	0.626
5366	578	0.602
5366	581	0.673
5366	596	0.578
5366	598	0.611
5366	4170	0.475
10193	57448	0.574
55075	317	0.237
8976	280979	0
27429	331	0.509
27429	57448	0.438
27429	10456	0.501
5291	23368	0.354
5291	54545	0
925	8739	0.198
8503	5291	0.514
10714	2099	0.361
10714	10011	0.253
23368	5291	0.354
5296	5291	0.888
1844	5595	0.281
1844	5594	0.262
51237	842	0.31
79581	8215	0
64414	820	0
5256	5834	0.821
8554	4089	0.541
8554	6772	0.594
11040	572	0.409
5590	6198	0.543
5590	5037	0
3339	1605	0.413
3339	0	0
3339	0	0
5336	1605	0.289
5241	2099	0.683
5621	581	0.285
5757	8125	0.67
5757	1329	0.263
10076	3716	0.45
10076	6772	0.341
10076	7297	0.47
27113	581	0.732
27113	596	0.57
27113	598	0.568
27113	599	0.482
27113	4170	0.504
5834	5837	0.974
26108	607	0
10235	5879	0.449
11331	2099	0.815
5308	2770	0.218
5308	2776	0.221
5308	2778	0.339
8204	2099	0.543
1969	2885	0.466
1969	5335	0.542
1969	6464	0.494
1969	1	0.323
1969	23368	0.304
6259	8215	0
6259	8321	0.626
6296	473	0.078
23013	9611	0.455
23013	10011	0.212
23013	23426	0.407
8431	2099	0.462
6597	1499	0.437
6597	2099	0.586
1154	3643	0.33
1154	3716	0.446
1154	3717	0.42
56848	598	0.402
10011	2099	0.291
10011	10714	0.253
6646	1026	0.225
6646	6772	0.209
29110	3661	0.772
7006	7409	0.616
7006	1796	0.544
23389	2099	0
6097	1978	0.408
6097	6198	0.429
1326	5604	0.295
1326	5605	0.259
55240	665	0.2
7318	7189	0.457
8457	79370	0
54739	331	0.277
51776	6416	0.485
51776	5609	0.558
7791	7408	0.389
102	28514	0.502
6868	4851	0.468
83737	6456	0.321
83737	3815	0.441
25898	367	0.204
59343	6934	0.296
667	10048	0.4
667	7472	0.383
960	4088	0.402
960	4089	0.388
960	2059	0.399
1025	126961	0
4435	9846	0.34
1459	1855	0.34
1459	2059	0.331
1213	5781	0.226
1213	7471	0.292
1213	23426	0.197
1213	3636	0.39
10987	4089	0.464
1453	2059	0.489
1454	1855	0
10664	23002	0
23002	367	0
1601	3398	0.396
1601	3399	0.289
55802	7471	0.157
1999	1855	0.458
1999	1915	0.299
1999	9846	0.3
5045	4851	0.358
2535	6722	0.565
2535	1855	0.58
2535	1856	0.676
2535	2059	0.383
9846	6464	0.565
9846	5777	0.478
9846	6772	0.404
9846	6774	0.414
9846	7410	0.574
9846	2887	0.342
9846	5338	0.451
9846	5921	0.44
9846	634	0.419
9846	2060	0.393
9846	2059	0.428
9846	3875	0.233
9846	9063	0.349
9846	6004	0.343
9846	6777	0.286
9846	6934	0.375
8520	5781	0.158
8520	6774	0.171
8520	2887	0.105
8520	84867	0.394
8520	8290	0.623
8520	5515	0.349
8520	5801	0.299
8520	6929	0.243
8520	7050	0.29
11143	9978	0.322
11143	4087	0.268
11143	4088	0.24
11143	6774	0.202
11143	2887	0.132
11143	84867	0.385
11143	367	0.279
11143	9541	0.353
11143	5515	0.343
11143	5801	0.293
11143	9712	0.296
11143	10044	0.162
11143	6929	0.291
11143	7050	0.33
11143	8462	0.315
28996	2516	0.498
3815	6772	0.488
3815	6776	0.375
3815	7409	0.507
3815	161742	0.254
3815	200734	0.248
3815	6777	0.387
3955	4851	0.46
3955	4853	0.559
4242	28514	0
4242	182	0
4242	4853	0
9063	4089	0.48
4316	3691	0.377
8650	4851	0.436
56924	367	0.417
51588	51176	0.248
51588	6934	0.333
23509	4088	0.425
23509	1855	0.441
23509	2887	0.327
23509	4851	0.49
23509	858	0.255
23509	28514	0.562
23509	182	0.547
23509	5076	0.475
23509	5515	0.446
5515	815	0.468
5515	25898	0.288
5580	1601	0.446
5580	3655	0.4
5580	3691	0.264
5582	1601	0.363
5582	1856	0.429
5582	5037	0
8643	1796	0.813
8643	3815	0.351
5782	5359	0.206
5801	3055	0.357
5801	8520	0.299
5801	11143	0.293
10048	6608	0.251
2963	6608	0.166
2963	5801	0.219
2962	5430	0.864
2962	10048	0.08
2962	7472	0.28
9712	2668	0.198
9712	815	0.194
9712	4131	0.454
9712	25898	0.143
9712	8668	0.13
9712	2059	0.31
9712	4853	0.216
29843	10499	0.443
2516	51176	0.419
2516	4602	0.46
2516	6934	0.47
57154	4092	0.545
57154	7046	0.491
58533	4155	0.142
58533	7337	0.166
9021	1857	0.464
57559	8520	0
6777	5607	0.473
7329	367	0.328
7329	7337	0.597
7321	6498	0.486
7322	4087	0.364
7323	4087	0.55
7337	8520	0.332
7337	11143	0.284
8409	8520	0.297
8409	11143	0.38
7472	23509	0.535
8882	29843	0.374
