1	55	0.648
1	55	0.648
1	57	0.692
1	58	0.627
1	249	0.55
1	843	0.696
4	430	0.553
4	681	0.68
4	683	0.686
5	529	0.42
6	162	0
6	308	0
6	648	0
8	121	0.682
8	146	0.515
8	378	0.624
8	471	0.561
8	489	0.613
8	558	0.631
8	559	0.575
8	698	0.492
8	815	1
8	956	0.503
9	49	0
9	81	0.34
9	271	0.479
11	367	0.106
13	28	0.595
14	724	0
16	196	0.61
17	242	0.632
18	71	0
18	376	0.531
19	445	0.588
21	579	0.532
22	17	0.502
22	55	0.553
22	55	0.553
22	91	0.517
22	91	0.517
22	144	0.405
22	249	0.439
22	279	0.767
22	301	0.41
22	307	0.704
22	308	0.741
22	308	0.741
22	312	0.185
22	335	0.625
22	350	0.747
22	351	0.728
22	352	0.514
22	413	0.63
22	421	0.711
22	434	0.716
22	440	0.659
22	458	0.452
22	493	0.735
22	560	0.766
22	560	0.766
22	572	0.575
22	623	0.529
22	636	0.489
22	653	0.512
22	688	0.519
22	724	0
22	843	0.491
22	915	0.605
22	920	0.618
22	921	0.618
22	956	0.481
22	1255	0.753
24	47	0.369
25	26	0.223
26	10	0.42
26	476	0.604
27	977	0.276
28	91	0.558
28	158	0.509
28	402	0.571
29	53	0.725
29	154	0.663
31	695	1
35	524	0.588
35	531	0.815
36	579	0.583
36	588	0.501
36	789	0.395
36	983	0.128
37	579	0.674
38	578	1
38	579	0.786
39	579	0.398
40	36	0.601
40	579	0.629
41	579	0.62
42	579	0.593
43	20	0.897
44	724	0
46	378	0.637
46	379	0.649
46	419	0.471
46	420	0.471
46	429	0.738
47	133	0.839
47	344	0.69
47	358	0.287
47	360	0.393
47	797	0
47	1079	0
48	8	0.674
48	66	0.572
48	67	0.523
48	126	0.865
48	127	0.82
48	237	0.611
48	445	0.601
48	448	0.528
48	484	0.588
48	484	0.588
49	81	0
49	81	0
49	91	0
50	48	0.86
50	66	0.549
50	126	0.856
50	127	0.793
50	237	0.595
50	484	0.565
50	537	0.864
50	556	1
52	71	0
53	154	0.768
53	307	0.638
53	421	0.688
53	915	0.677
54	853	0
54	857	0
55	56	0.648
55	57	0.685
55	58	0.562
55	58	0.562
55	59	0.705
55	59	0.705
55	91	0.64
55	1148	0.627
56	55	0.648
56	59	0.913
56	131	1
56	801	0
57	55	0.685
57	56	0.846
57	58	0.851
57	58	0.851
57	131	1
57	801	0
58	28	0.572
58	55	0.562
58	56	0.757
58	57	0.851
58	59	0.792
58	60	0.604
58	61	1
58	617	1
58	757	0.605
58	801	0
58	1234	0.593
58	1261	1
59	55	0.705
59	56	0.913
59	57	0.875
59	58	0.792
59	60	0.723
59	61	1
59	61	1
59	158	0.6
59	484	0.666
59	757	0.725
59	801	0
59	1146	0.83
59	1155	0.883
59	1261	1
60	56	0.775
60	57	0.661
60	801	0
60	1086	0.654
61	58	1
61	59	1
62	131	1
62	713	0.682
62	1327	0
63	302	0.748
63	697	0.603
63	1284	0.54
65	47	0.344
68	242	0.55
68	533	0.419
68	1284	0.414
69	154	0.622
69	154	0.622
70	569	0.838
70	1011	1
70	1014	0.815
71	76	0
71	78	0
71	80	0
71	105	0
71	134	0
71	135	0
71	180	0
71	278	0
71	447	0
71	448	0
71	458	0
71	522	0
71	523	0
71	528	0
71	541	0
71	552	0
71	722	0
71	734	0
71	766	0
71	767	0
71	768	0
71	774	0
71	814	0
71	818	0
71	872	0
71	939	0
71	1008	0
71	1016	0
71	1048	0
71	1061	0
71	1062	0
71	1065	0
71	1087	0
71	1169	0
72	323	0.145
72	765	0
73	342	0.815
74	72	0
74	447	0
74	457	0
75	57	0.615
75	60	0.664
75	72	0.145
75	91	0.735
75	233	0.545
75	554	0.724
75	572	0.587
75	579	0.609
75	646	0.614
75	648	0.637
75	703	0.635
75	737	0.448
75	907	0.623
75	948	0.434
75	1050	0.262
76	72	0.145
76	233	0.559
76	554	0.682
76	646	0.606
77	75	0.518
77	703	0.787
78	72	0.226
78	74	0
78	79	0.562
78	447	0.454
78	552	0.411
79	144	0.389
79	323	0.536
79	415	0.412
79	428	0.54
79	572	0.574
79	1062	0.541
80	144	0.606
80	648	0.606
81	212	1
81	521	1
81	521	1
81	583	1
81	773	1
81	984	1
81	1170	0.187
82	443	0
82	443	0
83	94	0.558
83	154	0.631
83	479	0.637
85	28	0.503
85	87	0.827
85	239	0.598
85	340	0.418
85	484	0.593
86	60	0.715
86	393	0.688
87	28	0.354
87	28	0.354
87	55	0.401
87	57	0.47
87	58	0.462
87	59	0.495
87	60	0.404
87	73	0.398
87	88	0.866
87	89	0.872
87	90	0.887
87	172	0.386
87	233	0.444
87	251	0.397
87	251	0.397
87	272	0
87	284	0.381
87	284	0.381
87	342	1
87	342	1
87	421	0.383
87	494	0.402
87	497	0.519
87	574	0.47
87	587	0.364
87	713	0.419
87	757	0.406
87	765	0
87	828	0.365
87	909	0
87	983	0.231
87	988	0
87	994	0.359
87	1127	0.462
87	1248	0.421
87	1259	0.386
88	87	0.866
88	342	1
88	393	0.587
88	393	0.587
88	394	0
88	395	0.477
88	493	0.521
89	73	0.393
89	73	0.393
89	91	0.786
89	233	0.517
89	342	1
89	497	0.614
89	909	0
89	988	0
90	46	0.425
90	46	0.425
90	60	0.488
90	85	0.934
90	87	0.887
90	340	0.419
90	425	0.5
90	585	0.571
90	988	0
90	1179	0.473
91	87	0.824
91	87	0.824
91	88	0.788
91	88	0.788
91	89	0.786
92	589	0.489
93	197	0.532
93	714	0.548
93	1161	0.623
93	1193	0.598
93	1196	0.561
94	133	0.722
94	154	0.716
94	211	0.61
94	216	0.643
94	305	0.595
94	389	0.528
94	483	0.468
94	961	0.726
94	1074	0.594
94	1312	0.587
96	118	1
96	119	1
96	120	1
96	122	1
96	187	1
97	118	0.473
98	187	0.666
98	574	0.734
98	574	0.734
99	574	0.64
100	574	0.64
101	574	0.759
105	144	0
105	368	0
106	664	0.698
106	666	0.839
107	482	0.371
108	714	0.475
111	389	0.745
112	118	0.436
112	118	0.436
113	119	0.609
113	122	0.612
114	118	0.436
115	101	0.577
115	187	0.559
116	279	0.7
116	421	0.604
116	434	0.507
116	493	0.541
116	706	0.625
116	915	0.566
116	920	0.38
116	921	0.38
116	1077	0.704
116	1128	0.516
116	1255	0.603
118	55	0.421
118	97	0.473
118	536	0.861
119	187	0.528
119	478	0.56
119	574	0.556
121	28	0.421
121	165	0.128
121	417	0.789
121	493	0.826
121	648	0.517
121	929	0
121	945	0.459
122	58	0.56
122	574	0.564
123	119	0.696
124	133	0.802
126	112	0.522
126	112	0.522
126	262	0.477
126	484	0.561
127	66	0.632
127	262	0.477
127	484	0.655
128	572	0.553
129	65	0.727
131	62	1
131	340	0.69
131	713	1
131	787	1
131	1241	1
132	87	0.45
132	89	0.514
133	144	0.87
133	757	0.442
133	1209	1
134	447	0.401
134	477	0.585
134	484	0.562
135	165	0.147
136	148	0.14
136	511	0.14
137	60	0.695
137	61	1
137	181	0
137	407	0.795
137	407	0.795
137	633	0.481
137	710	0.49
139	64	0.825
141	471	0.635
141	627	0.863
142	28	1
144	94	0.727
144	751	0.354
144	797	0
144	881	1
144	1075	0.456
144	1076	0.621
145	144	0.577
145	180	0.714
146	8	0.515
146	70	0.719
146	173	0.71
146	403	0.488
146	869	1
147	70	0.559
147	173	0.552
148	57	0.755
148	59	0.821
149	223	0.459
149	490	0.624
150	233	0.802
150	389	0.801
150	400	0.889
150	554	0.752
150	632	0.784
152	652	0.569
152	1297	0.659
153	66	0.634
154	94	0.716
154	319	0.685
154	652	0.683
154	695	1
154	897	0.689
154	897	0.689
154	1074	0.671
158	28	0.509
158	84	0.437
158	131	1
158	511	0.412
160	81	0
161	542	0
164	168	0.109
164	522	0
164	523	0.571
164	1016	0.421
165	121	0.128
165	481	0.181
165	540	0.092
165	993	0.126
166	46	0.627
166	379	0.617
167	101	0.158
167	154	0.205
167	187	0.158
167	413	0.284
167	478	0.158
167	621	0.355
168	522	0
169	424	0
170	513	0.815
171	710	0.558
171	1243	0.629
172	484	0.601
173	22	0.463
174	160	0
174	161	0
174	802	0
174	803	0
174	804	0
175	101	0.717
177	90	0.225
180	144	0.438
180	144	0.438
180	253	0.406
180	817	0
180	893	0.043
180	894	0.2
180	1209	0.367
181	307	0
181	308	0
182	527	0
183	572	1
183	757	1
185	471	0.181
187	60	0.606
187	175	0.713
187	471	0.667
187	574	0.85
187	574	0.85
187	611	0.742
187	757	0.608
187	1209	1
187	1261	1
187	1291	1
189	640	0
190	208	0.145
190	209	0.145
193	421	0.548
195	445	0.536
196	197	0.493
197	85	0.508
197	93	0.532
197	217	0.83
197	302	0.572
197	417	0.651
197	421	0.695
197	447	0.468
197	482	0.659
197	533	0.519
197	552	0.689
197	572	0.529
197	578	0.129
197	602	0.633
197	632	0.714
197	634	0.583
197	636	0.581
197	697	0.481
197	706	0.517
197	933	0.479
197	938	0.519
197	1015	0.511
197	1190	0.664
197	1313	0.458
199	55	0.543
199	1153	0.642
199	1154	0.653
201	206	0.445
201	208	0.536
201	208	0.536
203	202	0.785
203	202	0.785
203	351	0.565
205	206	0.789
206	590	0.79
207	206	0.852
207	590	0.913
210	202	0.7
211	133	0.674
211	253	0.806
211	1052	0
212	282	0
212	569	0.816
212	1011	1
214	602	0.584
217	302	0.643
217	515	0.67
217	533	0.585
217	602	0.696
217	632	0.754
217	1015	0.604
217	1071	0.625
217	1204	0.639
219	211	0.449
219	432	0.752
219	435	0.705
219	439	0.695
219	490	0.771
219	1113	0.705
219	1171	0.538
219	1257	0.666
220	91	0.505
220	94	0.445
220	133	0.426
220	144	0.403
220	197	0.66
220	198	0.484
220	211	0.414
220	219	0.857
220	253	0.52
220	378	0.798
220	408	0.842
220	409	0.553
220	432	0.879
220	435	0.819
220	439	0.827
220	490	0.909
220	507	0.865
220	518	0
220	528	0.367
220	591	0.772
220	635	0.625
220	648	0.612
220	652	0.479
220	894	0.438
220	909	0
220	922	0.69
220	945	0.519
220	946	0.536
220	989	1
220	1028	0.812
220	1033	0.464
220	1062	0.513
220	1113	0.819
220	1171	0.506
220	1257	0.79
221	414	0.52
221	490	0.559
221	1249	0.4
222	215	0
222	410	0
224	223	0.903
226	231	0
227	228	0
228	248	0.708
228	495	0.768
230	225	0.791
232	85	0.68
232	90	0.586
232	441	0.896
232	448	0.607
232	617	1
232	1179	0.713
233	220	0.772
233	260	0.799
233	302	0.677
233	361	0.608
233	470	0.723
233	515	0.712
233	533	0.575
233	554	0.631
233	602	0.695
233	632	0.81
233	734	0.563
233	1140	1
233	1203	0.528
233	1204	0.685
233	1300	0.702
234	618	0
238	237	0.477
241	90	0.745
241	239	0.515
242	166	0.72
242	197	0.619
242	232	0.712
242	243	0.703
242	355	0.639
242	448	0.577
242	585	0.637
242	603	0.638
243	242	0.703
243	242	0.703
247	315	0
248	374	0.773
249	243	0.55
249	757	0.521
252	9	0
253	133	0.743
255	307	0
255	308	0
256	181	0
256	264	0.158
256	529	0.486
256	529	0.486
256	756	0.637
257	258	1
260	154	0.609
260	163	0
260	533	0.489
260	602	0.8
260	635	0.644
260	737	0.487
260	900	0.535
260	948	0.482
260	1083	0.595
264	181	0
264	219	0.158
264	270	0.261
264	312	0.261
264	516	0.2
266	146	0.786
266	403	0.44
266	468	0.664
266	515	0.405
266	515	0.405
266	914	0.673
267	118	1
267	915	1
268	9	0.278
268	275	0.739
268	515	0.381
268	516	0.399
268	572	0.812
268	632	0.547
268	761	0.481
268	1012	0.595
268	1201	0.428
269	311	0.129
269	572	0.58
270	311	1
270	417	0.403
270	530	0.571
270	1283	0.575
274	330	0.544
274	633	0.742
275	268	0.739
275	283	0.595
275	312	1
275	515	0.438
276	311	0.035
278	277	0
279	421	0.795
280	202	0.101
282	202	0
282	311	0
282	364	0
282	468	0
282	494	0
282	560	0
282	565	0
282	572	0
282	579	0
283	22	0.459
283	35	0.475
283	36	0.518
283	572	0.548
283	578	0.129
284	91	0.531
284	724	0
285	695	0
286	521	0.389
287	288	0.704
288	346	0.704
288	515	0.492
289	9	0.297
289	97	0.462
289	270	0.886
289	419	0.451
289	443	0.203
289	530	0.34
289	1201	0.362
296	21	0.684
296	40	0.564
296	579	0.772
296	582	0.169
296	632	0.559
296	1015	0.568
296	1250	0.539
296	1285	0.535
296	1317	0.534
297	40	0.561
297	46	0.481
297	116	0.683
297	552	0.546
297	582	0.162
297	1010	0.561
298	164	0.45
298	530	0.353
299	27	0.481
300	306	0.25
301	430	0.367
301	515	0.326
302	93	0.712
302	219	0.645
302	266	0.753
302	533	0.683
302	572	0.64
302	602	0.761
302	625	0.613
302	630	1
302	698	0.66
302	706	0.681
302	818	0.846
302	1005	0.601
302	1033	0.791
302	1197	0.477
305	652	0.561
305	897	0.492
306	310	0
307	53	0.638
307	133	0.413
307	144	0.386
307	154	0.615
307	427	0.441
307	447	0.427
307	549	0.527
307	648	0.589
307	742	0
307	877	0.133
307	1188	0.455
308	22	0.741
308	53	0.709
308	98	0.701
308	154	0.664
308	202	0.552
308	307	0.874
308	616	0.594
308	648	0.618
309	310	0
310	306	0
311	170	0.101
311	282	0
311	417	0.14
311	421	0.14
311	481	0.129
311	488	0.14
311	493	0.14
311	532	0.188
311	534	0.129
311	539	0.129
311	560	0.14
311	565	1
311	572	1
311	572	1
311	579	1
311	587	0.14
311	706	0.129
311	707	0.129
311	708	0
312	219	0.129
312	219	0.129
312	220	0.129
312	264	0.261
312	275	1
312	373	0.129
312	421	0.14
312	533	0.188
312	572	1
312	593	0.209
312	602	0.129
313	60	0.561
313	91	0.674
313	91	0.674
313	1006	0.547
315	57	0
315	329	0
318	71	0
318	71	0
318	91	0.569
318	552	0.441
319	305	0.708
319	897	0.474
320	620	0.491
322	479	0.633
325	60	0.605
325	483	0.655
325	1153	0.676
325	1154	0.672
325	1261	1
331	202	0.433
332	87	0.445
332	166	0.696
332	801	0
333	413	0.687
333	695	1
334	28	0.477
334	1129	0.148
335	20	0.573
335	28	0.645
335	62	0.612
335	551	0.452
336	520	0.596
338	50	1
339	22	0
339	337	0
339	484	0
340	91	0.439
341	135	0
342	73	0.815
342	73	0.815
342	762	0.815
343	90	0.546
343	232	0.822
343	232	0.822
344	345	0.69
344	377	0.842
345	334	0.148
345	376	0.565
345	377	0.527
345	660	0.691
345	662	0.736
346	347	0.691
347	22	0.685
347	74	0
347	79	0.71
347	219	0.687
347	220	0.724
347	370	0.698
347	447	0.497
347	515	0.674
347	523	0.743
347	602	0.738
347	698	0.609
347	756	0.574
347	867	0.691
348	358	0.505
348	358	0.505
348	360	0.731
348	360	0.731
348	448	0.659
348	448	0.659
348	522	0
348	575	0.639
349	339	0
349	448	0.503
350	348	0.631
350	448	0.512
351	348	0.662
351	448	0.533
352	348	0.753
352	448	0.58
354	377	0.156
355	362	0.688
356	357	0.513
356	419	0.667
357	193	0.485
357	683	0.563
360	1224	0.596
361	1225	0.698
364	565	0.604
365	370	0.602
365	420	0.519
365	602	0.685
365	638	1
365	744	0.518
365	867	0.521
365	881	1
366	365	0
367	22	0.543
367	71	0
367	368	0.492
367	522	0
368	71	0
368	1172	0.703
369	643	0.433
369	644	0.461
369	664	0.487
369	666	0.438
369	683	0.662
370	219	0.66
370	302	0.73
370	515	0.499
370	938	0.705
372	1219	0.686
372	1315	0.564
373	62	0.634
373	87	0.449
373	253	0.628
373	515	0.448
373	577	0.175
373	713	0.592
374	219	0.691
374	233	0.676
374	249	0.579
374	377	0.595
374	552	0.508
374	602	0.629
374	602	0.629
374	876	0.68
376	377	0.809
376	602	0.699
376	634	0.524
376	635	0.68
376	636	0.606
376	1235	0.933
376	1313	0.489
376	1314	0.782
377	376	0.809
377	486	0
377	634	0.537
377	636	0.592
377	638	1
377	694	0.824
378	47	0.353
378	55	0.515
378	58	0.528
378	58	0.528
378	60	0.531
378	84	0.434
378	133	0.425
378	211	0.397
378	243	0.571
378	253	0.49
378	407	0.799
378	417	0.753
378	447	0.409
378	484	0.562
378	602	0.638
378	648	0.581
378	652	0.463
378	757	0.533
378	1152	1
378	1248	0.511
378	1299	0.385
379	378	0.759
379	405	0.883
379	407	0.796
379	482	0.844
379	881	1
379	1236	0.838
380	273	0.712
382	22	0
386	695	0.34
388	302	0.802
388	533	0.609
389	533	0.659
389	560	0.765
389	698	0.653
389	714	0.725
389	1161	0.658
389	1176	0.731
389	1213	0
390	391	0
391	26	0.451
392	28	0.511
392	142	1
392	792	1
399	259	0.552
400	68	0.801
400	468	0.579
400	533	0.534
400	572	0.582
400	602	0.745
400	697	0.521
400	1083	0.559
400	1149	0.812
400	1159	0.543
401	379	0.506
403	220	0.813
403	378	0.743
404	421	0.792
405	211	0.379
405	418	0.781
405	435	0.807
405	439	0.819
405	1113	0.807
405	1164	0.514
405	1247	0.899
405	1249	0.361
405	1257	0.778
406	124	0.459
406	823	0.74
407	47	0.381
407	133	0.463
407	219	0.869
407	253	0.592
407	253	0.592
407	261	0
407	282	0
407	358	0.488
407	360	0.69
407	377	0.654
407	426	0.666
407	447	0.47
407	484	0.604
407	490	0.759
407	552	0.588
407	602	0.643
407	1299	0.477
408	328	0.367
408	332	0.511
408	439	0.801
409	74	0
410	620	0.465
412	28	0.669
412	371	0.8
412	632	0.672
413	479	0.6
413	484	0.732
413	756	0.652
413	956	0.679
414	323	0.61
414	428	0.57
416	74	0
417	58	0.46
417	75	0.347
417	144	0.328
417	211	0.313
417	219	0.653
417	220	0.808
417	253	0.387
417	379	0.84
417	407	0.632
417	432	0.769
417	439	0.797
417	488	0.879
417	490	0.879
417	591	0.769
417	619	0.457
417	625	0.364
417	724	0
417	757	0.4
417	1196	0.438
417	1248	0.417
417	1257	0.73
418	144	0.386
418	219	0.674
418	220	0.791
418	332	0.539
418	417	0.953
419	378	0.541
419	405	0.568
419	406	0.568
419	482	0.521
420	378	0.541
420	405	0.568
420	406	0.568
420	448	0.569
420	482	0.521
420	1268	0.617
421	351	0.815
421	378	0.753
421	379	0.873
421	417	0.801
421	419	0.708
421	429	0.783
421	482	0.841
421	619	0.581
421	645	0.923
421	1039	0.775
421	1307	0.476
422	242	0.609
422	636	0.612
423	176	0.324
423	188	0.519
424	270	0.579
424	289	0.533
424	530	0.428
424	857	0
424	1072	0
428	414	0.57
429	378	0.633
429	407	0.651
429	1236	0.747
430	220	0.412
430	335	0.462
430	378	0.393
430	405	0.37
430	406	0.37
430	482	0.378
430	482	0.378
430	1268	0.405
431	554	0.696
432	431	0.526
432	438	1
432	442	0.336
432	931	0.477
432	1298	0
433	438	0.262
433	931	0.477
433	1298	0
434	379	0.828
434	420	0.509
434	429	0.731
435	208	0.471
438	442	0.69
439	144	0.358
439	201	0.446
439	1142	0.383
440	190	0.151
440	201	0.467
440	488	0.676
440	541	0.385
441	369	0.521
441	421	0.612
441	454	0.613
441	670	0.784
441	1229	0.616
443	97	0.256
443	118	0.199
446	478	0.695
447	243	0.487
447	414	0.745
448	94	0.638
448	219	0.531
448	234	0.528
448	243	0.596
448	340	0.356
448	344	0.69
448	348	0.659
448	350	0.512
448	352	0.58
448	358	0.417
448	360	0.575
448	361	0.586
452	463	0.439
453	572	0.55
454	350	0.827
454	351	0.839
454	421	0.899
454	938	0.564
455	652	0.473
455	897	0.461
457	152	0.594
457	579	0.439
457	949	0
458	501	0.475
458	501	0.475
459	465	0
460	348	0.601
460	417	0.704
460	572	0.529
461	1080	0
463	146	0.614
463	221	0.586
463	302	0.617
463	370	0.611
463	515	0.544
463	533	0.533
463	602	0.621
463	869	1
464	57	0.642
464	58	0.678
465	315	0
466	101	0.697
466	175	0.963
467	636	0.631
468	515	0.494
468	625	0.588
468	1266	0.514
470	70	0.704
470	146	0.796
471	187	0.667
471	413	0.65
471	515	0.467
471	574	0.668
472	122	0.541
473	120	0.606
474	578	0.082
474	580	0
475	270	0.195
475	270	0.195
475	307	0.2
475	307	0.2
476	44	0.317
476	45	0.517
476	96	1
476	101	0.497
476	118	0.618
476	119	0.643
476	119	0.643
476	120	0.641
476	130	0.432
476	261	0
476	500	0.543
476	525	0
478	119	0.56
479	427	0.5
479	464	0.587
479	484	0.658
482	47	0.349
482	71	0
482	124	0.466
482	133	0.411
482	211	0.384
482	407	0.805
482	408	0.833
482	414	0.469
482	417	0.845
482	418	0.826
482	435	0.779
482	439	0.803
482	447	0.401
482	483	0.511
482	547	0.911
482	574	0.532
482	619	0.542
482	627	0.5
482	634	0.461
482	909	0
482	922	0.69
482	989	1
482	1113	0.779
482	1164	0.51
482	1247	0.923
482	1249	0.365
482	1257	0.761
483	22	0.486
483	36	0.609
483	116	0.676
483	348	0.716
483	479	0.506
483	486	0
483	575	0.546
484	48	0.588
484	56	0.645
484	57	0.625
484	58	0.705
484	59	0.666
484	60	0.593
484	61	1
484	119	0.569
484	242	0.618
484	267	1
484	413	0.732
484	471	0.669
484	476	0.589
484	538	1
484	695	1
484	1154	0.651
484	1261	1
484	1291	1
487	572	0.629
488	55	0.498
488	145	0.465
488	308	0.782
488	590	0.533
488	594	0.482
488	823	0.797
488	1031	0
489	261	0
489	1291	1
490	48	0.868
490	50	0.873
490	55	0.497
490	55	0.497
490	144	0.371
490	443	0.231
490	823	0.776
491	209	0.8
492	678	0.626
493	8	0.685
493	44	0.373
493	45	0.543
493	55	0.52
493	379	0.93
493	392	0.938
493	417	0.852
493	421	0.86
493	432	0.881
493	438	1
493	483	0.568
493	560	0.938
493	579	0.541
493	1062	0.516
494	421	0.853
496	275	0.678
496	296	0.591
496	297	0.586
496	312	0.129
497	448	0.686
497	1129	0.609
499	518	0
500	120	0.609
501	81	1
502	783	0
504	502	0.119
506	367	0.552
506	515	0.569
506	593	0.12
506	634	0.529
506	636	0.524
507	22	0.723
508	22	0.691
508	22	0.691
508	507	0.766
508	522	0
510	103	0.504
510	157	0.562
510	219	0.647
510	222	0
510	632	0.598
511	64	0.646
511	64	0.646
511	139	0.711
511	158	0.412
511	1168	0.086
512	202	0.52
512	202	0.52
513	13	0.6
514	216	0.541
514	1312	0.707
515	22	0.685
515	22	0.685
515	104	0.377
515	116	0.441
515	221	0.403
515	244	0.275
515	294	0.35
515	417	0.688
515	448	0.403
515	482	0.679
515	518	0
515	552	0.605
515	572	0.435
515	697	0.387
515	876	0.695
515	981	0
515	982	0
515	1130	0.695
516	552	0.668
516	554	0.484
517	284	0.635
517	518	0
518	20	0
518	103	0
518	164	0
518	168	0
518	219	0
518	284	0
518	288	0
518	367	0
518	448	0
518	507	0
518	519	0
518	519	0
518	522	0
518	608	0
519	22	0.456
519	283	0.53
519	507	0.514
519	518	0
521	55	0.508
521	76	0.481
521	130	0.433
521	144	0.394
521	145	0.48
521	165	0.122
521	447	0.418
521	476	0.616
521	541	0.501
521	616	0.56
522	58	0
522	71	0
522	72	0
522	74	0
522	143	0
522	164	0
522	197	0
522	208	0
522	209	0
522	209	0
522	211	0
522	282	0
522	307	0
522	373	0
522	409	0
522	448	0
522	457	0
522	488	0
522	552	0
522	559	0
522	560	0
522	572	0
522	593	0
522	594	0
522	629	0
522	985	0
522	1285	0
522	1294	0
522	1307	0
523	8	0.692
523	58	0.546
523	208	0.459
523	307	0.86
523	370	0.59
523	409	0.553
523	424	0.436
523	457	0.431
523	530	0.463
523	551	0.419
523	560	0.908
523	721	0.478
523	722	0.471
523	726	0.511
523	737	0.419
523	754	0.819
523	796	0
523	810	0.384
523	818	0.561
523	834	1
523	847	0.311
523	855	1
523	865	0.443
523	883	0.063
523	900	0.472
523	907	0.531
523	908	1
523	917	0.302
523	929	0
523	948	0.407
523	953	0.458
523	989	1
523	991	1
523	1016	0.353
523	1017	0.29
523	1045	1
526	796	0
527	202	0.589
527	202	0.589
527	666	0.372
529	248	0.519
530	164	0.501
530	367	0.57
530	518	0
530	878	0
530	981	0
533	71	0
533	164	0.555
533	206	0.42
533	367	0.585
533	515	0.36
533	518	0
533	522	0
533	878	0
533	981	0
533	981	0
535	529	0.448
536	443	0.211
537	114	0.623
537	484	0.599
539	28	0.624
540	55	0.141
541	22	0.508
541	53	0.545
541	53	0.545
541	55	0.437
541	130	0.426
541	165	0.287
541	190	0.169
541	379	0.408
541	429	0.456
541	551	0.376
541	648	0.455
541	756	0.496
542	165	0.147
543	28	0.611
543	87	0.378
544	335	0.487
544	348	0.52
544	407	0.457
544	619	0.469
544	632	0.505
547	332	0.56
548	119	0.509
549	154	0.635
549	695	1
550	118	0.129
551	233	0.455
551	515	0.365
551	518	0
551	519	0.641
551	982	0
552	197	0.689
552	249	0.373
552	302	0.518
552	378	0.659
552	414	0.429
552	419	0.414
552	482	0.71
552	572	0.432
552	602	0.657
552	632	0.739
552	688	0.455
552	891	0.183
554	146	0.814
554	260	0.649
554	470	0.821
554	646	0.788
554	876	0.706
558	67	0.637
559	58	0.623
559	59	0.749
560	55	0.533
560	403	0.851
560	417	0.864
560	418	0.821
561	86	0.775
562	563	0.446
563	22	0.432
563	116	0.586
563	116	0.586
563	572	0.606
564	562	0.68
567	565	0.484
569	761	0.52
570	219	0.507
570	572	0.899
570	578	1
571	154	0.753
572	28	0.603
572	219	0.607
572	220	0.56
572	282	0
572	421	0.546
572	434	0.494
572	444	0.726
572	448	0.543
572	482	0.502
572	487	0.629
572	493	0.544
572	515	0.435
572	560	0.556
572	564	0.581
572	632	0.595
572	703	0.623
572	761	0.539
572	1135	0.528
572	1266	0.454
573	22	0.232
573	572	0.242
573	1014	0.276
574	96	1
574	97	0.644
574	101	0.759
574	175	0.664
574	187	0.85
574	449	0.733
574	538	1
575	362	0.499
576	34	0.377
576	374	0.491
576	704	0.372
578	412	0.129
578	587	0.14
578	724	0
579	233	0.563
579	282	0
579	348	0.691
579	378	0.5
579	412	0.682
579	522	0
579	554	0.725
579	588	0.522
579	724	0
579	1285	0.607
580	581	0
582	297	0.162
582	526	0.14
582	526	0.14
582	579	0.171
585	454	0.822
585	497	0.695
585	1303	0.772
586	611	0.561
587	392	0.974
587	431	0.53
587	432	0.913
587	433	0.262
587	438	1
587	442	0.341
587	1388	1
587	1434	0.423
588	392	0.796
588	433	0.34
588	438	1
588	796	0
588	799	0.506
588	1000	0.69
589	249	0.486
591	55	0.567
591	144	0.372
591	253	0.5
591	1455	1
595	49	0
596	578	0.069
597	610	0
597	657	0
599	264	0.126
599	270	0.485
599	312	0.101
600	228	0.578
600	229	0.752
602	219	0.642
602	302	0.761
602	515	0.638
602	572	0.576
602	625	0.536
602	1305	1
603	376	0.511
603	377	0.558
603	602	0.529
603	638	1
603	697	0.499
603	1133	0.527
603	1308	1
603	1314	0.606
603	1390	0.619
603	1469	0.558
604	266	0.624
604	302	0.628
604	417	0.356
604	515	0.373
604	554	0.561
604	554	0.561
604	630	1
604	1432	0.492
605	339	0
606	522	0
607	611	0.541
607	1116	0.533
607	1412	0.652
607	1498	0.61
607	1603	0.46
611	428	0.601
611	612	0.843
612	113	0.524
612	675	0.532
612	897	0.758
612	1133	0.761
612	1412	0.527
612	1442	0
612	1524	0.63
613	47	0.355
614	609	0.726
615	610	0.817
615	611	0.751
616	290	0.62
616	291	0.585
616	292	0.631
616	611	0.572
616	627	0.558
616	661	0.6
616	811	0.678
616	1361	1
616	1544	0.58
617	57	1
617	421	1
617	801	0
618	617	0
619	216	0.503
619	1189	0.54
619	1287	0.64
620	117	0.749
620	159	0.347
623	465	0
624	672	0.368
624	679	0.271
624	815	0.328
624	1033	0.608
624	1394	0.193
624	1465	0.272
624	1469	0.254
624	1604	0.303
625	311	0.129
625	572	0.54
625	1014	0.815
626	483	1
626	483	1
628	627	1
629	593	0.158
630	93	1
630	196	1
630	269	1
630	302	1
630	553	1
632	70	0.563
632	93	0.672
632	197	0.714
632	233	0.81
632	376	0.771
632	417	0.76
632	470	0.593
632	474	0.125
632	533	0.534
632	552	0.739
632	554	0.603
632	572	0.595
632	579	0.569
632	602	0.798
632	605	0.568
632	636	0.581
632	641	0.851
632	698	0.58
632	754	0.767
632	754	0.767
632	795	1
632	818	0.605
632	847	0.357
632	861	1
632	865	0.535
632	900	0.545
632	930	0.78
632	948	0.518
632	1033	0.607
632	1050	0.262
632	1130	0.757
632	1140	1
632	1363	0.589
632	1412	0.633
632	1432	0.565
632	1454	0.712
632	1469	0.768
632	1522	0.602
632	1564	0.635
632	1604	0.594
633	274	0.742
634	1232	1
635	1232	1
636	271	0.133
636	372	0.622
636	634	0.763
639	154	0.764
639	616	0.682
639	715	0.696
639	1400	0.66
639	1465	0.65
639	1469	0.582
639	1552	0.674
640	152	0.655
641	63	0.493
641	388	0.51
641	533	0.408
641	602	0.749
641	697	0.456
641	1083	0.498
641	1284	0.398
641	1308	1
643	419	0.716
643	454	0.502
643	455	0.477
643	482	0.473
643	645	0.493
644	645	0.533
645	378	0.81
645	379	0.906
645	417	0.849
645	419	0.542
645	420	0.542
645	429	0.716
645	454	0.924
645	455	0.794
645	616	0.577
645	643	0.493
645	1130	0.851
645	1454	0.75
650	282	0
651	471	0.657
653	551	0.386
653	551	0.386
654	28	1
654	287	1
654	374	1
655	28	1
655	287	1
655	374	1
656	657	0.61
657	610	0.617
657	611	0.548
657	645	0.773
657	658	0.827
657	1366	0.55
657	1409	0.744
657	1420	0.506
657	1526	0.456
658	643	0.543
658	657	0.827
658	659	0.893
658	1391	0.598
658	1406	0.546
658	1409	0.828
659	656	0.654
660	350	0.662
660	377	0.663
661	1133	0.53
670	672	0.643
670	673	0.701
672	379	0.57
672	679	0.704
673	681	0.689
674	551	0.409
679	232	0.776
679	585	0.731
679	681	0.682
681	46	0.609
681	46	0.609
681	125	0.568
681	348	0.748
681	396	0.586
681	417	0.558
681	425	0.561
681	425	0.561
681	448	0.567
681	484	0.674
681	645	0.623
681	787	0.719
681	1561	0.581
683	193	0.646
683	351	0.644
683	419	0.761
683	421	0.722
683	643	0.622
683	644	0.644
683	645	0.623
685	572	0.606
687	322	0.266
688	1323	0.529
689	688	0.804
689	1011	1
691	270	0.842
692	471	0.66
693	502	0.17
693	650	0.487
694	634	0.508
694	635	0.695
694	637	0
695	57	1
695	167	0.158
695	186	0
695	398	1
695	478	1
697	22	0.455
697	572	0.568
697	578	0.169
697	579	0.577
698	22	0.469
698	36	0.61
698	116	0.596
698	572	0.606
700	325	0.631
701	22	0.668
701	22	0.668
701	233	0.737
701	515	0.654
701	533	0.521
701	602	0.719
705	81	0.156
706	28	0.627
706	750	0.485
707	28	0.662
708	28	0
709	710	0.69
710	256	0.646
710	256	0.646
710	1465	0.661
711	20	0.572
711	28	0.584
711	335	0.542
712	465	0
713	62	0.682
713	87	0.419
713	89	0.488
713	91	0.544
713	91	0.544
713	131	1
713	378	0.543
713	643	0.562
713	645	0.561
713	1258	0.584
714	192	0
714	698	0.468
714	1083	0.487
714	1308	1
715	117	0.633
716	851	0.69
716	857	0
717	853	0
717	857	0
718	523	0
720	81	0.151
721	81	0.69
722	81	0.69
723	733	0.365
723	901	0.11
723	902	0.342
723	903	0
725	790	0.763
725	818	0.783
725	847	0.415
727	716	0
727	717	0
728	763	0
731	270	0.404
731	289	0.366
731	857	0
732	851	0.483
732	852	0.483
732	857	0
733	1047	0
736	1045	0
736	1069	0
737	1047	0
739	778	0
739	779	0
742	154	0
743	91	0.544
743	131	1
743	1265	0.527
744	93	0.62
744	698	0.689
746	745	0
747	745	0
749	745	0
750	724	0
752	58	0.669
752	560	0.711
753	58	1
753	59	1
753	90	1
754	18	0.508
754	54	0.472
754	270	0.468
754	803	0.512
754	902	0.108
754	924	0.416
754	1125	0.176
754	1133	0.511
755	1080	0
756	18	0.553
756	46	0.503
756	54	0.526
756	181	0
756	256	0.637
756	264	0.158
756	348	0.721
756	370	0.658
756	417	0.464
756	482	0.511
756	515	0.435
756	560	0.541
756	579	0.566
756	632	0.583
756	924	0.475
756	960	0.627
756	970	0.613
756	1133	0.658
756	1236	0.512
756	1236	0.512
756	1277	0
757	56	0.777
757	57	0.663
757	58	0.605
757	59	0.725
757	1148	0.77
757	1248	0.641
758	1037	0
759	270	1
759	289	0.69
759	851	0.69
759	857	0
760	759	0
761	403	0.802
761	417	0.818
761	418	0.783
763	1030	0
764	769	0.629
765	55	0
765	144	0
765	165	0
765	368	0
765	447	0
765	457	0
765	648	0
765	770	0
765	847	0
765	874	0
765	900	0
765	907	0
765	948	0
765	1060	0
765	1062	0
765	1083	0
766	368	0
766	409	0
766	432	0
766	457	0
766	530	0
766	573	0
766	720	0
766	726	0
766	729	0
766	754	0
766	765	0
766	769	0
766	770	0
766	771	0
766	803	0
766	806	0
766	823	0
766	880	0
766	917	0
766	928	0
766	948	0
766	955	0
766	962	0
766	963	0
766	964	0
766	991	0
766	1006	0
766	1014	0
766	1023	0
766	1026	0
766	1027	0
766	1030	0
766	1050	0
766	1084	0
769	144	0.436
769	457	0.477
769	573	0.276
769	645	0.774
769	737	0.513
769	894	0.533
769	907	0.659
769	953	0.568
769	994	0.63
769	1008	0.576
769	1024	1
769	1030	0.505
769	1035	0.676
769	1051	0.612
769	1062	0.593
769	1065	0.606
769	1067	0.135
769	1069	0.636
769	1078	0.176
769	1432	0.577
770	144	0
770	145	0
770	457	0
770	1062	0
771	22	0.591
771	79	0.676
771	770	0
772	79	0.424
772	769	0.529
772	770	0
773	1025	0.493
774	1014	0.139
775	447	0
775	648	0
775	740	0
775	811	0
775	877	0
775	991	0
775	1069	0
775	1073	0
777	260	0.619
778	851	0.51
778	852	0.51
778	857	0
779	851	0
779	852	0
779	857	0
780	146	1
780	197	1
780	260	1
780	302	1
780	389	1
780	515	1
780	602	1
780	632	1
780	698	1
780	1432	1
781	560	0.441
782	523	0
782	781	0
782	993	0
782	994	0
783	501	0
783	965	0
783	966	0
783	986	0
786	1064	0
787	87	0.455
787	89	0.559
787	90	0.528
787	131	1
787	1144	0.646
792	724	0
793	374	0.766
796	433	0
799	1083	0.629
800	857	0
800	953	0
801	28	0
802	851	0.462
802	853	0
802	857	0
803	851	0.468
803	852	0.47
803	854	0.456
803	857	0
804	302	0.638
804	851	0.484
804	852	0.483
804	857	0
806	1069	0.495
807	28	0
808	926	0
810	164	0.107
811	53	0.779
811	495	0.677
814	928	1
815	1015	1
816	851	0.486
816	852	0.484
816	857	0
820	202	0.466
820	648	0.546
820	1615	0.612
823	822	0.455
824	745	0
826	828	0.926
829	1392	0.751
829	1400	0.92
829	1469	0.657
829	1552	0.7
830	816	0.567
830	888	0.567
830	923	0.48
830	950	0.574
831	815	1
831	1015	0.673
832	831	0
833	611	0.549
835	154	0.598
836	374	0.784
838	851	0.509
838	853	0
838	854	0.49
838	857	0
840	270	0.387
840	857	0
841	853	0
841	857	0
842	765	0
844	208	0.536
846	848	0
847	785	0
848	852	0.498
848	857	0
850	270	0.702
851	721	0.336
851	722	0.343
853	720	0
853	721	0
853	722	0
854	720	0.161
854	722	0.314
856	846	0
857	370	0
857	515	0
857	530	0
857	720	0
857	721	0
857	754	0
857	860	0
857	890	0
857	953	0
857	997	0
857	1015	0
857	1069	0
858	1019	0.328
860	992	0
862	457	1
863	424	0
863	737	0
863	883	0
863	917	0
863	948	0
864	865	0
864	948	0
866	864	0
867	515	0.411
869	22	1
869	36	1
869	116	1
871	533	0.458
871	1408	0.448
871	1436	0.449
871	1540	0.493
872	934	0.473
873	1030	0
874	993	0.436
876	22	0.7
876	307	0.912
876	796	0
876	1130	0.806
877	993	0.133
878	368	0
880	1014	0.815
881	468	1
881	515	1
881	1272	1
882	378	0.524
882	379	0.568
882	429	0.562
882	482	0.48
882	573	0.251
882	812	0.477
882	921	0.342
882	1078	0.163
885	992	0
886	992	0
887	992	0
888	851	0.486
888	852	0.484
888	857	0
889	560	0.709
890	992	0
891	992	0
892	992	0
893	992	0
894	992	0
895	703	0
896	36	0.674
898	427	0.637
899	256	0.612
900	71	0
901	270	0.169
901	289	0.169
901	857	0
902	851	0.392
902	852	0.392
902	857	0
903	821	0
903	851	0
903	857	0
910	220	0.884
910	379	0.915
910	429	0.807
910	998	0.69
910	1250	0.915
911	482	0.803
912	482	0.803
913	379	0.915
914	379	1
914	429	0.738
914	911	0.84
914	1250	1
915	379	0.817
915	429	0.645
915	911	0.696
915	912	0.696
917	851	0.339
917	852	0.335
917	857	0
919	378	0.139
919	405	0.143
919	406	0.143
919	407	0.136
919	482	0.139
919	1236	0.139
919	1268	0.138
920	379	0.708
920	429	0.541
920	1002	0.411
921	379	0.708
922	208	0.69
923	851	0.46
923	852	0.463
923	857	0
925	220	0.581
925	403	0.461
928	1069	0.563
932	769	0.653
933	737	0.475
934	87	0.355
934	89	0.486
934	91	0.505
935	181	0
935	256	1
938	8	0.509
938	493	0.579
938	1264	0.642
940	54	0.474
940	731	0.341
940	732	0.534
943	1014	0.815
948	71	0
948	533	0.42
948	1034	0.529
949	977	0
950	851	0.521
950	852	0.512
950	857	0
952	217	0
953	71	0
954	55	0.648
954	370	0.755
954	447	0.542
954	560	0.638
954	761	0.616
954	792	1
954	843	0.682
954	956	0.675
954	1027	1
957	530	0
957	993	0
957	1042	0
958	959	0.379
959	270	0.341
959	851	0.355
959	852	0.318
959	857	0
960	270	0.635
960	857	0
961	1133	0.512
962	783	0
963	783	0
964	783	0
965	81	0
966	81	1
967	81	1
968	81	0.815
969	81	0.119
970	81	1
971	783	0
972	973	0.672
973	533	0.569
973	604	0.472
973	744	0.535
974	936	0
975	22	0.744
975	488	0.779
975	490	0.804
975	522	0
975	523	0.806
975	1028	0.749
975	1130	0.757
975	1282	0.824
976	1011	1
976	1013	0.456
977	783	0
979	917	0.375
980	133	0.456
980	154	0.639
981	22	0
981	87	0
981	90	0
981	91	0
981	164	0
981	284	0
981	706	0
981	749	0
981	754	0
981	818	0
981	860	0
981	991	0
981	1008	0
981	1030	0
982	22	0
982	523	0
982	698	0
982	749	0
982	876	0
982	975	0
982	1042	0
983	981	0
984	54	0.502
984	55	0.604
984	94	0.459
984	144	0.431
984	165	0.126
984	368	0.406
984	447	0.475
984	448	0.513
984	457	0.446
984	482	0.775
984	530	0.484
984	533	0.539
984	560	0.81
984	560	0.81
984	569	0.538
984	632	0.744
984	648	0.616
984	726	0.53
984	737	0.468
984	751	0.493
984	761	0.769
984	771	0.633
984	802	0.471
984	837	0.555
984	847	0.337
984	865	0.495
984	874	0.533
984	883	0.06
984	886	0.603
984	894	0.474
984	900	0.516
984	907	0.574
984	917	0.322
984	927	0.81
984	948	0.462
984	965	0
984	966	0.552
984	970	0.609
984	971	0.137
984	991	1
984	997	0.495
984	1008	0.514
984	1011	1
984	1025	0.516
984	1046	0.619
984	1051	0.535
984	1060	0.328
984	1062	0.609
984	1277	0
984	1278	0.631
985	954	0.684
985	1432	0.565
986	144	0.14
986	457	0.314
986	728	0
986	917	0.14
986	971	0.14
987	984	0.584
988	202	0
989	718	0
991	71	0
993	58	0.534
993	144	0.408
993	769	0.521
993	792	1
993	948	0.384
994	22	0.467
994	55	0.578
994	58	0.574
994	79	0.575
994	144	0.393
994	307	0.492
994	470	0.696
994	770	0
994	792	1
994	900	0.532
994	945	0.558
994	948	0.445
995	53	0.692
995	55	0.491
996	648	0.58
997	71	0
999	1033	0.586
1000	724	0
1000	981	0
1002	905	0.691
1003	365	0.52
1005	260	0.507
1005	389	0.704
1005	632	0.538
1007	1006	0.486
1008	1006	0.522
1009	260	0.571
1011	560	1
1011	564	1
1011	761	1
1012	569	0.481
1012	1011	1
1013	564	0.577
1013	1014	0.815
1014	515	0.815
1014	560	0.815
1014	564	0.815
1014	761	0.815
1014	1255	0.815
1015	22	0.496
1015	572	0.602
1015	1014	0.815
1016	1014	0.481
1017	1011	0.481
1017	1014	0.39
1019	302	0.407
1019	602	0.453
1020	270	0.715
1020	289	0.433
1020	851	0.443
1021	270	0.616
1022	560	0.481
1025	928	0.527
1025	954	0.644
1025	1006	0.527
1025	1008	0.502
1025	1045	1
1025	1065	0.545
1027	1014	0.815
1028	55	0.517
1028	144	0.355
1028	586	0.506
1028	823	0.693
1028	1031	0
1029	71	0
1030	71	0
1031	594	0
1032	1053	0
1033	94	0.448
1035	883	0.065
1038	758	0.66
1038	1037	0
1040	838	0
1040	839	0
1040	840	0
1040	841	0
1041	483	0.714
1042	377	1
1042	630	1
1042	734	1
1042	1019	0.407
1043	698	0.643
1044	59	0.636
1045	953	1
1046	722	0.656
1046	1045	1
1047	856	0
1047	860	0
1048	1030	0.487
1049	1011	1
1051	993	0.449
1053	936	0
1053	1054	1
1054	1037	0
1055	1057	0
1055	1058	0
1057	851	0.392
1057	852	0.392
1057	857	0
1058	851	0.473
1058	852	0.474
1058	857	0
1058	1042	1
1060	220	0.327
1060	1443	0.303
1060	1444	0.602
1061	1065	0.602
1062	724	0
1062	854	0.401
1065	900	0.54
1065	1029	0.048
1065	1069	0.614
1067	1014	0.111
1068	1069	0.602
1069	890	0.409
1069	953	0.526
1072	641	0
1074	633	0.781
1074	898	0.817
1077	44	0.387
1077	778	0.141
1078	22	0.147
1080	260	0.565
1080	370	0.478
1080	602	0.491
1080	881	0.69
1082	960	0.152
1083	818	0.669
1085	724	0
1086	56	0.698
1086	56	0.698
1086	57	0.675
1086	801	0
1088	374	0.758
1089	47	0.331
1090	256	1
1090	899	0.602
1113	208	0.471
1115	216	0.582
1115	1287	0.679
1125	756	0.176
1126	28	0.463
1126	801	0
1128	1483	1
1130	55	0.473
1130	55	0.473
1130	57	0.53
1130	91	0.458
1130	307	0.805
1130	688	0.532
1130	713	0.505
1130	843	0.504
1130	966	0.403
1132	28	0.578
1133	268	0.529
1133	289	0.401
1133	634	0.778
1133	843	0.67
1133	1140	1
1133	1488	0.569
1133	1614	0.61
1135	417	0.87
1135	1618	0.65
1137	22	0.446
1137	116	0.537
1137	493	0.477
1139	713	0.501
1140	471	1
1140	1133	1
1141	57	0.696
1143	28	1
1145	57	0.812
1147	801	0
1148	55	0.627
1148	56	0.974
1148	57	0.812
1148	60	0.767
1148	61	1
1148	757	0.77
1149	641	0.807
1150	90	0.34
1151	57	0
1152	58	1
1152	59	1
1152	1148	1
1152	1248	1
1153	58	0.754
1153	59	0.893
1154	58	0.761
1154	59	0.904
1155	801	0
1156	71	0
1156	417	0.191
1156	754	0.206
1156	1313	0.218
1157	57	0.499
1158	154	0.652
1159	468	0.214
1159	697	0.276
1160	1161	0.715
1162	1153	0.711
1163	710	0.364
1165	91	0.491
1166	154	0.432
1166	181	0
1167	60	0
1168	511	0.086
1169	55	0
1169	447	0
1171	1116	0.555
1171	1133	0.521
1171	1344	0.607
1171	1396	0.595
1171	1468	0.606
1171	1496	0.544
1171	1497	1
1171	1498	0.549
1172	71	0
1173	57	0.801
1173	59	0.864
1173	87	0.493
1174	1161	1
1175	1129	0.552
1176	515	0.479
1176	533	0.584
1176	697	0.705
1176	1308	1
1177	216	0.625
1177	710	0.526
1178	243	0.789
1180	28	0.823
1180	91	0.614
1182	57	0.571
1183	57	0.704
1184	1152	0
1185	379	0.871
1185	429	0.787
1189	216	0.827
1190	468	0.624
1191	90	0.516
1191	232	0.683
1192	1193	0.551
1192	1212	0.646
1193	533	0.481
1193	602	0.704
1193	1196	0.526
1193	1313	0.472
1194	90	0.431
1195	256	0.844
1195	710	0.509
1196	302	0.731
1196	604	0.514
1197	1271	0.477
1199	9	0.32
1200	504	0
1201	9	0.306
1201	9	0.306
1201	197	0.386
1201	515	0.315
1201	572	0.493
1201	754	0.413
1201	1207	0.364
1201	1283	0.603
1203	578	0.129
1205	471	0.206
1207	197	0.332
1208	560	0.403
1209	58	1
1209	59	1
1209	1148	1
1211	1129	0
1212	1192	0.646
1212	1193	0.601
1213	641	0
1214	603	0.564
1215	154	0.647
1216	181	0
1217	1218	0.67
1218	376	0.565
1218	694	0.558
1219	1231	0.587
1220	1221	1
1220	1222	0.262
1221	377	1
1221	694	1
1221	1224	1
1222	1224	0.732
1223	1235	0.47
1224	376	0.517
1224	1221	1
1224	1223	0.82
1225	376	0.588
1226	713	1
1227	652	1
1228	365	0.596
1229	683	0.633
1230	369	0.759
1230	1229	0.672
1233	533	0.456
1235	376	0.933
1236	47	0.335
1236	133	0.401
1236	447	0.397
1236	484	0.56
1236	602	0.65
1236	1299	0.383
1238	57	0.527
1240	154	1
1241	87	0.459
1241	89	0.535
1241	91	0.584
1242	1187	0.55
1243	53	0.63
1243	256	0.656
1243	710	0.494
1244	379	0.805
1244	429	0.75
1245	378	0.116
1245	407	0.116
1245	1236	0.117
1246	59	0.731
1247	332	0.534
1248	56	0.828
1248	57	0.883
1248	757	0.641
1248	801	0
1248	1155	0.83
1249	133	0.779
1250	221	0.669
1252	219	0.113
1252	220	0.116
1252	378	0.114
1252	407	0.114
1252	1236	0.115
1253	219	0.107
1253	220	0.107
1254	219	0.511
1254	220	0.46
1255	379	0.828
1255	429	0.739
1256	417	0.657
1256	418	0.506
1257	144	0.371
1257	201	0.45
1257	1142	0.393
1260	60	0.34
1261	56	1
1261	57	1
1261	58	1
1261	59	1
1261	1248	1
1262	743	0.827
1263	28	0.612
1264	724	0
1265	713	0.527
1265	743	0.527
1265	1206	0.589
1266	1271	1
1266	1279	1
1267	1209	1
1269	1266	0.866
1270	216	0.452
1270	1312	0.496
1271	1266	1
1272	1266	0.844
1273	219	0.509
1273	220	0.456
1276	181	0
1277	81	0
1278	1292	0.189
1280	612	0.526
1280	634	0.503
1281	55	0.128
1282	488	0.942
1282	1552	0.574
1283	164	0.706
1283	981	0
1283	981	0
1284	164	0.588
1287	216	0.714
1288	57	0.692
1289	543	0
1290	376	0.538
1290	634	0.493
1290	694	0.529
1291	57	1
1291	58	1
1291	59	1
1291	1148	1
1291	1248	1
1292	1202	0
1293	1240	1
1294	572	0.398
1295	216	0.472
1296	268	0.491
1296	270	0.487
1296	1199	0.523
1297	216	0.454
1300	302	0.64
1300	533	0.484
1300	602	0.66
1300	1197	0.477
1300	1271	1
1301	181	0
1301	256	0.796
1302	1138	0.477
1304	1115	0.67
1304	1312	0.621
1304	1441	0.669
1306	216	0.487
1309	154	0.719
1309	216	0.547
1310	365	0.525
1310	376	0.639
1310	377	0.575
1312	216	0.439
1312	1270	0.496
1313	476	0.422
1313	634	0.449
1315	1231	0.565
1317	697	0.552
1317	815	1
1318	216	0
1323	201	0.464
1323	488	0.413
1324	417	0.813
1324	418	0.791
1325	1154	1
1328	683	0.293
1330	713	0
1331	379	0.656
1331	429	0.688
1334	1396	0.59
1335	1116	0.521
1337	829	0.685
1337	1469	0.616
1352	1133	0.537
1356	1604	0.575
1360	1545	0.722
1360	1625	0.705
1366	611	0.54
1366	612	0.506
1366	1412	0.568
1370	1442	0
1376	1432	0.548
1377	811	0.731
1377	1412	0.752
1380	604	0.496
1380	710	0.505
1380	1441	0.619
1380	1567	0.622
1382	612	0.532
1386	1412	0.639
1387	811	0
1389	1391	0.435
1391	1133	0.555
1392	1460	0.751
1392	1461	0.661
1393	710	0.562
1414	811	0.632
1414	1405	0.448
1414	1432	0.459
1423	1116	0.443
1424	633	0.383
1424	811	0.561
1424	1400	0.603
1424	1412	0.549
1432	602	0.719
1432	603	0.48
1432	634	0.491
1432	636	0.531
1432	698	0.559
1432	867	0.603
1432	990	1
1432	1015	0.563
1432	1372	0.585
1432	1411	0.602
1432	1412	0.634
1432	1472	0.593
1432	1486	0.478
1432	1550	0.571
1432	1591	0.613
1432	1604	0.559
1443	604	0.418
1443	636	0.511
1443	867	0.565
1443	1060	0.303
1443	1455	1
1443	1525	1
1443	1540	0.435
1443	1603	0.437
1443	1610	0.372
1444	586	1
1444	610	1
1444	611	1
1444	636	1
1444	867	1
1444	1060	0.602
1444	1133	1
1444	1375	1
1444	1525	1
1444	1540	1
1444	1554	0.491
1444	1564	1
1444	1603	1
1444	1610	1
1444	1611	0.273
1454	1562	0.544
1469	634	0.553
1469	638	1
1469	697	0.538
1469	1586	0.567
1469	1587	0.553
1469	1591	0.631
1475	1116	0.352
1475	1496	0.429
1484	1396	0
1484	1467	0
1484	1496	0
1486	612	0.508
1487	1465	0
1501	1116	1
1507	1133	1
1515	897	0.462
1515	1604	0.562
1523	611	0.111
1523	811	0.163
1523	867	0.138
1523	1116	0.13
1523	1363	0.126
1523	1396	0.14
1523	1467	0.16
1523	1510	0.135
1523	1525	0.158
1525	769	1
1525	1352	1
1530	1392	0.558
1530	1464	1
1530	1465	0.549
1531	1392	0.121
1531	1400	0.12
1531	1552	0.11
1536	815	0.815
1536	1469	0.568
1538	1522	0.625
1540	871	0.493
1540	1443	0.435
1540	1444	1
1545	616	0.694
1546	616	1
1546	1540	1
1547	1524	0.61
1547	1545	0.602
1547	1625	0.596
1554	751	0.29
1554	769	0.311
1554	906	0.328
1554	1352	0.287
1554	1406	0.308
1554	1412	0.422
1554	1496	0.277
1561	661	0.49
1562	897	0.704
1562	1491	0.59
1562	1604	0.695
1571	615	0.715
1571	657	0.641
1579	908	1
1579	1618	0.632
1581	1401	0.719
1589	1443	1
1591	1250	0.673
1614	1133	0.61
1614	1618	0.767
1615	622	0.679
1616	610	0.576
1617	610	0.576
1618	1443	0.596
1618	1444	1
1619	1443	0.51
1619	1444	1
1625	1523	0.125
1634	1561	0.62
