1	55	0.162
1	55	0.162
1	57	0.154
1	58	0.132
1	249	0.088
1	843	0.124
4	430	0.116
4	681	0.101
4	683	0.135
5	529	0.174
6	162	0
6	308	0
6	648	0
8	121	0.13
8	146	0.152
8	378	0.184
8	471	0.206
8	489	0.175
8	558	0.258
8	559	0.132
8	698	0.271
8	815	0.158
8	956	0.164
9	49	0.094
9	81	0.181
9	271	0.445
11	367	0.123
13	28	0.2
14	724	0
16	196	0.11
17	242	0.11
18	71	0
18	376	0.019
19	445	0.025
21	579	0.093
22	17	0.18
22	55	0.151
22	55	0.151
22	91	0.137
22	91	0.137
22	144	0.173
22	249	0.152
22	279	0
22	301	0.164
22	307	0.12
22	308	0.2
22	308	0.2
22	312	0.116
22	335	0.157
22	350	0.159
22	351	0.174
22	352	0.152
22	413	0.201
22	421	0.271
22	434	0
22	440	0.157
22	458	0.168
22	493	0.145
22	560	0.158
22	560	0.158
22	572	0.158
22	623	0.132
22	636	0.196
22	653	0.196
22	688	0.165
22	724	0
22	843	0.176
22	915	0.105
22	920	0.105
22	921	0.105
22	956	0.172
22	1255	0.171
24	47	0.063
25	26	0.141
26	10	0.132
26	476	0.244
27	977	0
28	91	0.458
28	158	0.177
28	402	0.098
29	53	0.265
29	154	0.368
31	695	0.158
35	524	0.191
35	531	0.159
36	579	0.129
36	588	0.162
36	789	0
36	983	0.271
37	579	0.083
38	578	0.168
38	579	0.083
39	579	0.087
40	36	0.135
40	579	0.113
41	579	0.08
42	579	0
43	20	0.107
44	724	0
46	378	0.129
46	379	0.271
46	419	0.119
46	420	0.148
46	429	0.14
47	133	0.251
47	344	0
47	358	0
47	360	0
47	797	0
47	1079	0
48	8	0.153
48	66	0.183
48	67	0.158
48	126	0.283
48	127	0.43
48	237	0.188
48	445	0.343
48	448	0.148
48	484	0.247
48	484	0.247
49	81	0.121
49	81	0.121
49	91	0.104
50	48	0.331
50	66	0.192
50	126	0.243
50	127	0.42
50	237	0.197
50	484	0.293
50	537	0.198
50	556	0.303
52	71	0
53	154	0.244
53	307	0.221
53	421	0.271
53	915	0.105
54	853	0
54	857	0
55	56	0.35
55	57	0.227
55	58	0.245
55	58	0.245
55	59	0.229
55	59	0.229
55	91	0.214
55	1148	0.318
56	55	0.35
56	59	0.286
56	131	0.277
56	801	0.283
57	55	0.227
57	56	0.325
57	58	0.299
57	58	0.299
57	131	0.232
57	801	0.21
58	28	0.121
58	55	0.245
58	56	0.346
58	57	0.299
58	59	0.241
58	60	0.223
58	61	0
58	617	0.099
58	757	0.244
58	801	0.216
58	1234	0.146
58	1261	0.243
59	55	0.229
59	56	0.286
59	57	0.329
59	58	0.241
59	60	0.207
59	61	0
59	61	0
59	158	0.243
59	484	0.239
59	757	0.424
59	801	0.196
59	1146	0.093
59	1155	0.242
59	1261	0.23
60	56	0.294
60	57	0.235
60	801	0.273
60	1086	0.232
61	58	0
61	59	0
62	131	0.176
62	713	0.129
62	1327	0
63	302	0.137
63	697	0.195
63	1284	0.163
65	47	0.066
68	242	0.204
68	533	0.135
68	1284	0.156
69	154	0.081
69	154	0.081
70	569	0.239
70	1011	0.101
70	1014	0.053
71	76	0
71	78	0
71	80	0
71	105	0
71	134	0
71	135	0
71	180	0
71	278	0
71	447	0
71	448	0
71	458	0
71	522	0
71	523	0
71	528	0
71	541	0
71	552	0
71	722	0
71	734	0
71	766	0
71	767	0
71	768	0
71	774	0
71	814	0
71	818	0
71	872	0
71	939	0
71	1008	0
71	1016	0
71	1048	0
71	1061	0
71	1062	0
71	1065	0
71	1087	0
71	1169	0
72	323	0.18
72	765	0
73	342	0.149
74	72	0
74	447	0
74	457	0
75	57	0.133
75	60	0.164
75	72	0.066
75	91	0.118
75	233	0.174
75	554	0.16
75	572	0.23
75	579	0.253
75	646	0.226
75	648	0.117
75	703	0.176
75	737	0.113
75	907	0.071
75	948	0.098
75	1050	0.166
76	72	0.08
76	233	0.199
76	554	0.228
76	646	0.247
77	75	0.12
77	703	0.079
78	72	0.063
78	74	0
78	79	0
78	447	0.088
78	552	0.124
79	144	0
79	323	0
79	415	0
79	428	0
79	572	0
79	1062	0
80	144	0.181
80	648	0.173
81	212	0.172
81	521	0.175
81	521	0.175
81	583	0.162
81	773	0.067
81	984	0.131
81	1170	0.189
82	443	0.089
82	443	0.089
83	94	0.204
83	154	0.085
83	479	0.18
85	28	0.24
85	87	0.177
85	239	0.12
85	340	0
85	484	0.15
86	60	0.137
86	393	0.161
87	28	0.158
87	28	0.158
87	55	0.167
87	57	0.134
87	58	0.147
87	59	0.147
87	60	0.152
87	73	0.149
87	88	0.225
87	89	0.202
87	90	0.177
87	172	0.186
87	233	0.142
87	251	0.189
87	251	0.189
87	272	0.157
87	284	0.093
87	284	0.093
87	342	0.209
87	342	0.209
87	421	0.271
87	494	0.189
87	497	0.177
87	574	0.195
87	587	0.136
87	713	0.166
87	757	0.132
87	765	0
87	828	0.142
87	909	0
87	983	0.271
87	988	0.192
87	994	0.109
87	1127	0.201
87	1248	0.148
87	1259	0.159
88	87	0.225
88	342	0.242
88	393	0.224
88	393	0.224
88	394	0.191
88	395	0
88	493	0.108
89	73	0.139
89	73	0.139
89	91	0.17
89	233	0.151
89	342	0.218
89	497	0.16
89	909	0
89	988	0.027
90	46	0.186
90	46	0.186
90	60	0.222
90	85	0.363
90	87	0.177
90	340	0
90	425	0.166
90	585	0.397
90	988	0.192
90	1179	0.128
91	87	0.157
91	87	0.157
91	88	0.216
91	88	0.216
91	89	0.17
92	589	0.11
93	197	0.19
93	714	0.267
93	1161	0.188
93	1193	0.124
93	1196	0.174
94	133	0.306
94	154	0.105
94	211	0.162
94	216	0.217
94	305	0.21
94	389	0.106
94	483	0.077
94	961	0.269
94	1074	0.157
94	1312	0.138
96	118	0.137
96	119	0.17
96	120	0.185
96	122	0.11
96	187	0.206
97	118	0.25
98	187	0.192
98	574	0.206
98	574	0.206
99	574	0.25
100	574	0.22
101	574	0.214
105	144	0
105	368	0
106	664	0.101
106	666	0.175
107	482	0.136
108	714	0.311
111	389	0.177
112	118	0.162
112	118	0.162
113	119	0.206
113	122	0.15
114	118	0.162
115	101	0.139
115	187	0.14
116	279	0
116	421	0.271
116	434	0
116	493	0.253
116	706	0.124
116	915	0.105
116	920	0.105
116	921	0.105
116	1077	0.148
116	1128	0.136
116	1255	0.134
118	55	0.173
118	97	0.25
118	536	0.328
119	187	0.187
119	478	0.218
119	574	0.229
121	28	0.098
121	165	0.271
121	417	0.105
121	493	0.228
121	648	0.281
121	929	0
121	945	0.24
122	58	0.129
122	574	0.149
123	119	0.25
124	133	0.162
126	112	0.19
126	112	0.19
126	262	0.208
126	484	0.271
127	66	0.192
127	262	0
127	484	0.297
128	572	0.271
129	65	0.34
131	62	0.176
131	340	0
131	713	0.132
131	787	0.132
131	1241	0.097
132	87	0.2
132	89	0.148
133	144	0.406
133	757	0.165
133	1209	0.101
134	447	0.228
134	477	0.174
134	484	0.267
135	165	0.271
136	148	0
136	511	0
137	60	0.151
137	61	0
137	181	0
137	407	0.237
137	407	0.237
137	633	0.131
137	710	0.154
139	64	0.366
141	471	0.235
141	627	0.202
142	28	0.198
144	94	0.289
144	751	0
144	797	0
144	881	0.047
144	1075	0.31
144	1076	0.261
145	144	0.162
145	180	0
146	8	0.152
146	70	0.156
146	173	0.166
146	403	0
146	869	0.271
147	70	0.292
147	173	0.161
148	57	0.108
148	59	0.108
149	223	0.02
149	490	0.052
150	233	0.11
150	389	0.203
150	400	0.18
150	554	0.095
150	632	0.185
152	652	0.108
152	1297	0.081
153	66	0.193
154	94	0.105
154	319	0.122
154	652	0.072
154	695	0.133
154	897	0.128
154	897	0.128
154	1074	0.09
158	28	0.177
158	84	0.182
158	131	0.308
158	511	0.105
160	81	0.095
161	542	0
164	168	0.076
164	522	0
164	523	0.155
164	1016	0.071
165	121	0.271
165	481	0.271
165	540	0.271
165	993	0.271
166	46	0.17
166	379	0.271
167	101	0.186
167	154	0.12
167	187	0.196
167	413	0.223
167	478	0.344
167	621	0.139
168	522	0
169	424	0
170	513	0
171	710	0.169
171	1243	0.099
172	484	0.244
173	22	0.15
174	160	0
174	161	0
174	802	0
174	803	0
174	804	0
175	101	0.31
177	90	0.178
180	144	0
180	144	0
180	253	0
180	817	0
180	893	0
180	894	0
180	1209	0
181	307	0
181	308	0
182	527	0
183	572	0.185
183	757	0.212
185	471	0.4
187	60	0.097
187	175	0.31
187	471	0.207
187	574	0.382
187	574	0.382
187	611	0.245
187	757	0.165
187	1209	0.101
187	1261	0.135
187	1291	0.115
189	640	0.192
190	208	0.1
190	209	0.122
193	421	0.129
195	445	0.027
196	197	0.192
197	85	0.156
197	93	0.19
197	217	0.266
197	302	0.211
197	417	0.223
197	421	0.129
197	447	0.105
197	482	0.106
197	533	0.127
197	552	0.173
197	572	0.206
197	578	0.115
197	602	0.24
197	632	0.223
197	634	0.103
197	636	0.127
197	697	0.115
197	706	0.097
197	933	0.144
197	938	0.114
197	1015	0.136
197	1190	0.248
197	1313	0.164
199	55	0.104
199	1153	0.117
199	1154	0.106
201	206	0.136
201	208	0.129
201	208	0.129
203	202	0.277
203	202	0.277
203	351	0.172
205	206	0.157
206	590	0.15
207	206	0.357
207	590	0.144
210	202	0.131
211	133	0.162
211	253	0.162
211	1052	0
212	282	0
212	569	0.12
212	1011	0.068
214	602	0.266
217	302	0.202
217	515	0.16
217	533	0.132
217	602	0.172
217	632	0.186
217	1015	0.145
217	1071	0.169
217	1204	0.09
219	211	0.162
219	432	0.159
219	435	0.271
219	439	0.124
219	490	0.174
219	1113	0.133
219	1171	0.172
219	1257	0.1
220	91	0.108
220	94	0.159
220	133	0.152
220	144	0.146
220	197	0.242
220	198	0.124
220	211	0.162
220	219	0.349
220	253	0.117
220	378	0.149
220	408	0.189
220	409	0.2
220	432	0.165
220	435	0.271
220	439	0.124
220	490	0.169
220	507	0.142
220	518	0.093
220	528	0.06
220	591	0.148
220	635	0.157
220	648	0.189
220	652	0.124
220	894	0.044
220	909	0
220	922	0.086
220	945	0.134
220	946	0.042
220	989	0.283
220	1028	0.147
220	1033	0.097
220	1062	0.244
220	1113	0.133
220	1171	0.168
220	1257	0.099
221	414	0.204
221	490	0.224
221	1249	0.136
222	215	0
222	410	0
224	223	0.166
226	231	0.189
227	228	0.208
228	248	0.274
228	495	0.197
230	225	0.358
232	85	0.547
232	90	0.422
232	441	0.217
232	448	0.181
232	617	0.074
232	1179	0.07
233	220	0.216
233	260	0.107
233	302	0.125
233	361	0.017
233	470	0.221
233	515	0.141
233	533	0.109
233	554	0.281
233	602	0.094
233	632	0.118
233	734	0.281
233	1140	0
233	1203	0.271
233	1204	0.274
233	1300	0.114
234	618	0.027
238	237	0.208
241	90	0.099
241	239	0.019
242	166	0.146
242	197	0.206
242	232	0.351
242	243	0.187
242	355	0.124
242	448	0.145
242	585	0.296
242	603	0.159
243	242	0.187
243	242	0.187
247	315	0
248	374	0.22
249	243	0.082
249	757	0.093
252	9	0
253	133	0.246
255	307	0
255	308	0
256	181	0
256	264	0.047
256	529	0.172
256	529	0.172
256	756	0.114
257	258	0.027
260	154	0.101
260	163	0
260	533	0.132
260	602	0.202
260	635	0.171
260	737	0.11
260	900	0.149
260	948	0.124
260	1083	0.125
264	181	0
264	219	0.146
264	270	0.216
264	312	0.076
264	516	0.162
266	146	0.271
266	403	0
266	468	0.271
266	515	0.271
266	515	0.271
266	914	0.271
267	118	0.098
267	915	0.105
268	9	0.204
268	275	0.281
268	515	0.135
268	516	0.178
268	572	0.16
268	632	0.209
268	761	0.113
268	1012	0.086
268	1201	0.171
269	311	0.107
269	572	0.101
270	311	0.166
270	417	0.148
270	530	0.156
270	1283	0.211
274	330	0.08
274	633	0.135
275	268	0.281
275	283	0.201
275	312	0.272
275	515	0.138
276	311	0.328
278	277	0
279	421	0
280	202	0.376
282	202	0
282	311	0
282	364	0
282	468	0
282	494	0
282	560	0
282	565	0
282	572	0
282	579	0
283	22	0.169
283	35	0.216
283	36	0.129
283	572	0.235
283	578	0.113
284	91	0.116
284	724	0
285	695	0.123
286	521	0.162
287	288	0.109
288	346	0.201
288	515	0.135
289	9	0.238
289	97	0.131
289	270	0.348
289	419	0.118
289	443	0.101
289	530	0.156
289	1201	0.195
296	21	0.078
296	40	0.124
296	579	0.252
296	582	0.266
296	632	0.119
296	1015	0.156
296	1250	0
296	1285	0.037
296	1317	0.035
297	40	0.109
297	46	0.068
297	116	0.198
297	552	0.203
297	582	0.224
297	1010	0.26
298	164	0.085
298	530	0.079
299	27	0
300	306	0.19
301	430	0.133
301	515	0.094
302	93	0.172
302	219	0.218
302	266	0.271
302	533	0.211
302	572	0.188
302	602	0.178
302	625	0.145
302	630	0.145
302	698	0.271
302	706	0.124
302	818	0.283
302	1005	0.179
302	1033	0.111
302	1197	0.126
305	652	0.19
305	897	0.158
306	310	0
307	53	0.221
307	133	0.101
307	144	0.11
307	154	0.115
307	427	0.136
307	447	0.182
307	549	0.085
307	648	0.153
307	742	0.207
307	877	0.02
307	1188	0.245
308	22	0.2
308	53	0.263
308	98	0.168
308	154	0.174
308	202	0.176
308	307	0.291
308	616	0.114
308	648	0.2
309	310	0
310	306	0
311	170	0
311	282	0
311	417	0.161
311	421	0.129
311	481	0.164
311	488	0.215
311	493	0.14
311	532	0
311	534	0.173
311	539	0.108
311	560	0.247
311	565	0.198
311	572	0.163
311	572	0.163
311	579	0.079
311	587	0.123
311	706	0.184
311	707	0.132
311	708	0.089
312	219	0.12
312	219	0.12
312	220	0.115
312	264	0.076
312	275	0.272
312	373	0.156
312	421	0.027
312	533	0.196
312	572	0.112
312	593	0.175
312	602	0.188
313	60	0.139
313	91	0.131
313	91	0.131
313	1006	0.126
315	57	0
315	329	0
318	71	0
318	71	0
318	91	0.232
318	552	0.109
319	305	0.2
319	897	0.268
320	620	0.128
322	479	0.179
325	60	0.132
325	483	0.11
325	1153	0.16
325	1154	0.142
325	1261	0.162
331	202	0
332	87	0.115
332	166	0.142
332	801	0.139
333	413	0.164
333	695	0.203
334	28	0.251
334	1129	0.237
335	20	0.115
335	28	0.182
335	62	0.136
335	551	0.123
336	520	0.111
338	50	0.235
339	22	0
339	337	0
339	484	0
340	91	0
341	135	0.11
342	73	0.149
342	73	0.149
342	762	0.288
343	90	0.365
343	232	0.574
343	232	0.574
344	345	0
344	377	0
345	334	0.022
345	376	0.023
345	377	0.125
345	660	0.084
345	662	0.02
346	347	0.133
347	22	0.107
347	74	0
347	79	0
347	219	0.109
347	220	0.104
347	370	0.204
347	447	0.084
347	515	0.161
347	523	0.103
347	602	0.169
347	698	0.052
347	756	0.144
347	867	0.105
348	358	0
348	358	0
348	360	0
348	360	0
348	448	0.282
348	448	0.282
348	522	0
348	575	0.17
349	339	0
349	448	0.271
350	348	0.19
350	448	0.156
351	348	0.189
351	448	0.17
352	348	0.164
352	448	0.173
354	377	0.266
355	362	0.208
356	357	0.014
356	419	0.099
357	193	0.023
357	683	0.116
360	1224	0
361	1225	0.419
364	565	0.184
365	370	0.333
365	420	0.062
365	602	0.185
365	638	0.062
365	744	0.13
365	867	0.13
365	881	0.133
366	365	0
367	22	0.204
367	71	0
367	368	0.143
367	522	0
368	71	0
368	1172	0.104
369	643	0.207
369	644	0.23
369	664	0.185
369	666	0.249
369	683	0.291
370	219	0.194
370	302	0.186
370	515	0.23
370	938	0.162
372	1219	0.258
372	1315	0.303
373	62	0.108
373	87	0.109
373	253	0.042
373	515	0.13
373	577	0.084
373	713	0.034
374	219	0.194
374	233	0.07
374	249	0.036
374	377	0.188
374	552	0.303
374	602	0.168
374	602	0.168
374	876	0.125
376	377	0.123
376	602	0.107
376	634	0.135
376	635	0.138
376	636	0.14
376	1235	0.271
376	1313	0.085
376	1314	0.155
377	376	0.123
377	486	0
377	634	0.153
377	636	0.187
377	638	0.166
377	694	0.132
378	47	0.183
378	55	0.177
378	58	0.131
378	58	0.131
378	60	0.144
378	84	0.106
378	133	0.218
378	211	0.162
378	243	0.082
378	253	0.199
378	407	0.265
378	417	0.136
378	447	0.242
378	484	0.22
378	602	0.117
378	648	0.157
378	652	0.192
378	757	0.134
378	1152	0.158
378	1248	0.141
378	1299	0
379	378	0.271
379	405	0.271
379	407	0.271
379	482	0.271
379	881	0.271
379	1236	0.271
380	273	0.3
382	22	0
386	695	0.183
388	302	0.236
388	533	0.194
389	533	0.138
389	560	0.167
389	698	0.271
389	714	0.245
389	1161	0.167
389	1176	0.096
389	1213	0
390	391	0
391	26	0.082
392	28	0.16
392	142	0.081
392	792	0.075
399	259	0.22
400	68	0.208
400	468	0.162
400	533	0.133
400	572	0.188
400	602	0.155
400	697	0.145
400	1083	0.152
400	1149	0.157
400	1159	0.147
401	379	0.027
403	220	0.11
403	378	0
404	421	0.105
405	211	0.162
405	418	0.121
405	435	0.271
405	439	0.198
405	1113	0.186
405	1164	0.209
405	1247	0.238
405	1249	0.133
405	1257	0.133
406	124	0.052
406	823	0.271
407	47	0.187
407	133	0.227
407	219	0.152
407	253	0.209
407	253	0.209
407	261	0
407	282	0
407	358	0
407	360	0
407	377	0.166
407	426	0
407	447	0.255
407	484	0.223
407	490	0.238
407	552	0.096
407	602	0.129
407	1299	0
408	328	0.162
408	332	0.148
408	439	0.175
409	74	0
410	620	0.108
412	28	0.071
412	371	0.274
412	632	0.145
413	479	0.167
413	484	0.26
413	756	0.231
413	956	0.171
414	323	0.204
414	428	0.224
416	74	0
417	58	0.168
417	75	0.209
417	144	0.098
417	211	0.162
417	219	0.291
417	220	0.275
417	253	0.092
417	379	0.271
417	407	0.134
417	432	0.13
417	439	0.103
417	488	0.155
417	490	0.161
417	591	0.134
417	619	0.102
417	625	0.133
417	724	0
417	757	0.133
417	1196	0.184
417	1248	0.156
417	1257	0.098
418	144	0.097
418	219	0.297
418	220	0.291
418	332	0.203
418	417	0.278
419	378	0.221
419	405	0.232
419	406	0.271
419	482	0.19
420	378	0.265
420	405	0.29
420	406	0.271
420	448	0.201
420	482	0.217
420	1268	0.238
421	351	0.271
421	378	0.271
421	379	0.271
421	417	0.271
421	419	0.271
421	429	0.271
421	482	0.271
421	619	0.052
421	645	0.271
421	1039	0.129
421	1307	0.129
422	242	0.205
422	636	0.101
423	176	0.162
423	188	0.162
424	270	0.186
424	289	0.186
424	530	0.117
424	857	0
424	1072	0
428	414	0.224
429	378	0.189
429	407	0.194
429	1236	0.154
430	220	0.099
430	335	0.088
430	378	0.139
430	405	0.133
430	406	0.105
430	482	0.127
430	482	0.127
430	1268	0.133
431	554	0.111
432	431	0.095
432	438	0.167
432	442	0.432
432	931	0.089
432	1298	0.024
433	438	0.065
433	931	0.162
433	1298	0.126
434	379	0
434	420	0
434	429	0
435	208	0.271
438	442	0.071
439	144	0.21
439	201	0.133
439	1142	0.199
440	190	0.148
440	201	0.133
440	488	0.133
440	541	0.165
441	369	0.23
441	421	0.271
441	454	0.271
441	670	0.165
441	1229	0.304
443	97	0.162
443	118	0.162
446	478	0.13
447	243	0.078
447	414	0.262
448	94	0.194
448	219	0.161
448	234	0.105
448	243	0.078
448	340	0
448	344	0
448	348	0.282
448	350	0.156
448	352	0.173
448	358	0
448	360	0
448	361	0.064
452	463	0.177
453	572	0.169
454	350	0.271
454	351	0.271
454	421	0.271
454	938	0.271
455	652	0.192
455	897	0.151
457	152	0.08
457	579	0.102
457	949	0
458	501	0.204
458	501	0.204
459	465	0
460	348	0.16
460	417	0.169
460	572	0.172
461	1080	0.014
463	146	0.079
463	221	0.082
463	302	0.233
463	370	0.213
463	515	0.179
463	533	0.138
463	602	0.187
463	869	0.129
464	57	0.09
464	58	0.12
465	315	0
466	101	0.199
466	175	0.31
467	636	0.264
468	515	0.489
468	625	0.225
468	1266	0.41
470	70	0.118
470	146	0.122
471	187	0.207
471	413	0.25
471	515	0.153
471	574	0.273
472	122	0.144
473	120	0.159
474	578	0.155
474	580	0
475	270	0.283
475	270	0.283
475	307	0
475	307	0
476	44	0.138
476	45	0.141
476	96	0.172
476	101	0.208
476	118	0.171
476	119	0.286
476	119	0.286
476	120	0.308
476	130	0.215
476	261	0
476	500	0.286
476	525	0.13
478	119	0.218
479	427	0.108
479	464	0.199
479	484	0.199
482	47	0.166
482	71	0
482	124	0.162
482	133	0.185
482	211	0.162
482	407	0.217
482	408	0.193
482	414	0.179
482	417	0.156
482	418	0.137
482	435	0.271
482	439	0.168
482	447	0.21
482	483	0.076
482	547	0.168
482	574	0.188
482	619	0.156
482	627	0.162
482	634	0.182
482	909	0
482	922	0.064
482	989	0.283
482	1113	0.149
482	1164	0.162
482	1247	0.202
482	1249	0.129
482	1257	0.127
483	22	0.076
483	36	0.078
483	116	0.236
483	348	0.113
483	479	0.044
483	486	0
483	575	0.116
484	48	0.247
484	56	0.19
484	57	0.191
484	58	0.198
484	59	0.239
484	60	0.159
484	61	0
484	119	0.264
484	242	0.153
484	267	0.128
484	413	0.26
484	471	0.31
484	476	0.242
484	538	0.229
484	695	0.199
484	1154	0.189
484	1261	0.182
484	1291	0.172
487	572	0.184
488	55	0.232
488	145	0.162
488	308	0.144
488	590	0.133
488	594	0.134
488	823	0.155
488	1031	0
489	261	0
489	1291	0.159
490	48	0.181
490	50	0.19
490	55	0.214
490	55	0.214
490	144	0.194
490	443	0.162
490	823	0.13
491	209	0.107
492	678	0.162
493	8	0.149
493	44	0.214
493	45	0.22
493	55	0.13
493	379	0.271
493	392	0.169
493	417	0.168
493	421	0.271
493	432	0.202
493	438	0.081
493	483	0.279
493	560	0.142
493	579	0.258
493	1062	0.129
494	421	0.271
496	275	0.106
496	296	0.085
496	297	0.08
496	312	0.085
497	448	0.174
497	1129	0.197
499	518	0.022
500	120	0.236
501	81	0.147
502	783	0
504	502	0.473
506	367	0.128
506	515	0.135
506	593	0.107
506	634	0.09
506	636	0.153
507	22	0.133
508	22	0.147
508	22	0.147
508	507	0.419
508	522	0
510	103	0.091
510	157	0.086
510	219	0.154
510	222	0
510	632	0.107
511	64	0.105
511	64	0.105
511	139	0.105
511	158	0.105
511	1168	0
512	202	0.111
512	202	0.111
513	13	0.245
514	216	0.17
514	1312	0.116
515	22	0.173
515	22	0.173
515	104	0.154
515	116	0.133
515	221	0.152
515	244	0
515	294	0.133
515	417	0.153
515	448	0.167
515	482	0.146
515	518	0.177
515	552	0.117
515	572	0.173
515	697	0.244
515	876	0.146
515	981	0
515	982	0
515	1130	0.132
516	552	0.113
516	554	0.12
517	284	0.143
517	518	0.206
518	20	0.126
518	103	0.067
518	164	0.104
518	168	0.104
518	219	0.095
518	284	0.084
518	288	0.015
518	367	0.075
518	448	0.118
518	507	0.104
518	519	0.018
518	519	0.018
518	522	0
518	608	0.104
519	22	0.098
519	283	0.106
519	507	0.059
519	518	0.018
521	55	0.156
521	76	0.147
521	130	0.21
521	144	0.2
521	145	0.162
521	165	0.271
521	447	0.226
521	476	0.279
521	541	0.214
521	616	0.106
522	58	0
522	71	0
522	72	0
522	74	0
522	143	0
522	164	0
522	197	0
522	208	0
522	209	0
522	209	0
522	211	0
522	282	0
522	307	0
522	373	0
522	409	0
522	448	0
522	457	0
522	488	0
522	552	0
522	559	0
522	560	0
522	572	0
522	593	0
522	594	0
522	629	0
522	985	0
522	1285	0
522	1294	0
522	1307	0
523	8	0.214
523	58	0.189
523	208	0.144
523	307	0.124
523	370	0.161
523	409	0.121
523	424	0.126
523	457	0.189
523	530	0.198
523	551	0.131
523	560	0.193
523	721	0.097
523	722	0.082
523	726	0.147
523	737	0.128
523	754	0.14
523	796	0
523	810	0.172
523	818	0.283
523	834	0.105
523	847	0.074
523	855	0.074
523	865	0.111
523	883	0.096
523	900	0.137
523	907	0.145
523	908	0
523	917	0.102
523	929	0
523	948	0.084
523	953	0.192
523	989	0.283
523	991	0.133
523	1016	0.144
523	1017	0.074
523	1045	0.129
526	796	0
527	202	0.131
527	202	0.131
527	666	0.17
529	248	0.189
530	164	0.153
530	367	0.214
530	518	0.104
530	878	0
530	981	0
533	71	0
533	164	0.188
533	206	0.134
533	367	0.144
533	515	0.17
533	518	0.266
533	522	0
533	878	0
533	981	0
533	981	0
535	529	0.172
536	443	0.162
537	114	0.172
537	484	0.209
539	28	0.078
540	55	0.166
541	22	0.113
541	53	0.161
541	53	0.161
541	55	0.097
541	130	0.155
541	165	0.105
541	190	0.131
541	379	0.105
541	429	0.097
541	551	0.095
541	648	0.143
541	756	0.17
542	165	0.271
543	28	0.111
543	87	0.163
544	335	0.103
544	348	0.096
544	407	0.209
544	619	0.19
544	632	0.085
547	332	0.093
548	119	0.084
549	154	0.251
549	695	0.155
550	118	0.044
551	233	0.093
551	515	0.148
551	518	0.15
551	519	0.085
551	982	0
552	197	0.173
552	249	0.077
552	302	0.127
552	378	0.1
552	414	0.1
552	419	0.102
552	482	0.099
552	572	0.156
552	602	0.11
552	632	0.12
552	688	0.219
552	891	0.177
554	146	0.086
554	260	0.1
554	470	0.258
554	646	0.252
554	876	0.179
558	67	0.184
559	58	0.12
559	59	0.144
560	55	0.282
560	403	0.11
560	417	0.199
560	418	0.182
561	86	0.128
562	563	0.074
563	22	0.128
563	116	0.09
563	116	0.09
563	572	0.126
564	562	0.129
567	565	0.286
569	761	0.142
570	219	0.194
570	572	0.216
570	578	0.126
571	154	0.097
572	28	0.173
572	219	0.243
572	220	0.235
572	282	0
572	421	0.271
572	434	0
572	444	0.152
572	448	0.129
572	482	0.146
572	487	0.184
572	493	0.191
572	515	0.173
572	560	0.179
572	564	0.271
572	632	0.178
572	703	0.197
572	761	0.144
572	1135	0
572	1266	0.163
573	22	0.124
573	572	0.122
573	1014	0.082
574	96	0.214
574	97	0.232
574	101	0.214
574	175	0.31
574	187	0.382
574	449	0.324
574	538	0.233
575	362	0
576	34	0.014
576	374	0.101
576	704	0.014
578	412	0.052
578	587	0.147
578	724	0
579	233	0.205
579	282	0
579	348	0.113
579	378	0.09
579	412	0.071
579	522	0
579	554	0.254
579	588	0.09
579	724	0
579	1285	0.065
580	581	0
582	297	0.224
582	526	0.073
582	526	0.073
582	579	0.151
585	454	0.271
585	497	0.141
585	1303	0.046
586	611	0.229
587	392	0.192
587	431	0.126
587	432	0.261
587	433	0.14
587	438	0.109
587	442	0.274
587	1388	0.043
587	1434	0.048
588	392	0.138
588	433	0.164
588	438	0.162
588	796	0
588	799	0.212
588	1000	0.231
589	249	0
591	55	0.192
591	144	0.22
591	253	0.209
591	1455	0.185
595	49	0.098
596	578	0.271
597	610	0.089
597	657	0
599	264	0.19
599	270	0.123
599	312	0.044
600	228	0.278
600	229	0.218
602	219	0.133
602	302	0.178
602	515	0.241
602	572	0.156
602	625	0.223
602	1305	0.271
603	376	0.133
603	377	0.165
603	602	0.12
603	638	0.178
603	697	0.121
603	1133	0.138
603	1308	0.271
603	1314	0.169
603	1390	0.158
603	1469	0.139
604	266	0.271
604	302	0.137
604	417	0.131
604	515	0.181
604	554	0.086
604	554	0.086
604	630	0.145
604	1432	0.138
605	339	0
606	522	0
607	611	0.224
607	1116	0.212
607	1412	0.147
607	1498	0.163
607	1603	0.205
611	428	0.251
611	612	0.384
612	113	0.198
612	675	0.22
612	897	0.254
612	1133	0.241
612	1412	0.119
612	1442	0
612	1524	0.204
613	47	0.148
614	609	0.155
615	610	0.196
615	611	0.202
616	290	0.083
616	291	0.101
616	292	0.158
616	611	0.095
616	627	0.07
616	661	0.101
616	811	0.245
616	1361	0.142
616	1544	0.128
617	57	0.117
617	421	0.129
617	801	0.197
618	617	0.02
619	216	0.191
619	1189	0.162
619	1287	0.31
620	117	0.047
620	159	0.083
623	465	0
624	672	0.104
624	679	0.154
624	815	0.166
624	1033	0.119
624	1394	0
624	1465	0.071
624	1469	0.124
624	1604	0.11
625	311	0.125
625	572	0.144
625	1014	0.104
626	483	0.271
626	483	0.271
628	627	0.162
629	593	0.122
630	93	0.203
630	196	0.071
630	269	0.148
630	302	0.145
630	553	0.103
632	70	0.192
632	93	0.222
632	197	0.223
632	233	0.118
632	376	0.116
632	417	0.242
632	470	0.141
632	474	0.128
632	533	0.136
632	552	0.12
632	554	0.116
632	572	0.178
632	579	0.148
632	602	0.173
632	605	0.12
632	636	0.157
632	641	0.197
632	698	0.271
632	754	0.15
632	754	0.15
632	795	0.133
632	818	0.283
632	847	0.105
632	861	0.086
632	865	0.138
632	900	0.154
632	930	0.095
632	948	0.116
632	1033	0.094
632	1050	0.184
632	1130	0.147
632	1140	0
632	1363	0.224
632	1412	0.187
632	1432	0.154
632	1454	0.1
632	1469	0.209
632	1522	0.213
632	1564	0
632	1604	0.094
633	274	0.135
634	1232	0.19
635	1232	0.195
636	271	0.134
636	372	0.177
636	634	0.177
639	154	0.055
639	616	0.075
639	715	0.133
639	1400	0.101
639	1465	0.036
639	1469	0.067
639	1552	0.116
640	152	0.177
641	63	0.185
641	388	0.181
641	533	0.153
641	602	0.226
641	697	0.208
641	1083	0.167
641	1284	0.229
641	1308	0.271
643	419	0.175
643	454	0.271
643	455	0.182
643	482	0.163
643	645	0.241
644	645	0.241
645	378	0.223
645	379	0.271
645	417	0.198
645	419	0.217
645	420	0.23
645	429	0.182
645	454	0.271
645	455	0.223
645	616	0.111
645	643	0.241
645	1130	0.149
645	1454	0.205
650	282	0
651	471	0.162
653	551	0.083
653	551	0.083
654	28	0
654	287	0
654	374	0
655	28	0.283
655	287	0.234
655	374	0.283
656	657	0.049
657	610	0.127
657	611	0.186
657	645	0.217
657	658	0.349
657	1366	0.168
657	1409	0.314
657	1420	0.192
657	1526	0.148
658	643	0.125
658	657	0.349
658	659	0.253
658	1391	0.156
658	1406	0.128
658	1409	0.326
659	656	0.233
660	350	0.238
660	377	0.183
661	1133	0.31
670	672	0.26
670	673	0.504
672	379	0.129
672	679	0.2
673	681	0.17
674	551	0.111
679	232	0.43
679	585	0.391
679	681	0.278
681	46	0.185
681	46	0.185
681	125	0.179
681	348	0.181
681	396	0
681	417	0.135
681	425	0.128
681	425	0.128
681	448	0.145
681	484	0.129
681	645	0.175
681	787	0.122
681	1561	0.067
683	193	0.122
683	351	0.28
683	419	0.151
683	421	0.271
683	643	0.176
683	644	0.193
683	645	0.21
685	572	0.271
687	322	0.082
688	1323	0.061
689	688	0.247
689	1011	0.137
691	270	0.105
692	471	0.162
693	502	0.229
693	650	0.085
694	634	0.142
694	635	0.149
694	637	0.162
695	57	0.184
695	167	0.201
695	186	0.164
695	398	0.182
695	478	0.167
697	22	0.148
697	572	0.144
697	578	0.231
697	579	0.114
698	22	0.271
698	36	0.271
698	116	0.271
698	572	0.271
700	325	0.106
701	22	0.123
701	22	0.123
701	233	0.128
701	515	0.133
701	533	0.108
701	602	0.157
705	81	0.099
706	28	0.13
706	750	0.266
707	28	0.194
708	28	0.283
709	710	0
710	256	0.087
710	256	0.087
710	1465	0.11
711	20	0.144
711	28	0.16
711	335	0.147
712	465	0
713	62	0.129
713	87	0.166
713	89	0.177
713	91	0.194
713	91	0.194
713	131	0.132
713	378	0.189
713	643	0.172
713	645	0.182
713	1258	0.111
714	192	0.06
714	698	0.271
714	1083	0.115
714	1308	0.271
715	117	0.047
716	851	0.122
716	857	0
717	853	0
717	857	0
718	523	0
720	81	0.201
721	81	0.066
722	81	0.091
723	733	0.213
723	901	0.137
723	902	0.214
723	903	0.192
725	790	0.307
725	818	0.244
725	847	0.098
727	716	0
727	717	0
728	763	0
731	270	0.183
731	289	0.183
731	857	0
732	851	0.147
732	852	0.208
732	857	0
733	1047	0
736	1045	0
736	1069	0
737	1047	0
739	778	0
739	779	0
742	154	0.105
743	91	0.081
743	131	0.12
743	1265	0.168
744	93	0.189
744	698	0.271
746	745	0
747	745	0
749	745	0
750	724	0
752	58	0
752	560	0
753	58	0.196
753	59	0.161
753	90	0.214
754	18	0.121
754	54	0.131
754	270	0.128
754	803	0.099
754	902	0.123
754	924	0.147
754	1125	0
754	1133	0.055
755	1080	0.02
756	18	0.119
756	46	0.157
756	54	0.213
756	181	0
756	256	0.114
756	264	0.192
756	348	0.174
756	370	0.181
756	417	0.19
756	482	0.165
756	515	0.183
756	560	0.208
756	579	0.143
756	632	0.227
756	924	0.184
756	960	0.171
756	970	0.176
756	1133	0.18
756	1236	0.166
756	1236	0.166
756	1277	0
757	56	0.325
757	57	0.399
757	58	0.244
757	59	0.424
757	1148	0.206
757	1248	0.413
758	1037	0
759	270	0.171
759	289	0.171
759	851	0.144
759	857	0
760	759	0
761	403	0.11
761	417	0.133
761	418	0.12
763	1030	0
764	769	0.16
765	55	0
765	144	0
765	165	0
765	368	0
765	447	0
765	457	0
765	648	0
765	770	0
765	847	0
765	874	0
765	900	0
765	907	0
765	948	0
765	1060	0
765	1062	0
765	1083	0
766	368	0
766	409	0
766	432	0
766	457	0
766	530	0
766	573	0
766	720	0
766	726	0
766	729	0
766	754	0
766	765	0
766	769	0
766	770	0
766	771	0
766	803	0
766	806	0
766	823	0
766	880	0
766	917	0
766	928	0
766	948	0
766	955	0
766	962	0
766	963	0
766	964	0
766	991	0
766	1006	0
766	1014	0
766	1023	0
766	1026	0
766	1027	0
766	1030	0
766	1050	0
766	1084	0
769	144	0.179
769	457	0.123
769	573	0.135
769	645	0.228
769	737	0.168
769	894	0.086
769	907	0.145
769	953	0.192
769	994	0.113
769	1008	0.344
769	1024	0.271
769	1030	0.18
769	1035	0.15
769	1051	0.16
769	1062	0.344
769	1065	0.305
769	1067	0.115
769	1069	0.164
769	1078	0.129
769	1432	0.158
770	144	0.202
770	145	0.162
770	457	0.113
770	1062	0.244
771	22	0.069
771	79	0
771	770	0.06
772	79	0
772	769	0.114
772	770	0.1
773	1025	0.142
774	1014	0.104
775	447	0
775	648	0
775	740	0
775	811	0
775	877	0
775	991	0
775	1069	0
775	1073	0
777	260	0.229
778	851	0.122
778	852	0.229
778	857	0
779	851	0.122
779	852	0.229
779	857	0
780	146	0.149
780	197	0.124
780	260	0.171
780	302	0.169
780	389	0.164
780	515	0.203
780	602	0.182
780	632	0.156
780	698	0.271
780	1432	0.169
781	560	0.098
782	523	0
782	781	0
782	993	0
782	994	0
783	501	0
783	965	0
783	966	0
783	986	0
786	1064	0
787	87	0.166
787	89	0.177
787	90	0.14
787	131	0.132
787	1144	0.118
792	724	0
793	374	0.118
796	433	0
799	1083	0.231
800	857	0
800	953	0.192
801	28	0.18
802	851	0.122
802	853	0
802	857	0
803	851	0.106
803	852	0.161
803	854	0.114
803	857	0
804	302	0.105
804	851	0.122
804	852	0.229
804	857	0
806	1069	0.082
807	28	0
808	926	0
810	164	0.068
811	53	0.292
811	495	0.166
814	928	0
815	1015	0.138
816	851	0.135
816	852	0.236
816	857	0
820	202	0.066
820	648	0.133
820	1615	0.156
823	822	0.107
824	745	0
826	828	0.196
829	1392	0.239
829	1400	0.279
829	1469	0.171
829	1552	0.156
830	816	0
830	888	0
830	923	0
830	950	0
831	815	0.023
831	1015	0.153
832	831	0
833	611	0.094
835	154	0.275
836	374	0.134
838	851	0.122
838	853	0
838	854	0.138
838	857	0
840	270	0.192
840	857	0
841	853	0
841	857	0
842	765	0
844	208	0.265
846	848	0
847	785	0
848	852	0.236
848	857	0
850	270	0.239
851	721	0.103
851	722	0.106
853	720	0
853	721	0
853	722	0
854	720	0.188
854	722	0.122
856	846	0
857	370	0
857	515	0
857	530	0
857	720	0
857	721	0
857	754	0
857	860	0
857	890	0
857	953	0
857	997	0
857	1015	0
857	1069	0
858	1019	0
860	992	0
862	457	0
863	424	0
863	737	0
863	883	0
863	917	0
863	948	0
864	865	0
864	948	0
866	864	0
867	515	0.224
869	22	0.271
869	36	0.271
869	116	0.271
871	533	0.144
871	1408	0.072
871	1436	0.27
871	1540	0
872	934	0
873	1030	0.142
874	993	0
876	22	0.128
876	307	0.103
876	796	0
876	1130	0.101
877	993	0.02
878	368	0
880	1014	0.107
881	468	0.225
881	515	0.244
881	1272	0.271
882	378	0.105
882	379	0.105
882	429	0.105
882	482	0.105
882	573	0.105
882	812	0
882	921	0.105
882	1078	0.105
885	992	0
886	992	0
887	992	0
888	851	0.126
888	852	0.217
888	857	0
889	560	0.133
890	992	0
891	992	0
892	992	0
893	992	0
894	992	0
895	703	0.107
896	36	0.242
898	427	0.168
899	256	0.052
900	71	0
901	270	0.117
901	289	0.117
901	857	0
902	851	0.122
902	852	0.229
902	857	0
903	821	0
903	851	0.192
903	857	0
910	220	0.099
910	379	0.105
910	429	0.128
910	998	0
910	1250	0
911	482	0
912	482	0.183
913	379	0.105
914	379	0.271
914	429	0.271
914	911	0
914	1250	0
915	379	0.105
915	429	0.105
915	911	0
915	912	0.105
917	851	0.128
917	852	0.152
917	857	0
919	378	0.142
919	405	0.138
919	406	0.129
919	407	0.138
919	482	0.13
919	1236	0.119
919	1268	0.136
920	379	0.105
920	429	0.105
920	1002	0.105
921	379	0.105
922	208	0.076
923	851	0.143
923	852	0.17
923	857	0
925	220	0.266
925	403	0.11
928	1069	0.203
932	769	0.168
933	737	0.163
934	87	0.123
934	89	0.087
934	91	0.068
935	181	0
935	256	0.052
938	8	0.119
938	493	0.1
938	1264	0.149
940	54	0.115
940	731	0.075
940	732	0.078
943	1014	0.096
948	71	0
948	533	0.19
948	1034	0.127
949	977	0
950	851	0.122
950	852	0.229
950	857	0
952	217	0.03
953	71	0
954	55	0.162
954	370	0.149
954	447	0.13
954	560	0.167
954	761	0.145
954	792	0.201
954	843	0.126
954	956	0.096
954	1027	0.101
957	530	0
957	993	0
957	1042	0
958	959	0.138
959	270	0.148
959	851	0.125
959	852	0.199
959	857	0
960	270	0.155
960	857	0
961	1133	0.233
962	783	0
963	783	0
964	783	0
965	81	0.271
966	81	0.107
967	81	0.1
968	81	0.16
969	81	0.222
970	81	0.115
971	783	0
972	973	0.123
973	533	0.112
973	604	0.073
973	744	0.113
974	936	0
975	22	0.184
975	488	0.14
975	490	0.191
975	522	0
975	523	0.174
975	1028	0.176
975	1130	0.134
975	1282	0.092
976	1011	0.087
976	1013	0.131
977	783	0
979	917	0.296
980	133	0.214
980	154	0.062
981	22	0
981	87	0
981	90	0
981	91	0
981	164	0
981	284	0
981	706	0
981	749	0
981	754	0
981	818	0
981	860	0
981	991	0
981	1008	0
981	1030	0
982	22	0
982	523	0
982	698	0
982	749	0
982	876	0
982	975	0
982	1042	0
983	981	0
984	54	0.146
984	55	0.135
984	94	0.151
984	144	0.149
984	165	0.271
984	368	0.136
984	447	0.171
984	448	0.168
984	457	0.157
984	482	0.149
984	530	0.191
984	533	0.208
984	560	0.131
984	560	0.131
984	569	0.135
984	632	0.155
984	648	0.238
984	726	0.19
984	737	0.238
984	751	0.208
984	761	0.101
984	771	0.045
984	802	0.073
984	837	0.192
984	847	0.073
984	865	0.112
984	874	0
984	883	0.19
984	886	0.168
984	894	0.111
984	900	0.231
984	907	0.328
984	917	0.171
984	927	0.158
984	948	0.181
984	965	0.271
984	966	0.16
984	970	0.246
984	971	0.271
984	991	0.126
984	997	0.146
984	1008	0.244
984	1011	0.17
984	1025	0.062
984	1046	0.183
984	1051	0.23
984	1060	0.213
984	1062	0.244
984	1277	0
984	1278	0.271
985	954	0.155
985	1432	0.182
986	144	0.052
986	457	0.271
986	728	0
986	917	0.129
986	971	0.271
987	984	0
988	202	0.11
989	718	0
991	71	0
993	58	0.179
993	144	0.173
993	769	0.156
993	792	0.136
993	948	0.077
994	22	0.122
994	55	0.099
994	58	0.138
994	79	0
994	144	0.24
994	307	0.148
994	470	0.089
994	770	0.139
994	792	0.067
994	900	0.139
994	945	0.124
994	948	0.089
995	53	0.145
995	55	0.167
996	648	0.09
997	71	0
999	1033	0.086
1000	724	0
1000	981	0
1002	905	0.301
1003	365	0.202
1005	260	0.119
1005	389	0.175
1005	632	0.147
1007	1006	0.089
1008	1006	0.344
1009	260	0.101
1011	560	0.12
1011	564	0.105
1011	761	0.06
1012	569	0.125
1012	1011	0.057
1013	564	0.129
1013	1014	0.164
1014	515	0.082
1014	560	0.104
1014	564	0.027
1014	761	0.104
1014	1255	0.09
1015	22	0.143
1015	572	0.14
1015	1014	0.091
1016	1014	0.105
1017	1011	0.027
1017	1014	0.137
1019	302	0.271
1019	602	0.271
1020	270	0.154
1020	289	0.154
1020	851	0.131
1021	270	0.128
1022	560	0.152
1025	928	0.302
1025	954	0.085
1025	1006	0.116
1025	1008	0.421
1025	1045	0.278
1025	1065	0.23
1027	1014	0.104
1028	55	0.166
1028	144	0.188
1028	586	0.132
1028	823	0.142
1028	1031	0
1029	71	0
1030	71	0
1031	594	0
1032	1053	0
1033	94	0.123
1035	883	0.127
1038	758	0.18
1038	1037	0
1040	838	0
1040	839	0
1040	840	0
1040	841	0
1041	483	0.198
1042	377	0.165
1042	630	0.231
1042	734	0.092
1042	1019	0.271
1043	698	0.271
1044	59	0.192
1045	953	0.192
1046	722	0.048
1046	1045	0.241
1047	856	0
1047	860	0
1048	1030	0.351
1049	1011	0.143
1051	993	0.2
1053	936	0
1053	1054	0.097
1054	1037	0
1055	1057	0
1055	1058	0
1057	851	0.122
1057	852	0.229
1057	857	0
1058	851	0.122
1058	852	0.229
1058	857	0
1058	1042	0.151
1060	220	0.17
1060	1443	0
1060	1444	0
1061	1065	0.291
1062	724	0
1062	854	0.244
1065	900	0.18
1065	1029	0.192
1065	1069	0.279
1067	1014	0.104
1068	1069	0.22
1069	890	0.154
1069	953	0.192
1072	641	0
1074	633	0.107
1074	898	0.245
1077	44	0.251
1077	778	0.022
1078	22	0.119
1080	260	0.101
1080	370	0.205
1080	602	0.194
1080	881	0.103
1082	960	0.025
1083	818	0.283
1085	724	0
1086	56	0.23
1086	56	0.23
1086	57	0.184
1086	801	0.28
1088	374	0.181
1089	47	0.187
1090	256	0.086
1090	899	0.101
1113	208	0.108
1115	216	0.242
1115	1287	0.31
1125	756	0
1126	28	0.096
1126	801	0.117
1128	1483	0.1
1130	55	0.119
1130	55	0.119
1130	57	0.125
1130	91	0.095
1130	307	0.095
1130	688	0.106
1130	713	0.117
1130	843	0.123
1130	966	0.163
1132	28	0.271
1133	268	0.134
1133	289	0.135
1133	634	0.214
1133	843	0.163
1133	1140	0
1133	1488	0.023
1133	1614	0.238
1135	417	0
1135	1618	0
1137	22	0.101
1137	116	0.119
1137	493	0.165
1139	713	0.138
1140	471	0
1140	1133	0
1141	57	0.203
1143	28	0.031
1145	57	0.22
1147	801	0.215
1148	55	0.318
1148	56	0.352
1148	57	0.227
1148	60	0.311
1148	61	0
1148	757	0.206
1149	641	0.211
1150	90	0.101
1151	57	0.161
1152	58	0.237
1152	59	0.26
1152	1148	0.259
1152	1248	0.253
1153	58	0.29
1153	59	0.254
1154	58	0.304
1154	59	0.242
1155	801	0.259
1156	71	0
1156	417	0.103
1156	754	0.064
1156	1313	0.1
1157	57	0.131
1158	154	0.062
1159	468	0.106
1159	697	0.132
1160	1161	0.297
1162	1153	0.086
1163	710	0.137
1165	91	0.083
1166	154	0.271
1166	181	0
1167	60	0
1168	511	0
1169	55	0
1169	447	0
1171	1116	0.193
1171	1133	0.282
1171	1344	0.103
1171	1396	0.024
1171	1468	0.027
1171	1496	0.168
1171	1497	0.184
1171	1498	0.168
1172	71	0
1173	57	0.108
1173	59	0.108
1173	87	0.116
1174	1161	0.243
1175	1129	0.121
1176	515	0.082
1176	533	0.064
1176	697	0.109
1176	1308	0.027
1177	216	0.174
1177	710	0.127
1178	243	0.34
1180	28	0.18
1180	91	0.189
1182	57	0.24
1183	57	0.132
1184	1152	0.277
1185	379	0.271
1185	429	0.119
1189	216	0.133
1190	468	0.156
1191	90	0.121
1191	232	0.108
1192	1193	0
1192	1212	0
1193	533	0.103
1193	602	0.125
1193	1196	0.143
1193	1313	0.102
1194	90	0.151
1195	256	0.119
1195	710	0.165
1196	302	0.192
1196	604	0.074
1197	1271	0.025
1199	9	0.116
1200	504	0.166
1201	9	0.194
1201	9	0.194
1201	197	0.168
1201	515	0.052
1201	572	0.16
1201	754	0.061
1201	1207	0.231
1201	1283	0.197
1203	578	0.271
1205	471	0.09
1207	197	0.155
1208	560	0.124
1209	58	0.292
1209	59	0.292
1209	1148	0.292
1211	1129	0
1212	1192	0
1212	1193	0.113
1213	641	0
1214	603	0.055
1215	154	0.125
1216	181	0
1217	1218	0
1218	376	0.023
1218	694	0.023
1219	1231	0.204
1220	1221	0
1220	1222	0.34
1221	377	0.125
1221	694	0.023
1221	1224	0.369
1222	1224	0
1223	1235	0.027
1224	376	0.018
1224	1221	0.369
1224	1223	0.209
1225	376	0.018
1226	713	0.179
1227	652	0.162
1228	365	0.168
1229	683	0.193
1230	369	0.098
1230	1229	0.088
1233	533	0.271
1235	376	0.271
1236	47	0.196
1236	133	0.171
1236	447	0.199
1236	484	0.219
1236	602	0.175
1236	1299	0
1238	57	0.181
1240	154	0.101
1241	87	0.125
1241	89	0.136
1241	91	0.109
1242	1187	0
1243	53	0.197
1243	256	0.185
1243	710	0.105
1244	379	0.271
1244	429	0.14
1245	378	0.2
1245	407	0.206
1245	1236	0.203
1246	59	0.218
1247	332	0.125
1248	56	0.281
1248	57	0.34
1248	757	0.413
1248	801	0.191
1248	1155	0.236
1249	133	0.154
1250	221	0
1252	219	0.12
1252	220	0.117
1252	378	0.199
1252	407	0.209
1252	1236	0.145
1253	219	0.121
1253	220	0.121
1254	219	0.162
1254	220	0.162
1255	379	0.052
1255	429	0.059
1256	417	0
1256	418	0
1257	144	0.14
1257	201	0.128
1257	1142	0.135
1260	60	0.128
1261	56	0.318
1261	57	0.227
1261	58	0.243
1261	59	0.23
1261	1248	0.25
1262	743	0.129
1263	28	0.169
1264	724	0
1265	713	0.122
1265	743	0.168
1265	1206	0.221
1266	1271	0.125
1266	1279	0
1267	1209	0.027
1269	1266	0.271
1270	216	0.194
1270	1312	0.135
1271	1266	0.125
1272	1266	0.271
1273	219	0
1273	220	0
1276	181	0
1277	81	0
1278	1292	0.105
1280	612	0.176
1280	634	0.177
1281	55	0
1282	488	0.062
1282	1552	0.092
1283	164	0.239
1283	981	0
1283	981	0
1284	164	0.144
1287	216	0.31
1288	57	0.225
1289	543	0.089
1290	376	0.119
1290	634	0.025
1290	694	0.019
1291	57	0.227
1291	58	0.245
1291	59	0.229
1291	1148	0.318
1291	1248	0.252
1292	1202	0.155
1293	1240	0
1294	572	0.144
1295	216	0.159
1296	268	0.102
1296	270	0.116
1296	1199	0.095
1297	216	0.081
1300	302	0.103
1300	533	0.174
1300	602	0.154
1300	1197	0
1300	1271	0.106
1301	181	0
1301	256	0.126
1302	1138	0
1304	1115	0.242
1304	1312	0.15
1304	1441	0.026
1306	216	0.147
1309	154	0.135
1309	216	0.203
1310	365	0.129
1310	376	0.271
1310	377	0.271
1312	216	0.152
1312	1270	0.135
1313	476	0.105
1313	634	0.1
1315	1231	0.163
1317	697	0.155
1317	815	0.162
1318	216	0
1323	201	0.118
1323	488	0.115
1324	417	0.112
1324	418	0.105
1325	1154	0.201
1328	683	0.12
1330	713	0.271
1331	379	0.105
1331	429	0.105
1334	1396	0.121
1335	1116	0.122
1337	829	0.198
1337	1469	0.158
1352	1133	0.167
1356	1604	0.23
1360	1545	0.159
1360	1625	0.13
1366	611	0.092
1366	612	0.077
1366	1412	0.172
1370	1442	0
1376	1432	0.138
1377	811	0.094
1377	1412	0.102
1380	604	0.104
1380	710	0.164
1380	1441	0.11
1380	1567	0.13
1382	612	0.182
1386	1412	0.159
1387	811	0
1389	1391	0.122
1391	1133	0.1
1392	1460	0.127
1392	1461	0.097
1393	710	0.094
1414	811	0.101
1414	1405	0.162
1414	1432	0.052
1423	1116	0.222
1424	633	0.062
1424	811	0.265
1424	1400	0.289
1424	1412	0.241
1432	602	0.203
1432	603	0.119
1432	634	0.095
1432	636	0.155
1432	698	0.271
1432	867	0.189
1432	990	0.149
1432	1015	0.189
1432	1372	0.106
1432	1411	0.156
1432	1412	0.107
1432	1472	0.072
1432	1486	0.047
1432	1550	0.14
1432	1591	0.126
1432	1604	0.06
1443	604	0.107
1443	636	0.144
1443	867	0.042
1443	1060	0
1443	1455	0.175
1443	1525	0.142
1443	1540	0
1443	1603	0.251
1443	1610	0.31
1444	586	0.329
1444	610	0.21
1444	611	0.211
1444	636	0.177
1444	867	0.071
1444	1060	0
1444	1133	0.217
1444	1375	0.243
1444	1525	0.155
1444	1540	0
1444	1554	0.081
1444	1564	0
1444	1603	0.217
1444	1610	0.31
1444	1611	0
1454	1562	0.218
1469	634	0.077
1469	638	0.077
1469	697	0.128
1469	1586	0.067
1469	1587	0.067
1469	1591	0.085
1475	1116	0.07
1475	1496	0.064
1484	1396	0.208
1484	1467	0.208
1484	1496	0.208
1486	612	0.164
1487	1465	0.112
1501	1116	0.103
1507	1133	0
1515	897	0.107
1515	1604	0.119
1523	611	0.102
1523	811	0.081
1523	867	0.117
1523	1116	0.125
1523	1363	0.123
1523	1396	0.071
1523	1467	0.078
1523	1510	0.063
1523	1525	0.104
1525	769	0.167
1525	1352	0.154
1530	1392	0.186
1530	1464	0.055
1530	1465	0.102
1531	1392	0.103
1531	1400	0.142
1531	1552	0.035
1536	815	0
1536	1469	0
1538	1522	0.101
1540	871	0
1540	1443	0
1540	1444	0
1545	616	0.08
1546	616	0.071
1546	1540	0
1547	1524	0.299
1547	1545	0.14
1547	1625	0.026
1554	751	0
1554	769	0.193
1554	906	0.135
1554	1352	0.074
1554	1406	0.153
1554	1412	0.196
1554	1496	0.105
1561	661	0.31
1562	897	0.15
1562	1491	0.264
1562	1604	0.172
1571	615	0.168
1571	657	0.068
1579	908	0
1579	1618	0.093
1581	1401	0.129
1589	1443	0
1591	1250	0
1614	1133	0.238
1614	1618	0.146
1615	622	0.207
1616	610	0.223
1617	610	0.181
1618	1443	0.115
1618	1444	0.143
1619	1443	0.176
1619	1444	0.151
1625	1523	0.061
1634	1561	0.152
