10971	572	0.559
10971	572	0.559
10971	581	0.655
10971	596	0.644
10971	2309	0.536
10971	2308	0.614
7128	1843	0.783
7128	7186	0.612
7128	7189	0.665
5345	3936	0.583
4961	397	0
4961	2932	0
4961	4137	0
25	1020	0.654
25	1398	0.81
25	5599	0.844
25	1029	0.819
25	7161	0.786
25	5829	0.699
25	5888	0.9
25	5883	0.69
25	7410	1
25	1796	0.864
25	7158	0.82
427	51761	0.376
427	820	0.556
427	2588	1
1145	808	0.41
71	317	0.639
87	280979	0
87	7791	0.572
8038	1950	0.282
4303	355	0.66
185	0	0
185	3716	0.297
186	4683	0.237
11214	387	0.548
207	4303	0.893
207	572	0.671
207	572	0.671
207	842	0.62
207	842	0.62
207	1385	0.706
207	2309	0.857
207	5871	0
207	2908	0.837
207	2931	0.616
207	2932	0.905
207	2932	0.905
207	2792	0.498
207	3320	0.763
207	3551	0.711
207	1147	0.815
207	8517	0.823
207	4193	0.856
207	4214	1
207	4293	0.314
207	2475	0.703
207	4846	0.826
207	5058	0.618
207	5894	0.801
207	5894	0.801
207	5879	0.66
207	6647	0.655
207	6774	0.955
207	7015	0.63
207	7248	0.658
207	280979	0
207	2308	0.879
207	4216	1
207	4294	1
207	4294	1
207	7158	0.826
207	4296	0.538
657	1386	0.316
353	5562	0.837
5562	31	0.646
5562	1026	0.84
4878	2983	0.234
317	842	0.815
317	54205	0.597
317	57591	0.567
324	8312	0.767
324	1499	0.773
333	7314	0.582
375	5581	0.728
375	5333	0.764
392	387	0.582
392	9475	0.595
392	11113	0.191
392	5305	0.612
393	387	0.492
394	29984	0.802
394	387	0.492
395	387	0.472
9138	392	0.648
9138	387	0.595
9826	387	0.538
7984	387	0
405	196	0.652
10097	280979	0
4217	5599	0.564
4217	6416	1
4217	5606	0.546
4217	5608	0.602
4217	5609	0.662
1386	3725	0.776
1386	3458	0.164
1386	3558	0.164
1386	3565	0.171
1386	0	0
1386	7193	0
472	25	0.556
472	672	0.564
472	675	0.574
472	1111	0.709
472	11200	0.969
472	2177	0.713
472	4683	0.803
472	4790	0.597
472	7157	0.696
472	7157	0.696
51761	820	0.444
51761	820	0.444
51761	842	0.488
545	472	0.855
545	672	0.648
545	1111	0.682
545	11200	0.905
545	2177	0.75
545	7157	0.73
545	1263	0.663
545	5884	0.823
551	0	0
8312	1499	0.662
8312	2931	0.677
8312	4214	1
8312	4216	1
154	0	0
154	0	0
572	578	0.785
572	581	0.639
572	596	0.729
572	596	0.729
572	598	0.733
572	598	0.733
572	842	0.739
572	599	0.641
578	572	0.785
578	598	0.726
578	56616	0.657
578	1329	0.654
581	572	0.639
581	578	0.734
581	596	0.832
581	596	0.832
581	56616	0.631
581	1329	0.635
596	317	0.472
596	572	0.729
596	578	0.828
596	581	0.832
596	598	0.781
596	637	0.8
596	638	0
596	6609	0.389
596	10018	0.59
596	1329	0.633
596	9445	0.656
596	5366	0.774
598	317	0.481
598	572	0.733
598	578	0.726
598	581	0.766
598	596	0.781
598	637	0.669
598	638	0
598	638	0
598	54205	0.75
598	7157	0.821
598	10018	0.765
598	1329	0.619
598	79370	0.667
598	666	0.838
598	5366	0.794
637	578	0.715
637	581	0.808
637	1329	0.8
637	7417	0.75
638	596	0
638	598	0
332	56616	0.539
332	331	0.662
332	56604	0
29760	2885	0.705
29760	7409	0.922
29760	5336	0.787
659	1386	0.284
695	355	0.866
695	5335	0.746
695	5336	0.697
8945	1499	0.37
8945	1499	0.37
2889	5906	0.745
2889	54386	0.568
2889	4893	0.272
0	824	0
0	889	0
0	816	0
0	0	0
0	1452	0
0	1455	0
0	30818	0
0	2978	0
0	4772	0
0	4790	0
0	4846	0
0	50818	0
0	5578	0
0	5319	0
0	5524	0
0	2185	0
0	111	0
0	89	0
0	801	0
0	821	0
0	811	0
0	10156	0
0	8448	0
0	1759	0
0	3208	0
0	23413	0
0	22895	0
0	10125	0
0	6717	0
0	9900	0
0	6853	0
0	6857	0
0	7447	0
0	4934	0
23523	10014	0.905
23523	0	0
790	1676	0.672
5535	23523	0
5535	4772	0
5535	4842	0
823	581	0.625
823	637	0.772
823	23523	0.535
823	842	0.526
823	5747	0.635
823	5829	0.712
823	5879	0.906
823	387	0.799
823	7094	0.81
823	4137	0.572
823	7430	0.713
823	2890	0.479
823	4133	0.379
823	2903	0.525
823	6712	0.522
824	23523	0.545
824	5747	0.628
824	5829	0.721
824	7094	0.747
831	823	0.763
831	7430	0.536
889	23523	0.357
889	5535	0
889	8536	0
889	4772	0.37
889	2185	0.419
8536	1385	0
8536	10014	0
8536	4208	0
8536	9734	0
8536	5879	0
8536	6853	0
816	1385	0.634
816	4137	0.692
820	10411	0.588
820	5567	0.639
820	5567	0.639
820	5576	0.621
820	11069	0.372
820	5566	0.538
820	1260	0.355
10487	4661	0.266
10487	4661	0.266
10498	1387	0.928
10498	1499	0.494
10498	2033	0.969
843	317	0.653
843	836	0.774
843	2188	0.339
843	248	0
843	7157	0.551
835	637	0.65
835	4000	0.807
836	317	0.581
836	317	0.581
836	572	0.684
836	581	0.581
836	596	0.672
836	598	0.674
836	637	0.64
836	790	0.683
836	839	0.836
836	840	0.901
836	841	0.731
836	5591	0.791
836	5747	0.679
836	6711	0.666
836	6711	0.666
836	2620	0.607
836	2934	0.43
836	2934	0.43
836	1676	0.876
836	1676	0.876
836	4214	1
836	5062	0.931
836	142	0.758
836	5925	0.729
836	6093	0.705
836	331	0.839
836	10018	0.486
836	0	0
836	1982	0.638
836	4207	0
836	5305	0.566
836	10887	1
836	5527	0.622
836	22985	0.847
836	4170	0.713
836	4719	0.438
839	836	0.836
839	1676	0.874
839	4000	0.804
839	4000	0.804
839	4001	0.634
839	84823	0
839	5058	0.471
840	790	0.675
840	790	0.675
840	842	0.705
840	5747	0.725
840	1676	0.964
840	142	0.748
840	4207	0
840	10887	0.425
841	4217	0.551
841	4217	0.551
841	637	0.69
841	843	0.799
841	836	0.731
841	248	0
841	9525	0.721
841	8737	0.825
841	10887	0.644
841	9191	0.605
842	836	0.633
842	836	0.633
842	839	0.758
842	839	0.758
842	840	0.705
847	6098	1
867	1956	0.621
867	5335	0.758
867	7535	0.883
867	916	0.686
867	2263	0.638
867	10818	0.678
1387	3725	0.894
1387	1499	0.49
1387	2002	1
1387	2099	0.81
1387	7088	0.922
1387	3932	0.433
1387	8874	0.392
1387	8850	0.837
1387	6932	0.725
1387	10011	0.691
890	983	0.701
890	1017	0.845
890	1019	0.8
890	1021	0.794
890	1869	0.855
891	983	0.824
595	1869	0.696
595	5925	0.689
595	5925	0.689
894	5925	0.756
896	5925	0.452
898	5925	0.776
0	1385	0
0	3708	0
929	7097	0.525
929	7099	0.58
948	1432	0.423
920	7535	0.699
5788	3932	0.66
995	983	0.691
995	983	0.691
993	1017	0.774
993	1021	0.695
995	983	0.691
997	898	0.846
997	1869	0.758
998	5871	0
998	4214	1
998	4293	0.643
998	5058	0.678
998	8936	0.452
998	4216	1
998	4294	1
998	4294	1
998	7454	0.567
998	10188	0.632
998	4296	0.515
983	572	0.616
983	891	0.824
983	5347	0.868
1017	1869	0.725
1017	5715	0.821
1017	5925	0.734
1020	317	0.458
1020	84152	1
1020	5604	0.616
1020	5058	0.682
1020	4137	0.733
1020	282378	0
1020	4744	0.67
1021	596	0.671
1021	5925	0.603
1022	1017	0.834
1050	3725	1
1111	995	0.763
1111	995	0.763
1111	5545	0.619
1111	7157	0.821
11200	672	0.584
11200	5545	0.138
11200	7157	0.725
1123	5879	1
8646	659	1
56616	332	0.539
56616	248	0
56616	331	0.66
56616	330	0.66
56616	79444	0.632
329	836	0.813
329	840	0.747
3725	1385	0.97
3725	10018	0.38
3725	8739	0.74
1452	4772	0.727
1452	11076	0.658
1452	7157	0.717
1455	84152	1
1456	1409	0
1456	5187	0
1457	324	0.675
1457	637	0.592
1457	638	0
1457	8215	0
1457	5601	0.712
1457	5601	0.712
1457	6722	0.698
1457	7471	0.572
9575	406	0.891
4609	1029	0.859
4609	6667	0.825
1073	317	0.628
1385	1387	0.903
1385	2668	0.166
1385	0	0
1385	8660	0.338
1385	2959	1
1385	6872	0.863
1390	1385	1
1390	30818	0
1398	25	0.81
1398	2889	0.725
1398	1793	0.895
1398	11184	0.234
1398	9743	1
1399	2889	0.859
1399	1793	0.743
1409	581	0.597
1409	598	0.663
1436	2113	0.346
1436	6196	0.358
1445	5747	0.546
1445	3932	0.831
1445	4067	0.849
1445	5829	0.623
1445	6714	0.828
1487	3172	0.664
1487	8204	0.638
5932	672	0.659
1499	1387	0.49
1499	9734	0.524
1499	3172	0.472
1499	7314	0.564
1499	51176	0.56
1499	51176	0.56
1499	6932	0.411
54205	317	0.597
54205	834	0.672
54205	56616	0.771
54205	5187	0.784
25802	820	0.515
28503	5495	0
1605	1040	0.281
1605	50818	0
1605	5578	0.674
1605	10125	0.521
84152	1020	1
84152	2644	1
84152	5464	1
84152	5501	1
1616	4217	0.585
1616	6416	1
5694	898	0.808
5694	1499	0.521
5694	1869	0.698
5694	4193	0.754
5694	5715	0.873
5694	6622	0.608
1040	50818	0
0	2911	0
1730	5216	0
22943	7471	0.683
22943	4035	0.461
5591	7157	0.765
1793	207	0.843
0	25802	0
0	28503	0
0	1812	0
0	1813	0
0	1814	0
7027	898	1
8718	841	0.626
30818	1385	0
30818	1385	0
30818	2353	0
30818	0	0
30818	3750	0
30818	3751	0
30818	8739	0
8215	2931	0
8215	2932	0
0	5610	0
8655	5879	0.745
8655	10018	0.579
2118	1029	1
1869	637	0.471
1869	7027	1
1869	1029	0.728
1869	5925	0.887
1869	5925	0.887
1869	4088	0.664
1869	10018	0.405
1869	8739	0.74
1869	5366	0.696
1869	27113	0.556
1738	7341	0.713
10682	1977	0.443
10682	1981	0.428
51295	4214	0.784
1909	4683	0.244
1950	1956	0.477
1956	843	0.61
1956	867	0.621
1956	2064	0.79
1956	2885	0.715
1956	5604	0.754
1956	4214	0.784
1956	4772	0.461
1956	1432	0.516
1956	5335	0.593
1956	2185	0.585
1956	5879	0.704
1956	29984	0.526
1956	6464	0.601
1956	6714	0.675
1956	6772	0.507
1956	6774	0.644
1956	7409	0.526
1956	8936	0.384
1956	2035	0.556
1956	4690	0.575
1956	5921	0.487
1956	2065	0.67
1956	6646	0.593
1959	572	0.697
1959	664	0.696
1959	665	0.578
1978	1973	0.625
1978	1977	0.692
1978	1977	0.692
1967	1965	0.782
1967	1965	0.782
1967	1147	0.71
8661	1973	0.741
1973	6194	0.621
1975	1973	0.711
1975	6194	0.557
1983	1965	0.637
2002	3725	1
2002	2353	1
2002	0	0
10411	0	0
10411	5906	0.601
10411	54386	0.268
2057	6464	0.619
2064	2885	0.748
2064	5290	0.614
2064	5335	0.668
2064	6464	0.648
2064	6714	0.692
2064	5921	0.596
2064	6640	0.651
2064	2886	0.397
5595	2002	1
5595	4638	0.603
5595	8569	1
5595	9252	0.671
5595	6196	0.7
5595	2872	0.604
5595	10524	0.647
5595	8986	0.623
5594	842	0.5
5594	1387	0.699
5594	3725	0.625
5594	1385	0.61
5594	1956	0.704
5594	1958	0.689
5594	2002	1
5594	5595	0.982
5594	2353	0.609
5594	5599	0.685
5594	9261	0.762
5594	4082	0.666
5594	4638	0.643
5594	8569	1
5594	9252	0.689
5594	6196	0.713
5594	5163	0.598
5594	27124	0.553
5594	5319	0.338
5594	6197	0.591
5594	6773	0.662
5594	4137	0.632
5594	3172	0.689
5594	3751	0.31
5594	4207	0
5594	79092	0.548
5594	4744	0.54
5594	4741	0.362
5594	9373	1
5594	6195	0.718
5594	10657	0.557
5594	6853	0.649
5594	2872	0.595
5594	10524	0.635
5594	8986	0.647
5598	4205	0.923
5598	6196	0.947
5598	7020	0.813
0	2069	0
0	53615	0
2114	2113	0.772
2160	2158	0.757
2165	2147	1
2147	2243	0.806
2147	2149	0.686
2155	2159	0.951
8772	843	0.928
8772	841	0.782
8772	4615	0.716
8772	4790	0.636
8772	6609	0.246
8772	9191	0.494
5747	5594	0.789
5747	2534	0.537
5747	2885	0.626
5747	3569	0.181
5747	9564	0.706
5747	5290	0.543
5747	5335	0.554
5747	5829	0.796
5747	6464	0.482
5747	6714	0.565
5747	89	0.707
5747	50807	0
5747	23092	0.521
5747	2886	0.75
5747	1969	0.468
8439	6610	0.425
2178	2177	0.919
2191	841	0.405
2191	2188	0.175
355	1616	0.669
355	1956	0.72
355	8772	0.719
355	356	0.618
355	3552	0.475
355	4790	0.689
355	8737	0.707
355	5777	0.759
355	10016	0.697
355	5783	0.814
355	23017	1
356	355	0.618
356	355	0.618
0	0	0
2243	3688	0.577
2309	356	0.515
2309	10018	0.446
0	427	0
2353	3725	0.904
10023	2931	0
10023	2932	0
8321	8215	0
8321	175	0.318
8321	3936	0.635
8321	3936	0.635
8321	408	0.61
2488	2492	0.425
2534	1499	0.509
2534	1600	0
2534	5335	0.688
2534	6464	0.792
2534	6773	0.773
2534	2890	0.511
2534	775	0.661
2534	2903	0.562
2534	203068	0.565
175	8215	0
175	5595	0.66
175	2776	0.632
175	2792	0.224
175	5294	0.515
2549	1398	1
2549	11184	0.191
2549	5295	1
2549	5290	1
2549	5290	1
2549	4215	1
1647	983	0.646
1647	4216	1
2770	427	0.527
2770	2782	0.791
2770	5290	0.588
2770	5294	0.668
2770	5879	0.676
2770	6714	0.748
2770	673	0.602
2770	5909	0.475
2770	629	0.58
9628	92170	0.395
9628	5879	0.589
2776	92170	0.408
2776	5604	0.716
2776	23236	0.668
2776	3339	0.598
2626	6767	0.415
2626	6722	0.792
2782	2770	0.791
2782	9181	0.544
2782	2792	0.625
2782	5290	0.512
79751	92170	0.754
2978	83733	0
5871	4214	0
440275	1965	0.676
0	1965	0
0	92170	0
0	3838	0
0	5295	0
0	5062	0
0	5894	0
0	5901	0
0	5879	0
0	387	0
9181	207	0.653
9181	375	0.629
9181	392	0.487
9181	5879	0.643
9181	29984	0.505
2934	842	0.457
2934	280979	0
2670	7314	0.559
9771	5567	0.661
2688	2690	0.547
2690	3479	0.703
2690	5290	0.457
2767	427	0.593
2767	891	0.533
2767	2776	1
2767	5606	0.506
2767	4661	0.506
2767	23236	0.668
2767	629	0.62
2768	11214	0.395
2768	9138	0.573
2768	387	0.595
2768	10160	0.503
2768	6714	0.454
2768	5921	0.42
2768	5607	0
2768	5589	0.352
2768	7006	0.285
10672	9138	0.515
10672	4217	0.24
10672	998	0.649
10672	2185	0.457
10672	10160	0.44
10672	5962	0.797
2769	1605	0.44
2769	23236	0.325
23566	4878	0.235
2876	2937	0.793
2908	1843	0.862
2908	5290	0.528
2885	867	0.759
2885	5595	0.787
2885	2549	1
2885	5335	0.763
2885	5879	0.751
2885	6464	0.722
2885	6654	0.685
2885	10252	0.685
2885	7410	1
2885	8936	0.507
2885	1759	1
2885	5786	0.614
2885	10657	0.595
2885	1	0.372
7088	3172	0.95
7088	51176	0.841
2937	0	0
2931	8312	0.677
2931	3725	0.346
2931	1385	0.361
2931	1499	0.402
2931	4286	0.465
2931	4772	0.682
2931	5663	0.404
2931	4137	0.545
2931	64682	0.678
2931	5055	0.304
2931	8894	0.918
2932	207	0.905
2932	8312	0.842
2932	595	0.739
2932	1499	0.612
2932	1965	0.652
2932	2931	0.733
2932	6608	0.703
2932	4137	0.735
2936	0	0
0	2937	0
92170	1730	0
92170	0	0
92170	5604	0.481
92170	4214	0.453
92170	2644	0.468
92170	6198	0.581
92170	5058	0.343
92170	5334	0
92170	5337	0.526
92170	23647	0.371
92170	5894	0.561
92170	5901	0.465
92170	5879	0.414
92170	5879	0.414
92170	387	0.273
92170	6093	0.359
92170	8936	0.415
92170	10163	0.359
92170	10810	0.162
2792	5595	0.321
2792	5595	0.321
2792	5594	0.321
2792	175	0.224
2792	2782	0.625
2792	3672	0.52
2792	4214	0.356
2792	5335	0.531
2792	5879	0.444
2792	8720	0.308
2792	6464	0.676
3002	637	0.759
3002	842	0.605
3002	842	0.605
3002	5864	0.468
0	581	0
0	0	0
10542	0	0
10542	0	0
10542	842	0.735
10542	2185	0.487
9734	7088	0.89
9734	51176	0.9
3065	6615	0.673
8841	2033	0.815
3091	637	0.612
3091	8874	0.516
3091	664	0.746
3091	665	0.579
3091	5366	0.775
27102	1965	0
3315	836	0.625
3315	1616	0.694
3315	1329	0.591
3337	4193	0.658
3337	7314	0.734
3308	317	0.886
3308	9131	0.79
3320	196	0.647
3320	317	0.647
3320	332	0.603
3320	5728	0.713
5688	8544	0.712
3364	545	0.812
0	207	0
0	1994	0
0	7157	0
248	842	0
29851	1455	0.529
1676	790	0.672
1676	790	0.672
1676	1677	0.976
8837	841	0.81
8837	8772	0.963
8837	8772	0.963
3458	3459	0.199
3458	3717	0.189
3459	3308	0.265
3459	3716	0.319
3459	3717	0.44
3459	9093	0.383
3459	30851	0.308
3479	3480	0.575
3480	207	0.666
3480	5535	0
3480	8536	0
3480	5595	0.588
3480	5594	0.581
3480	3667	0.744
3480	4772	0.431
3480	5290	0.554
3480	5578	0.624
3480	6464	0.639
3480	7410	0.455
3480	408	0.636
3480	2887	0.608
4792	3558	0.203
4792	3558	0.203
4792	3565	0.177
4792	3565	0.177
4792	4790	0.893
4792	4790	0.893
4792	50818	0
4792	5970	0.871
4793	0	0
4793	4790	1
3551	4792	0.759
3551	4790	0.675
1147	4792	0.833
1147	4790	0.794
8517	4792	0.851
8517	4790	0.852
3595	3717	0.608
3552	3576	1
3553	3554	0.357
3553	5606	0.585
3554	51295	0.324
3554	7189	0.512
3565	3566	0.196
3569	3570	0.884
3838	5901	0.868
3643	3667	0.695
3643	5608	0.291
3643	6464	0.584
3643	6776	0.291
3643	10603	0.527
3643	2887	0.527
3643	8660	0.537
0	3643	0
808	207	0.76
808	0	0
808	3708	0.512
808	50818	0
3708	0	0
3708	84876	0.429
3654	10454	0.838
3654	23118	0.823
3654	7097	0.762
3654	7099	0.82
3654	7189	0.891
3667	5595	0.745
3667	2885	0.839
3667	5290	0.731
3667	4690	0.816
148022	9641	0.8
148022	29110	0.911
3672	332	0.34
3672	836	0.497
3672	2353	0.236
3672	5290	0.476
3672	5977	0.312
3672	331	0.328
3688	5595	0.555
3688	5747	0.356
3688	2309	0.339
3688	3717	0.542
3688	2185	0.608
3688	6464	0.578
3688	6464	0.578
3688	3611	0.507
3716	3717	0.705
3716	6464	0.577
3716	6772	0.714
3716	6773	0.733
3716	6774	0.801
3716	3718	1
3716	6646	0.488
3716	6778	0.846
3717	3716	0.705
3717	55566	0
3717	6772	0.682
3717	6774	0.811
3717	6776	0.64
3717	7297	0.72
5599	1386	0.812
5599	572	0.739
5599	596	0.639
5599	596	0.639
5599	637	0.612
5599	834	0.638
5599	3725	0.834
5599	2002	1
5599	356	0.489
5599	2353	0.883
5599	5601	0.932
5599	5604	0.686
5599	4772	0.874
5599	7157	0.788
5599	6464	0.556
5599	4137	0.614
5599	3172	0.928
5599	10018	0.494
5599	90427	0.586
5599	4170	0.694
5599	319	0.191
6416	5599	1
6416	5600	1
6416	5601	1
6416	1432	1
6416	8660	1
6416	5602	1
3726	2625	0.902
0	207	0
3912	7314	0.442
27040	2885	0.637
27040	5335	0.629
3932	5335	0.636
3932	5894	0.685
3932	7410	1
3932	7535	0.796
3932	916	0.581
3932	10870	0.546
3932	83696	0
3952	3953	0.246
3953	5562	0.396
3984	317	0.642
3984	1073	0.372
3984	1072	0.568
7376	9971	0.735
4067	695	0.912
4067	5295	0.698
4067	5335	0.707
4067	5879	0.772
4067	6464	0.693
4067	7409	0.698
4067	203068	0.726
4067	613	0.697
4067	930	0.608
8567	6416	0.356
11184	5594	0.322
11184	5599	0.191
11183	4214	0.784
5600	2002	0.661
5600	5605	0.545
5600	8569	1
5600	9252	0.846
5600	2872	0.677
5600	1649	0.769
5600	7867	0.867
5600	7020	0.649
5600	8986	0.723
5603	1050	0.413
5603	29904	1
5601	1386	0.735
5601	3725	0.75
5601	5595	0.588
5601	2353	0.769
5601	2353	0.769
5601	5544	0.191
5601	0	0
5601	3558	0.16
5601	3565	0.141
5601	3717	0.64
5601	6351	0.191
5601	4772	0.91
5601	7157	0.745
5601	6196	0.867
5601	2185	0.494
5601	6464	0.585
5601	319	0.191
9261	3150	1
9261	3315	0.714
9261	9252	0.904
4082	5535	0
53615	6615	0.402
1729	317	0.305
1729	10458	0.633
1729	6714	0.391
4193	2033	0.794
4193	7157	0.871
4193	408	0.792
4193	7158	0.775
4205	10014	0.908
4205	9734	0.886
4209	5535	0
5604	596	0.729
5604	823	0.831
5604	1385	0.577
5604	2002	1
5604	5595	0.9
5604	5594	0.892
5604	2353	0.583
5604	6416	1
5604	5601	0.582
5604	4638	0.655
5604	9252	0.693
5604	6198	0.797
5604	6196	0.721
5604	6197	0.582
5604	9612	0.583
5604	6654	0.64
5604	280979	0
5604	10018	0.49
5604	10818	0.707
5604	4170	0.743
5604	8986	0.696
5605	1385	0.526
5605	5595	0.812
5605	5594	0.825
5605	3315	0.731
5605	5604	0.835
5606	5599	0.809
5606	5600	0.838
5606	5603	1
5606	1432	0.732
5608	5599	0.932
5608	5600	1
5608	5603	1
5608	4790	0.821
5608	1432	0.803
5608	6300	0.908
4214	1147	1
4214	5599	1
4214	6416	1
4214	5604	1
4214	5606	1
4214	5609	1
4214	1432	1
4214	9612	0.413
4214	6885	1
4214	2043	0.784
4214	6548	0.784
4233	355	0.637
4233	6774	0.563
2117	11218	1
2117	1874	1
2911	2776	0.553
2911	2767	0.553
2911	23236	0.343
2911	0	0
2911	0	0
9734	4205	0.886
5609	5599	0.908
5609	5601	0.821
5609	5602	0.821
1843	5594	0.647
1843	3320	0.648
1843	5599	0.846
1843	5600	0.723
1843	5603	0.784
1843	1432	0.816
1843	1432	0.816
1843	6300	0.908
23209	5829	0.64
4638	23209	0.513
4638	103910	0.713
4638	4542	0.647
4638	9220	0.506
4638	3680	0.318
4660	103910	0.322
4660	9220	0.661
4660	3680	0.602
4293	6416	0.255
4293	5608	0.255
4293	5609	0.314
8569	1977	1
103910	4542	0.305
9252	1385	0.856
9252	1978	0.908
9252	466	0.901
2475	10682	0.499
2475	1978	0.682
2475	6198	0.701
2475	5524	0.592
4615	3654	0.823
4615	4214	1
4615	9020	1
4615	7124	0.593
4615	51135	1
4661	891	1
4661	983	1
4738	5715	0.562
4772	356	0.404
4772	4205	0.931
4790	1387	0.883
4790	5595	0.744
4790	8439	1
4790	356	0.519
4790	248	0
4790	3458	0.179
4790	4792	0.893
4790	3551	0.675
4790	8517	0.852
4790	3558	0.179
4790	3565	0.171
4790	3569	0.241
4803	4914	0.59
4804	5879	0.657
9020	3551	1
9020	1147	1
9020	4214	1
9020	4690	1
51701	3172	0.928
51701	51176	0.78
4842	1487	0.508
4842	387	0.565
4842	0	0
4846	5138	0.825
4846	5138	0.825
27035	0	0
5579	4792	0.889
5579	5604	0.859
5579	5879	0.764
4909	4915	0.215
4914	1398	0.466
4914	5598	0.489
4914	2885	0.707
4914	3667	0.692
4914	5290	0.576
4914	5335	0.576
4914	6464	0.639
4914	9743	0.574
3164	581	0.468
3164	596	0.593
0	0	0
5933	898	0.883
5933	7027	1
4839	6774	0.817
5295	5290	0.948
5295	6654	0.829
5295	5291	0.933
9564	2889	0.572
9564	1398	0.632
1029	1869	0.728
1029	4193	0.903
1029	5290	0.541
1029	5925	0.785
1030	1021	0.863
1031	1019	0.761
2909	29984	0.692
2909	0	0
5375	2776	1
5375	2776	1
5375	2931	0.076
5375	2931	0.076
1026	10097	0.553
1026	10096	0.53
1026	890	0.853
1026	898	0.892
1026	983	0.713
1026	1017	0.892
1026	1017	0.892
1026	1019	0.895
1026	51085	0.886
1026	5544	0.191
1026	5111	0.787
1026	5313	0.531
5715	1017	0.821
2033	4286	0.67
2033	3164	0.901
2033	7157	0.79
1432	1386	0.798
1432	0	0
1432	1050	1
1432	3725	0.734
1432	2002	1
1432	5601	0.803
1432	9261	0.871
1432	4205	0.858
1432	5604	0.797
1432	5605	0.651
1432	8569	1
1432	9252	0.881
1432	4772	0.835
1432	8874	0.461
1432	8550	0.881
1432	5925	0.705
1432	9612	0.664
1432	6667	0.741
1432	6772	0.801
1432	4207	0
1432	79092	0.6
1432	9373	1
1432	2872	0.689
1432	1649	0.741
1432	7867	0.889
1432	7020	0.78
1432	8986	0.816
8874	207	0.486
8874	392	0.413
8874	998	0.673
8874	4792	0.553
8874	2033	0.415
8874	55566	0
8874	5970	0.537
7157	472	0.696
7157	578	0.577
7157	581	0.69
7157	596	0.702
7157	598	0.821
7157	637	0.591
7157	638	0
7157	1017	0.829
7157	355	0.638
7157	1647	0.676
7157	4193	0.871
7157	1029	0.927
7157	1026	0.801
7157	84172	0.787
7157	7314	0.689
7157	665	0.615
7157	666	0.702
7157	5366	0.702
7157	27113	0.614
4688	5879	0.542
6198	572	0.874
6198	1390	1
6198	2932	0.827
6198	6194	0.713
6198	5704	0.803
6198	29904	0.852
6198	0	0
7161	5544	0.191
7161	27113	0.693
6196	472	0.644
6196	545	0.7
6196	572	0.745
6196	572	0.745
6196	1385	0.772
6196	4661	1
6196	29904	0.745
26986	1981	0.624
5054	5327	0.691
5058	25	0.579
5058	10097	0.572
5058	10096	0.526
5058	572	0.473
5058	6416	1
5058	3984	0.636
5058	5604	0.581
5058	4214	1
5058	4638	0.564
5058	103910	0.405
5058	8874	0.662
5058	5894	0.604
5058	387	0.645
5058	6853	0.443
5062	4214	1
5074	2782	0.432
5074	2768	0.342
5074	10672	0.322
5074	2792	0.324
142	4790	0.768
142	9131	0.642
2324	27124	0.355
5111	1019	0.76
5138	820	0.575
5145	0	0
5148	5145	1
5156	808	0.654
5156	5290	0.686
5156	8720	0.438
5156	6772	0.611
5156	6774	0.843
5163	207	0.593
5164	207	0.478
5164	207	0.478
5164	5163	0.885
5164	50818	0
27043	1234	0.478
27043	7852	0.505
27043	5595	0.606
27043	0	0
27043	6714	0.511
5187	406	0.621
5187	406	0.621
5187	9575	0.784
5187	54205	0.784
5187	1195	0
9451	1965	0.655
9451	1965	0.655
5216	71	0.822
10891	2099	0.682
10891	10011	0.564
5290	207	0.717
5290	207	0.717
5290	10575	0.569
5290	998	0.568
5290	5598	0.613
5290	51341	0
5290	6517	0.622
5290	5604	0.64
5290	4790	0.637
5290	1432	0.591
5290	27124	0.701
5290	2185	0.531
5290	5879	0.638
5290	7409	0.879
5290	3611	0.589
5290	0	0
5290	0	0
5290	10000	0.7
5294	2185	0.57
5294	5829	0.646
8394	2934	0.522
8394	27124	0.65
27124	196	0.71
27124	1234	0.597
27124	1605	0.465
27124	1040	0.465
27124	5595	0.516
27124	2934	0.463
27124	2690	0.318
27124	808	0.499
27124	4790	0.724
27124	5163	0.503
27124	3632	0.325
27124	3632	0.325
27124	50818	0
27124	6502	0.673
3632	207	0.489
3632	9181	0.377
3632	5163	0.226
3632	27124	0.325
5567	572	0.579
5567	824	0.586
5567	51085	0.743
5567	1385	0.6
5567	1390	0.661
5567	84152	1
5567	4772	0.737
5567	1026	0.759
5567	5524	0.667
5567	6608	0.566
50818	596	0
50818	0	0
50818	23523	0
50818	5535	0
50818	50820	0
50818	1605	0
50818	1956	0
50818	1977	0
50818	1981	0
50818	1981	0
50818	2002	0
50818	0	0
50818	2931	0
50818	3672	0
50818	4082	0
50818	4790	0
50818	4842	0
50818	6198	0
50818	2185	0
50818	5883	0
50818	5894	0
50818	5879	0
50818	8720	0
50818	5704	0
50818	8877	0
50818	5587	0
50818	5589	0
50818	10235	0
50818	6548	0
5578	25	0.824
5578	596	0.736
5578	1977	0.73
5578	2931	0.617
5578	3667	0.801
5578	4082	0.591
5578	2911	0.509
5578	4842	0.739
5578	23236	0.84
5578	5728	0.732
5578	5894	0.82
5578	108	0.657
5578	111	0.459
5578	118	0.693
5578	2890	0.505
5578	156	0.752
5578	94274	0
5578	1716	0.665
5578	1759	1
5578	23114	0.618
5578	2554	0.462
5578	2596	0.458
5578	2741	0.646
5578	2897	0.474
5578	775	0.656
5578	4133	0.437
5578	4155	0
5578	2917	0.52
5578	282378	0
5578	2903	0.494
5578	774	1
5578	9373	1
5578	490	0.587
5578	10125	0.704
5578	25780	0.462
5578	6616	0.65
5585	94274	0
5610	1965	0.75
5610	1965	0.75
5610	7099	0.662
3936	2243	0.615
23236	1605	0.583
23236	808	0.713
23236	27124	0.63
23236	0	0
23236	0	0
5335	0	0
5335	1605	0.662
5335	1973	0.571
5335	808	0.619
5335	5290	0.711
5335	27124	0.834
5335	50818	0
5335	0	0
5335	0	0
5335	0	0
5340	3936	0.62
5347	4661	1
1263	995	0.778
1263	7157	0.77
23647	317	0.524
5464	572	0.667
5524	207	0.673
5524	324	0.532
5524	8312	0.66
5524	8312	0.66
5524	572	0.533
5524	51085	0.731
5524	84152	0.784
5524	10682	0.465
5524	6416	0.784
5524	5609	0.712
5524	5728	0.597
5524	4137	0.484
5524	408	0.623
5495	84152	1
8125	317	0.563
8125	836	0.831
5465	3320	0.521
5465	4792	0.618
5465	5601	0.769
5465	9612	0.751
5465	6714	0.498
8550	3315	0.652
5551	1017	0.429
5663	1499	0.653
5663	7314	0.534
5726	983	0.348
5728	5747	0.57
5728	5290	0.694
5728	27124	0.688
5728	3632	0.536
5728	0	0
2185	1956	0.585
2185	2309	0.575
2185	2885	0.623
2185	5599	0.547
2185	4205	0.572
2185	5606	0.492
2185	1432	0.593
2185	5879	0.582
2185	6464	0.531
2185	6714	0.573
2185	7248	0.64
2185	3737	0.426
5829	1398	0.615
5829	2534	0.596
5829	9564	0.81
5829	7094	0.743
5829	3611	0.728
5888	675	0.784
5883	596	0.593
5883	598	0.653
5894	572	0.849
5894	11184	0.529
5894	5604	0.805
5894	5605	0.711
8738	835	0.957
5898	10928	0.384
10928	207	0.619
10928	998	0.539
10928	998	0.539
10928	5879	0.652
5900	5898	0.468
5903	5901	0.809
5906	673	0.698
5908	5595	0.657
5908	5879	0.785
5908	29984	0.649
5914	1499	0.518
5879	317	0.634
5879	5595	0.751
5879	5594	0.74
5879	0	0
5879	4214	1
5879	4293	0.643
5879	56259	0.542
5879	4790	0.575
5879	1432	0.654
5879	4688	0.542
5879	5058	0.561
5879	5290	0.638
5879	5894	0.7
5879	5900	1
5879	6714	0.743
5879	7430	0.722
5879	673	0.638
5879	369	0.643
5879	5291	0.639
5923	207	0.664
5923	5879	0.589
5923	4893	0.532
5925	890	0.786
5925	891	0.723
5925	898	0.776
5925	7027	1
5925	1869	0.887
5925	4800	0.857
5925	84172	0.733
5970	3576	0.234
5649	7804	0.311
5649	3688	0.361
5649	7436	0.333
29984	1729	0.305
29984	6093	0.75
29984	280979	0
387	5747	0.579
387	0	0
387	4792	0.588
387	5599	0.438
387	1729	0.305
387	50818	0
387	5829	0.687
387	9475	0.436
387	280979	0
387	5589	0.427
0	0	0
10160	10672	0.44
10160	5585	0.625
10160	5585	0.625
10160	387	0.518
8737	9020	1
8737	142	0.545
8737	4215	1
8737	8476	0.332
9978	4088	0.686
6093	3984	0.673
6093	23209	0.616
6093	4638	0.706
6093	4660	0.679
6093	103910	0.511
6093	4542	0.631
6093	1488	0.363
6093	2623	0.415
9475	3984	0.645
9475	4660	0.51
9475	103910	0.595
9475	94274	0
9475	1808	0.624
9475	832	0.693
6098	2309	0.234
6197	572	0.709
6197	1385	0.741
6197	2353	0.769
6197	8290	0.65
55811	51761	0.534
6295	29984	1
56681	4087	0.266
56681	7046	0.1
6387	175	0.548
6387	2776	0.437
6387	2792	0.187
462	2147	0.868
462	2152	0.818
6464	5595	0.528
6464	2885	0.722
6464	5290	0.846
6464	5879	0.639
6464	6654	0.929
6464	3635	1
5777	3716	0.73
5777	3717	0.742
5777	6464	0.551
5777	6776	0.681
5777	7409	0.579
5777	367	0.736
5777	3937	1
5777	6778	0.813
5777	1500	0.809
5777	3815	0.484
5781	2549	1
5781	2885	0.761
5781	5604	0.736
5781	5290	0.7
5781	5829	0.65
5781	5829	0.65
5781	10252	0.725
5781	9846	0.822
25942	0	0
51763	50818	0
6500	4088	0.686
6500	4851	0.584
6500	2059	0.565
6500	4855	0.582
6500	6929	0.675
4088	9734	0.851
4088	4089	0.897
4089	993	0.746
4089	10140	0.81
4089	51176	0.834
4089	367	0.835
4089	2059	0.498
4089	126961	0
4089	5430	0.688
4090	1386	0.688
4091	4086	0.84
4092	4087	0.746
4092	4088	0.762
6608	2735	0.669
6608	2736	0.91
6608	2737	0.722
6608	4088	0.583
6608	6667	0.498
6608	10499	0.63
6608	1855	0.631
6608	1308	0.513
6608	5899	0.646
6609	581	0.449
6609	4214	0.408
6609	1329	0.716
6610	6609	0.158
9612	2099	0.791
9612	2100	0.764
9612	5241	1
6615	999	0.429
6615	1588	0.53
6647	0	0
9530	7132	0.494
9530	8717	0.677
9530	1796	0.868
9530	10657	0.694
9530	1646	0
9530	3691	0.491
9530	3815	0.647
9530	6934	0.655
6654	92170	0.396
6654	5879	0.638
6654	4893	0.597
6655	8874	1
6655	8874	1
6670	6667	1
8877	8720	0.481
10252	867	0.892
10252	1950	0.278
10252	9628	0.892
10252	2885	0.685
10252	5787	0.409
6714	2889	0.701
6714	867	0.76
6714	1956	0.675
6714	5747	0.565
6714	3716	0.643
6714	5604	0.872
6714	9564	0.664
6714	2909	0.628
6714	5335	0.68
6714	2185	0.573
6714	5829	0.64
6714	5879	0.743
6714	387	0.658
6714	6464	0.689
6714	25942	0.595
6714	6774	0.763
6714	6850	0.704
6714	7410	1
6714	156	0.726
6714	156	0.726
6714	2017	0.616
6714	1759	1
6714	2554	0.473
6714	28964	0.553
6714	2741	0.658
6714	775	0.633
6714	4593	0.324
6714	2903	0.496
6714	10657	0.529
6714	6712	0.553
6714	10188	0.757
6714	10000	0.781
6714	50807	0
6714	858	0.719
6714	2059	0.618
6714	9846	0.738
6714	28996	0.616
6714	3815	0.661
6714	5359	0.758
6714	10044	0
6714	6934	0.581
6722	2626	0.792
6772	10379	0.846
6773	10379	0.886
6774	2588	0.416
6774	148022	0.663
6774	6772	0.817
51684	1499	0.445
51684	6608	0.604
51684	6935	1
51684	1856	0.742
51684	3691	0.361
51684	3815	0.465
51684	5037	0.693
7341	1487	0.656
6850	29760	0.809
6850	27040	0.575
6850	5335	0.691
6850	6464	0.861
6850	7409	0.842
6850	203068	0.538
6850	5336	0.771
6850	3937	1
10454	5606	0.69
10454	9020	1
10454	51701	0.849
10454	1432	0.825
10454	6885	0.917
23118	6885	0.748
6885	5599	0.821
6885	6416	1
6885	5604	0.711
6885	5606	0.697
6885	5608	0.755
6885	5609	0.852
6885	9020	1
6885	51701	0.821
6885	6608	0.606
6885	10454	0.917
6885	10000	0.759
6885	28996	0.786
2783	0	0
6909	1029	1
7015	5728	0.419
7015	5728	0.419
7031	317	0
7031	2688	0
7031	3688	0
7032	317	1
7032	2688	0.343
7032	3688	1
7040	7046	0.39
7046	4087	0.349
7046	4088	0.438
7046	6885	0.34
7046	7048	0.745
7046	960	0.487
7046	2022	0.508
7046	2339	0.366
7046	5520	0.293
7048	10454	0.468
7048	7046	0.745
7048	7049	0.586
7048	23002	0.685
7048	8668	0.451
7048	2022	0.637
7049	7040	0.639
9093	3551	0.677
9093	3717	0.732
10499	367	1
7124	7132	0.834
7124	7133	1
7132	6416	0.429
7132	8717	0.543
7133	7186	0.328
8658	5728	0.512
8717	8772	0.85
8717	8737	0.897
8717	7186	0.814
7186	4217	0.582
7186	4217	0.582
7186	60489	0.69
7186	4792	0.774
7186	4023	0.171
7186	5604	0.63
7186	9525	0.586
7186	9525	0.586
7186	4790	0.681
7186	7157	0.523
7186	6885	0.643
7186	330	0.72
7186	29843	0.33
7189	51295	0.698
7189	1147	0.839
7189	5606	0.623
7189	4214	1
7189	10454	0.739
7189	23118	0.728
7189	6885	0.736
7204	5879	1
7001	8841	0.528
7248	6097	0.358
7249	7248	0.794
7249	54386	0.696
7275	2776	1
7291	1029	1
2793	5145	0.724
2793	2783	0.428
7297	6772	0.727
7297	6773	0.74
7297	6775	1
7314	581	0.633
7314	5694	0.746
7314	1629	0.523
7314	4040	0.564
7314	5715	0.649
7409	207	0.737
7409	5879	0.638
7409	29984	1
7409	387	0.576
7410	207	1
7410	392	1
7410	998	1
7410	5879	1
7422	3091	0.539
3791	207	0.621
3791	207	0.621
3791	5747	0.493
3791	5290	0.566
3791	5335	0.567
3791	6464	0.602
7434	820	0.35
8936	317	0.519
8936	10095	0.618
10163	317	0.756
10810	317	1
11197	7471	0
7471	8321	0.597
7471	8321	0.597
7471	3691	0.466
9049	196	0.812
9049	317	0.647
9049	3320	0.786
7498	0	0
331	332	0.662
331	836	0.839
331	840	0.952
331	842	0.782
331	842	0.782
331	1111	0.698
331	56616	0.66
331	5599	0.908
331	10454	0.928
331	6885	0.852
331	150684	0.789
7535	22915	0.279
7535	7410	1
7535	203068	0.518
7535	3937	1
6935	999	0.429
134	2773	0.523
134	0	0
135	0	0
135	0	0
8	5578	0
107	820	0.636
108	820	0.455
111	820	0.365
2261	1139	0.697
2261	1128	0.668
2261	1129	0.824
2261	1132	1
162	1211	0.722
162	1759	0.283
162	2554	0.301
0	134	0
0	135	0
952	0	0
148	2776	0.611
148	2767	0.611
148	0	0
150	2773	0.622
150	2775	0.653
150	0	0
1139	0	0
29091	6616	0
29091	6809	0
2890	0	0
0	1268	0
0	1269	0
64682	1499	0.425
57448	842	0.419
57448	56616	0.522
57448	27429	0.682
10603	867	0.938
10603	7410	1
55738	0	0
10564	0	0
9266	0	0
10095	280979	0
9532	596	0
9532	5894	0
10134	596	0.73
10134	598	0.59
10134	841	0.696
156	185	0.642
156	154	0.631
156	2776	0.709
156	1813	0.579
156	1129	0.655
156	4988	0.679
156	11318	0
156	367	0.565
627	4915	0.24
408	185	0.458
408	4217	0.532
408	154	0.641
408	8215	0
408	8321	0.61
408	175	0.539
408	4792	0.784
408	3667	0.787
408	5604	0.733
408	1432	0.689
408	5290	0.658
408	5894	0.769
408	387	0.548
408	6714	0.732
408	4988	0.661
408	2150	0.643
408	5144	0.566
408	367	0.682
408	5602	0.771
408	5602	0.771
408	64414	0
10018	578	0.625
10018	581	0.668
10018	596	0.59
10018	598	0.765
10018	599	0.434
10018	4170	0.749
3309	0	0
623	2776	0.628
623	2767	0.628
623	2773	0.588
623	0	0
0	623	0
673	11184	0.529
673	5604	0.64
673	5605	0.55
0	6261	0
9478	815	0.596
0	572	0
0	1385	0
0	84152	0
0	3708	0
0	4772	0
0	4842	0
0	4137	0
0	814	0
0	2554	0
0	5502	0
0	775	0
0	4133	0
0	2903	0
0	84867	0
0	6853	0
0	203068	0
801	3708	0
801	4082	0
801	4638	0
801	4842	0
801	23236	0
801	5923	0
801	107	0
801	118	0
801	9495	0
801	156	0
801	0	0
801	815	0
801	814	0
801	10645	0
801	1813	0
801	1612	0
801	29904	0
801	8826	0
801	2917	0
801	10497	0
801	2903	0
801	27360	0
801	5136	0
801	5153	0
801	5137	0
801	490	0
801	5864	0
801	4893	0
801	53827	0
801	6014	0
801	9610	0
801	6261	0
801	6712	0
801	9218	0
815	1385	0.722
815	4842	0.64
815	5923	0.648
815	6885	0.784
815	2890	0.586
815	3751	0.495
815	4133	0.437
815	774	1
815	5527	0.597
815	22895	0.586
815	9743	1
815	6261	0.638
815	1739	0.643
815	84687	0.72
815	6853	0.586
815	6857	0.713
815	8831	0.562
815	6809	0.521
815	7074	0.511
815	9846	0.754
814	1385	0.773
814	1390	1
814	4842	0.542
814	6853	0.556
10645	207	0.678
10645	8536	0
10645	814	0.502
9647	8536	0
9647	815	0.519
9647	814	0.469
11069	22999	0.702
10156	4893	0.383
53944	4772	0
53944	4137	0
53944	286	0
53944	1855	0
53944	5055	0
53944	490	0
53944	6809	0
53944	10716	0
857	2534	0.714
1268	2773	0.523
1268	2775	0.783
1268	0	0
1269	2773	0.523
1269	2775	0.783
1269	0	0
868	1398	0.836
868	1956	0.642
868	2534	0.815
868	2885	0.858
868	3932	0.699
868	5290	0.809
868	6464	0.834
868	6714	0.782
868	7410	1
868	9846	0.929
64781	5894	0.517
0	5578	0
0	64781	0
0	5501	0
0	5527	0
0	5138	0
0	5139	0
0	5140	0
0	5593	0
0	6855	0
330	836	0.839
330	840	0.952
330	841	0.725
330	56616	0.66
330	8915	0.685
1072	280979	0
1277	3688	0.28
94274	4660	0
1808	203068	0.728
80331	0	0
80331	774	1
1329	317	0.684
1812	2773	0.523
1812	0	0
1812	0	0
1813	2773	0.505
1813	2775	0.64
1813	2781	0.492
1813	0	0
1814	2885	0.495
1814	2773	0.523
1814	2775	0.783
1814	0	0
1612	6809	0.466
0	317	0
1636	0	0
1716	1605	0.343
1855	8312	0.755
1855	2149	0.59
8448	10497	0
1796	5921	0.793
4985	2773	0.54
4985	2775	0.769
4985	0	0
1859	1965	0.342
1859	4137	0.517
1859	7321	0.618
29904	1938	0.613
23362	0	0
8669	1982	0.772
6456	1601	0.657
6456	1856	0.713
6456	3815	0.559
6456	5037	0.583
5179	4985	0.235
5179	4986	0.271
5179	4988	0.235
5179	4987	0.235
1948	1796	0.317
1948	5921	0.475
0	1948	0
55914	4088	0.596
2241	1499	0.679
2335	3688	0.375
3350	2773	0.523
3350	0	0
3350	2781	0.531
3350	0	0
3356	2776	1
3356	0	0
3360	0	0
3360	0	0
11146	0	0
8637	1977	0.596
0	2550	0
2554	0	0
2550	2775	0.728
2550	0	0
10287	2776	0.786
2773	108	0.699
2773	111	0.519
0	107	0
0	108	0
0	111	0
2781	107	0.714
2781	111	0.52
6507	0	0
0	3667	0
0	5290	0
0	23236	0
0	107	0
0	108	0
0	156	0
0	3760	0
0	3736	0
0	774	0
0	773	0
0	5921	0
0	6809	0
2668	5947	0.191
3760	0	0
9229	4842	0.643
0	2911	0
0	2890	0
0	2897	0
0	2917	0
0	2903	0
0	2741	0
0	2903	0
6536	0	0
2887	5290	0.866
9743	207	1
9743	392	1
9743	998	1
3055	5335	0.589
3055	2005	0.52
3055	2697	0.563
3055	5801	0.141
3208	4671	0
9455	6261	0.63
5502	5501	0
3611	207	0.715
3611	2931	0.543
3611	94274	0
3611	10000	0.69
5055	5501	0.311
0	3708	0
8826	4893	0.53
8660	5295	0.829
8660	5290	0.879
8660	5296	1
9479	5599	0.784
9479	6416	0.784
9479	5609	1
9479	1432	1
9479	5923	0.784
9479	8788	0.171
9479	4294	1
9479	7074	0.784
0	0	0
3761	0	0
3766	0	0
4986	2773	0.528
4986	2775	0.692
4986	0	0
10256	5894	0.66
3736	0	0
3737	0	0
3739	0	0
3750	0	0
3751	0	0
3897	7430	0.53
23365	392	0.957
51176	4286	0.703
28992	8321	0.506
775	0	0
1128	2776	0.557
1128	2767	0.557
1128	0	0
1129	2773	0.523
1129	2775	0.783
1129	0	0
1132	1917	0
1132	2773	1
1132	0	0
10746	5594	0.647
10746	6416	0.784
10746	5609	0.957
10746	60675	0.234
10746	5607	0
8491	1432	0
50488	1432	0.879
10746	6416	0.784
4215	6416	1
4215	5609	1
4215	8491	0
4215	5607	0
4216	6416	0.784
4216	5609	1
4216	8491	0
4216	50488	1
2917	2773	0.529
2917	2775	0.505
2917	0	0
11221	5599	0.822
11221	5600	0.693
11221	5603	0.784
11221	5601	0.693
11221	1432	0.802
11221	5602	0.782
11221	6300	0.879
4294	6416	0.784
4294	5609	1
4294	1742	1
4294	6416	0.784
79092	1977	0.614
4988	2773	0.587
4988	2775	0.62
4988	0	0
8649	5594	0.56
8649	11184	0.192
10497	6809	0.577
25924	815	0.567
2035	2890	0.539
4671	836	0.579
4671	840	0.604
4671	842	0.495
85407	8215	0
85407	8321	0.546
4690	25	0.712
4690	5058	0.589
4690	8976	0.689
1991	154	0.528
1991	148	0.417
1991	150	0.539
4763	4893	0.536
2903	0	0
2903	5335	0.604
2903	1741	0.6
0	2983	0
4987	2773	0.523
4987	2775	0.783
4987	0	0
9518	2064	0.239
774	0	0
7533	572	0.578
7533	3667	0.702
7533	4772	0.601
7533	5894	0.731
7533	673	0.678
7533	1072	0.622
7533	2308	0.633
7533	7158	0.546
7533	9610	0.678
0	23236	0
0	5501	0
0	30011	0
5828	5724	0.528
5724	2776	0.538
5724	2773	0.608
5724	2775	0.665
5724	0	0
2150	2776	0.608
2150	0	0
8850	367	0.768
5136	0	0
5153	0	0
5137	0	0
5139	820	1
5140	820	0.537
5141	820	0.553
5142	820	0.486
5143	820	0.72
5144	820	0.44
8654	0	0
5154	5159	0.429
5159	5335	0.646
5159	5781	0.583
5159	10603	0.669
29943	0	0
5170	207	0.878
5170	6198	0.763
5170	6196	0.822
5170	50818	0
5170	5578	0.821
5170	6195	0.844
5170	10000	0.801
5170	5590	0.631
9693	54386	0.477
9693	5911	0.366
2983	0	0
9463	2917	0.726
5300	3725	0.825
5300	1499	0.436
0	207	0
0	836	0
0	841	0
0	842	0
0	1605	0
0	2934	0
0	8936	0
0	9266	0
0	156	0
0	1759	0
0	3760	0
0	490	0
0	22895	0
0	6261	0
0	207	0
0	5578	0
0	7410	0
0	9266	0
0	3611	0
0	5170	0
0	30011	0
5305	0	0
5566	154	0.453
5566	572	0.498
5566	1387	0.558
5566	1385	0.466
5566	84152	1
5566	3708	0.566
5566	4772	0.535
5566	4790	0.639
5566	4842	0.595
5566	1432	0.683
5566	23236	0.672
5566	5335	0.548
5566	5894	0.562
5566	5894	0.562
5566	5906	0.646
5566	6714	0.633
5566	4137	0.562
5566	118	0.598
5566	2890	0.434
5566	2668	0.444
5566	673	0.48
5566	10645	0.454
5566	1812	0.335
5566	2316	0.712
5566	2554	0.335
5566	2741	0.521
5566	5502	0
5566	2897	0.355
5566	3761	0.376
5566	3751	0.33
5566	775	0.58
5566	4133	0.758
5566	2917	0.414
5566	8428	0.687
5566	2903	0.383
5566	5139	1
5566	5140	0.657
5566	5144	0.673
5566	8654	0.503
5566	490	0.543
5566	773	0.605
5566	22895	0.556
5566	54386	0.573
5566	22999	0.314
5566	23557	0.539
5566	84687	0.494
5566	84867	0.576
5566	6853	0.556
5566	64414	0
5566	5256	1
5587	7533	0.739
5587	9846	0.884
5593	1385	0.413
5593	4842	1
5593	952	0.191
5593	2917	0.729
5593	8654	1
5569	5566	0
10887	1965	0.529
9373	8	0
490	0	0
5501	596	0.706
5501	1385	0.603
5501	815	0.68
5501	1072	0.657
5501	2903	0.338
5527	207	0.617
5527	572	0.538
5527	596	0.585
5527	8536	0
5527	1385	0.7
5527	2931	0.487
5527	9564	0.446
5527	814	0.625
5527	1072	0.445
5527	775	0.433
5527	4744	0.486
5527	2903	0.295
5494	8312	0.69
5494	572	0.661
5536	4137	0.549
773	0	0
3276	10657	0.631
832	280979	0
832	0	0
1742	4130	0.688
5770	3643	0.587
5786	2534	0.492
5786	3932	0.647
5786	6714	0.559
2664	5864	0.366
22895	5864	0.52
23613	2534	0.704
54386	5894	0.593
54386	5900	0.784
54386	673	0.414
5909	5906	0.63
5909	54386	0.395
5911	5900	0.541
5911	4893	0.504
4893	5290	0.496
4893	5894	0.506
4893	5900	0.356
4893	673	0.597
4893	4296	0.524
5921	207	0.72
5921	5879	0.538
5921	4893	0.378
10125	4893	0.751
25780	54386	0.273
25780	4893	0.649
5947	2885	1
5947	6464	1
5997	2776	0.718
5997	2767	0.718
5997	2773	0.658
5999	2776	0.716
6009	5894	0.627
22999	10497	0.687
22999	7533	0.475
22999	5864	0.448
22999	22895	0.376
22999	6616	0.654
22999	6857	0.469
9610	4893	0.611
6195	572	0.746
6195	1385	0.793
6195	9978	0.656
6195	29904	0.815
6195	0	0
777	0	0
6261	0	0
0	5704	0
0	6729	0
10657	1387	0.653
1739	2897	0.456
11231	3309	0.677
11231	0	0
0	3350	0
0	3358	0
0	3356	0
0	3360	0
50944	8874	0.513
30011	3717	0.657
30011	10252	1
30011	89	0.491
30011	5947	1
6478	7410	1
10572	598	0.757
6616	774	1
23557	111	0.286
23557	6616	0.542
0	6507	0
0	3760	0
6717	6261	0.844
6494	54386	0.692
84687	5501	0.608
6729	0	0
6729	6734	0.459
6734	0	0
0	6751	0
0	6752	0
6751	2773	0.523
6751	2775	0.783
6751	0	0
6752	2773	0.523
6752	2775	0.783
6752	0	0
6752	30011	0.744
84867	5594	0.343
84867	8520	0.215
84867	11143	0.157
9900	6857	0.585
6853	280979	0
6853	2781	0.624
6857	775	0.478
6857	777	1
6857	6809	0.602
8831	4893	0.383
9751	6809	0.565
6809	3736	0.416
6809	774	0.634
0	6850	0
6932	6722	0.81
6932	51176	0.803
7454	10097	0.776
7454	1268	0.267
7074	207	0.541
4915	2534	0.355
4915	3667	0.448
4915	6464	0.499
4915	8660	0.409
5644	2150	0.216
203068	1759	1
7408	280979	0
7417	578	0.601
7417	578	0.601
7417	581	0.642
7417	1329	0.861
7448	3688	0.52
7443	1386	0.844
7475	8321	0.509
7475	28992	0.502
2872	1977	0.415
9611	2099	0.762
9611	5241	1
11318	408	0
43	317	0.375
43	1329	0.365
10188	7094	0.604
10188	7414	0.443
10188	4168	0.472
10000	572	0.688
10000	572	0.688
10000	581	0.6
10000	842	0.583
10000	2931	0.597
10000	7248	0.604
10000	331	0.845
10000	2308	0.835
10000	5140	0.758
51074	317	1
367	2770	0.53
367	2767	0.526
367	6772	0.804
367	2308	0.838
367	50807	0
367	4486	0.34
367	7329	0.86
369	5604	0.314
369	5605	0.643
369	7337	0.314
9459	207	0.649
9459	998	0.546
9459	5058	0.557
5414	331	0.789
50807	1029	0
50807	367	0
29108	581	0.661
57099	317	0.403
10017	581	0.748
23786	1329	0.602
599	572	0.641
599	578	0.618
599	581	0.546
599	637	0.736
599	638	0
599	10018	0.434
613	6850	0.588
51283	841	0.315
7009	581	0.672
90427	596	0.626
90427	598	0.663
90427	599	0.521
90427	4170	0.692
664	596	0.826
664	598	0.804
665	596	0.844
665	598	0.69
666	1329	0.78
9970	0	0
9970	5604	0.693
9970	156	0.619
9970	6646	0.525
1513	581	0.379
25776	1499	0.337
930	5295	0.533
930	7409	0.621
940	916	0.871
961	664	0.294
9350	7471	0.584
3880	842	0.392
1119	8312	1
1119	1499	1
1119	8215	0
4963	637	0
1195	5187	0
4934	572	0
4934	4772	0
10524	4851	0.607
10524	367	0.796
10524	351	0.416
10524	28514	0.221
10524	3714	0.228
10524	4853	0.575
10524	4854	0.619
10524	4855	0.615
84876	0	0
1410	581	0.597
1410	598	0.663
1410	836	0.703
1493	916	0.743
5478	9131	0.549
10870	5290	0.584
10870	5335	0.615
10870	7409	0.738
10870	3937	0.422
190	2099	0.867
190	7471	0.614
8771	356	1
22861	317	0.663
22861	842	0.729
11315	581	0.707
10294	581	0.518
140735	90427	0.81
7786	6416	1
7786	5609	0.738
1400	581	0.453
2100	2099	0.697
2065	5295	0.539
5783	841	0.671
5783	8772	0.537
2247	2263	0.284
2247	6383	0.169
2263	5335	0.659
2263	6464	0.59
2263	10818	0.753
2263	6646	0.597
9994	841	0.722
6422	8321	0.606
6422	7471	0.693
10818	2885	0.697
10818	5781	0.498
1	23368	0.225
2778	427	0.45
6540	5148	0.63
629	427	0.481
629	427	0.481
629	1956	0.557
629	5290	0.391
629	5879	0.553
629	156	0.498
629	1839	0.773
629	3339	0.76
23092	29984	0.666
9265	1029	0.504
1839	1956	0.503
3094	5894	0.708
8739	596	1
8739	598	1
8739	599	0.592
8739	4170	1
3329	836	0.58
3329	839	0.488
3303	9131	0
6383	2247	0.169
6383	2263	0.536
83696	6850	0
3802	5777	0.344
56998	1499	0.503
80319	8215	0
3440	3454	0.235
3454	3716	0.319
3454	7297	0.315
9641	3661	0.91
3596	3597	0.193
3596	3598	1
3597	3717	0.431
3597	7297	0.309
3597	3566	0.676
3598	3566	0.196
3561	3718	0.356
3566	3716	0.215
3566	3597	0.676
3566	3561	0.636
3570	3716	0.291
55437	331	1
4188	3172	1
3630	3643	0.399
51135	7189	0.728
11213	3654	0.723
11213	51135	0.599
3702	5335	1
3718	3716	1
5602	1386	0.777
5602	3725	0.681
5602	4772	0.856
5602	7157	0.793
5602	6464	0.794
5602	319	0.235
2547	581	0.662
607	1499	0.817
79444	836	0.766
79444	840	0.879
79444	842	0.628
4018	9170	0.212
4035	8312	0.516
4035	8321	0.63
4035	7471	0.496
9175	6416	0.623
9175	5609	0.451
1845	5599	0.819
1845	5601	0.732
1845	5602	0.798
64112	581	0.655
64112	596	0.775
64112	598	0.779
7867	3315	0.691
4170	578	0.737
4170	581	0.866
4170	10018	0.749
4170	1329	0.61
4170	666	0.836
7020	3725	0.712
5607	5598	0
9927	578	0.825
9927	581	0.658
1846	5595	0.628
1846	5594	0.609
1846	5599	0.883
1846	5601	0.769
1846	5602	0.672
1848	5595	0.574
1848	5594	0.606
1852	5595	1
1852	5594	1
4296	6416	0.317
4296	5609	0.364
4342	5604	0
4342	5605	0
8986	1385	0.734
8986	1978	0.957
8986	466	0.792
4836	637	0.589
5366	578	0.779
5366	581	0.68
5366	596	0.774
5366	598	0.794
5366	4170	0.827
10193	57448	0.574
55075	317	0.686
8976	280979	0
27429	331	0.637
27429	57448	0.682
27429	10456	0.672
5291	23368	0.752
5291	54545	0
925	8739	0.275
8503	5291	1
10714	2099	0.69
10714	10011	0.586
23368	5291	0.752
5296	5291	1
1844	5595	0
1844	5594	0
51237	842	0.556
79581	8215	0
64414	820	0
5256	5834	0.784
8554	4089	0.699
8554	6772	0.701
11040	572	0
5590	6198	0.523
5590	5037	0.473
3339	1605	0.745
3339	0	0
3339	0	0
5336	1605	0.582
5241	2099	1
5621	581	0.706
5757	8125	0.266
5757	1329	1
10076	3716	0.353
10076	6772	0.301
10076	7297	0.3
27113	581	0.639
27113	596	0.729
27113	598	0.733
27113	599	0.641
27113	4170	0.784
5834	5837	0.752
26108	607	0
10235	5879	0.638
11331	2099	0.6
5308	2770	0.475
5308	2776	0.489
5308	2778	0.527
8204	2099	0.597
1969	2885	0.508
1969	5335	0.583
1969	6464	0.632
1969	1	0.21
1969	23368	0.604
6259	8215	0
6259	8321	0.644
6296	473	0.218
23013	9611	0.646
23013	10011	0.534
23013	23426	0.277
8431	2099	0.789
6597	1499	0.506
6597	2099	0.704
1154	3643	0.374
1154	3716	0.628
1154	3717	0.569
56848	598	0.518
10011	2099	0.765
10011	10714	0.586
6646	1026	0.543
6646	6772	0.454
29110	3661	0.784
7006	7409	0.692
7006	1796	0.779
23389	2099	0
6097	1978	0.716
6097	6198	0.72
1326	5604	0.617
1326	5605	0.571
55240	665	0.607
7318	7189	0.637
8457	79370	0
54739	331	1
51776	6416	0.784
51776	5609	1
7791	7408	0.774
102	28514	0.496
6868	4851	0.523
83737	6456	0.789
83737	3815	0.605
25898	367	0.774
59343	6934	0.642
667	10048	0.578
667	7472	0.517
960	4088	0.542
960	4089	0.55
960	2059	0.583
1025	126961	0
4435	9846	0.822
1459	1855	0.48
1459	2059	0.458
1213	5781	0.49
1213	7471	0.55
1213	23426	0.509
1213	3636	0.509
10987	4089	0.767
1453	2059	0.551
1454	1855	0
10664	23002	0.431
23002	367	0.562
1601	3398	0.492
1601	3399	0.466
55802	7471	0.531
1999	1855	0.63
1999	1915	1
1999	9846	0.506
5045	4851	0.622
2535	6722	0.519
2535	1855	0.541
2535	1856	0.749
2535	2059	0.481
9846	6464	0.905
9846	5777	0.666
9846	6772	0.605
9846	6774	0.861
9846	7410	1
9846	2887	1
9846	5338	0.638
9846	5921	0.853
9846	634	0.544
9846	2060	0.849
9846	2059	0.498
9846	3875	0.548
9846	9063	0.419
9846	6004	0.957
9846	6777	0.759
9846	6934	0.56
8520	5781	0.661
8520	6774	0.711
8520	2887	0.408
8520	84867	0.215
8520	8290	0.752
8520	5515	0.618
8520	5801	0.239
8520	6929	0.912
8520	7050	1
11143	9978	0.624
11143	4087	0.819
11143	4088	0.772
11143	6774	0.886
11143	2887	0.633
11143	84867	0.157
11143	367	0.854
11143	9541	0.821
11143	5515	0.642
11143	5801	0.171
11143	9712	0.5
11143	10044	0
11143	6929	0.831
11143	7050	1
11143	8462	0
28996	2516	0.854
3815	6772	0.42
3815	6776	0.379
3815	7409	0.637
3815	161742	0.465
3815	200734	0.465
3815	6777	0.46
3955	4851	0.377
3955	4853	0.382
4242	28514	0.619
4242	182	0.619
4242	4853	0.619
9063	4089	0.644
4316	3691	0.45
8650	4851	0.477
56924	367	0
51588	51176	0.781
51588	6934	0.739
23509	4088	0.468
23509	1855	0.439
23509	2887	0.554
23509	4851	0.528
23509	858	0.607
23509	28514	0.413
23509	182	0.589
23509	5076	0.471
23509	5515	0.66
5515	815	0.684
5515	25898	0.666
5580	1601	0.722
5580	3655	0.461
5580	3691	0.555
5582	1601	0.467
5582	1856	0.702
5582	5037	0.311
8643	1796	0
8643	3815	0
5782	5359	0.565
5801	3055	0.141
5801	8520	0.239
5801	11143	0.171
10048	6608	0.54
2963	6608	0.503
2963	5801	0.125
2962	5430	0.834
2962	10048	0.596
2962	7472	0.4
9712	2668	0.235
9712	815	0.684
9712	4131	0.731
9712	25898	0.521
9712	8668	0.488
9712	2059	0.495
9712	4853	0.546
29843	10499	1
2516	51176	0.725
2516	4602	0.846
2516	6934	0.712
57154	4092	0.798
57154	7046	0.416
58533	4155	0
58533	7337	0.741
9021	1857	0.729
57559	8520	0.34
6777	5607	0
7329	367	0.86
7329	7337	0.831
7321	6498	0.883
7322	4087	0.733
7323	4087	0.707
7337	8520	0.691
7337	11143	0.868
8409	8520	0.638
8409	11143	0.713
7472	23509	0.483
8882	29843	0.61
