723	902	0.0497870683679
723	903	0.0497870683679
723	733	0.0497870683679
723	901	0.0497870683679
693	502	0.367879441171
693	650	0.367879441171
1140	1133	0.367879441171
1140	471	0.367879441171
507	22	1.0
429	407	0.135335283237
429	378	0.135335283237
429	1236	0.135335283237
1525	1352	0.367879441171
1525	769	0.367879441171
344	345	0.367879441171
344	377	0.367879441171
345	334	0.0183156388887
345	376	0.0183156388887
345	662	0.0183156388887
345	377	0.0183156388887
345	660	0.0183156388887
346	347	1.0
347	756	6.14421235333e-06
347	22	6.14421235333e-06
347	602	6.14421235333e-06
347	698	6.14421235333e-06
347	447	6.14421235333e-06
347	867	6.14421235333e-06
347	219	6.14421235333e-06
347	74	6.14421235333e-06
347	523	6.14421235333e-06
347	370	6.14421235333e-06
347	515	6.14421235333e-06
347	79	6.14421235333e-06
347	220	6.14421235333e-06
340	91	1.0
341	135	1.0
342	762	0.367879441171
342	73	0.367879441171
343	90	0.367879441171
343	232	0.367879441171
810	164	1.0
811	495	0.367879441171
811	53	0.367879441171
814	928	1.0
815	1015	1.0
816	857	0.135335283237
816	851	0.135335283237
816	852	0.135335283237
1260	60	1.0
739	779	0.367879441171
739	778	0.367879441171
1250	221	1.0
718	523	1.0
717	857	0.367879441171
717	853	0.367879441171
716	857	0.367879441171
716	851	0.367879441171
715	117	1.0
714	1083	0.0497870683679
714	698	0.0497870683679
714	1308	0.0497870683679
714	192	0.0497870683679
713	62	0.000335462627903
713	131	0.000335462627903
713	378	0.000335462627903
713	643	0.000335462627903
713	89	0.000335462627903
713	645	0.000335462627903
713	91	0.000335462627903
713	87	0.000335462627903
713	1258	0.000335462627903
712	465	1.0
711	335	0.135335283237
711	20	0.135335283237
711	28	0.135335283237
710	1465	0.367879441171
710	256	0.367879441171
618	617	1.0
915	379	0.0497870683679
915	429	0.0497870683679
915	911	0.0497870683679
915	912	0.0497870683679
661	1133	1.0
660	377	0.367879441171
660	350	0.367879441171
655	28	0.135335283237
655	374	0.135335283237
655	287	0.135335283237
423	176	0.367879441171
423	188	0.367879441171
1069	890	0.367879441171
1069	953	0.367879441171
1068	1069	1.0
1061	1065	1.0
1060	1444	0.135335283237
1060	1443	0.135335283237
1060	220	0.135335283237
1062	854	0.367879441171
1062	724	0.367879441171
1065	1069	0.135335283237
1065	900	0.135335283237
1065	1029	0.135335283237
1067	1014	1.0
1392	1461	0.367879441171
1392	1460	0.367879441171
913	379	1.0
298	164	0.367879441171
298	530	0.367879441171
299	27	1.0
296	1285	0.000335462627903
296	1317	0.000335462627903
296	632	0.000335462627903
296	582	0.000335462627903
296	21	0.000335462627903
296	579	0.000335462627903
296	40	0.000335462627903
296	1250	0.000335462627903
296	1015	0.000335462627903
297	582	0.00673794699909
297	46	0.00673794699909
297	40	0.00673794699909
297	552	0.00673794699909
297	116	0.00673794699909
297	1010	0.00673794699909
912	482	1.0
1086	57	0.135335283237
1086	56	0.135335283237
1086	801	0.135335283237
1085	724	1.0
595	49	1.0
597	657	0.367879441171
597	610	0.367879441171
1080	370	0.0497870683679
1080	881	0.0497870683679
1080	260	0.0497870683679
1080	602	0.0497870683679
195	445	1.0
197	217	2.78946809287e-10
197	578	2.78946809287e-10
197	602	2.78946809287e-10
197	572	2.78946809287e-10
197	706	2.78946809287e-10
197	552	2.78946809287e-10
197	634	2.78946809287e-10
197	85	2.78946809287e-10
197	697	2.78946809287e-10
197	1190	2.78946809287e-10
197	938	2.78946809287e-10
197	421	2.78946809287e-10
197	1015	2.78946809287e-10
197	632	2.78946809287e-10
197	1313	2.78946809287e-10
197	636	2.78946809287e-10
197	302	2.78946809287e-10
197	447	2.78946809287e-10
197	933	2.78946809287e-10
197	93	2.78946809287e-10
197	482	2.78946809287e-10
197	417	2.78946809287e-10
197	533	2.78946809287e-10
196	197	1.0
190	209	0.367879441171
190	208	0.367879441171
193	421	1.0
270	311	0.0497870683679
270	417	0.0497870683679
270	1283	0.0497870683679
270	530	0.0497870683679
274	633	0.367879441171
274	330	0.367879441171
275	312	0.0497870683679
275	283	0.0497870683679
275	268	0.0497870683679
275	515	0.0497870683679
276	311	1.0
278	277	1.0
279	421	1.0
694	634	0.135335283237
694	635	0.135335283237
694	637	0.135335283237
526	796	1.0
527	666	0.367879441171
527	202	0.367879441171
521	144	0.000123409804087
521	145	0.000123409804087
521	55	0.000123409804087
521	616	0.000123409804087
521	447	0.000123409804087
521	130	0.000123409804087
521	76	0.000123409804087
521	541	0.000123409804087
521	476	0.000123409804087
521	165	0.000123409804087
522	593	1.87952881654e-12
522	1307	1.87952881654e-12
522	559	1.87952881654e-12
522	594	1.87952881654e-12
522	211	1.87952881654e-12
522	572	1.87952881654e-12
522	197	1.87952881654e-12
522	457	1.87952881654e-12
522	209	1.87952881654e-12
522	282	1.87952881654e-12
522	629	1.87952881654e-12
522	409	1.87952881654e-12
522	448	1.87952881654e-12
522	143	1.87952881654e-12
522	560	1.87952881654e-12
522	208	1.87952881654e-12
522	307	1.87952881654e-12
522	74	1.87952881654e-12
522	552	1.87952881654e-12
522	72	1.87952881654e-12
522	71	1.87952881654e-12
522	488	1.87952881654e-12
522	164	1.87952881654e-12
522	985	1.87952881654e-12
522	1285	1.87952881654e-12
522	58	1.87952881654e-12
522	1294	1.87952881654e-12
522	373	1.87952881654e-12
523	883	6.30511676015e-16
523	989	6.30511676015e-16
523	948	6.30511676015e-16
523	551	6.30511676015e-16
523	457	6.30511676015e-16
523	796	6.30511676015e-16
523	834	6.30511676015e-16
523	953	6.30511676015e-16
523	818	6.30511676015e-16
523	737	6.30511676015e-16
523	810	6.30511676015e-16
523	8	6.30511676015e-16
523	917	6.30511676015e-16
523	1017	6.30511676015e-16
523	424	6.30511676015e-16
523	409	6.30511676015e-16
523	991	6.30511676015e-16
523	754	6.30511676015e-16
523	560	6.30511676015e-16
523	208	6.30511676015e-16
523	530	6.30511676015e-16
523	307	6.30511676015e-16
523	1016	6.30511676015e-16
523	58	6.30511676015e-16
523	847	6.30511676015e-16
523	900	6.30511676015e-16
523	907	6.30511676015e-16
523	1045	6.30511676015e-16
523	908	6.30511676015e-16
523	865	6.30511676015e-16
523	855	6.30511676015e-16
523	726	6.30511676015e-16
523	929	6.30511676015e-16
523	722	6.30511676015e-16
523	721	6.30511676015e-16
523	370	6.30511676015e-16
1014	560	0.0183156388887
1014	515	0.0183156388887
1014	761	0.0183156388887
1014	564	0.0183156388887
1014	1255	0.0183156388887
1015	1014	0.135335283237
1015	572	0.135335283237
1015	22	0.135335283237
1016	1014	1.0
1017	1014	0.367879441171
1017	1011	0.367879441171
529	248	1.0
1012	569	0.367879441171
1012	1011	0.367879441171
1013	1014	0.367879441171
1013	564	0.367879441171
1235	376	1.0
1236	602	0.00673794699909
1236	47	0.00673794699909
1236	447	0.00673794699909
1236	133	0.00673794699909
1236	1299	0.00673794699909
1236	484	0.00673794699909
448	219	1.67017007902e-05
448	344	1.67017007902e-05
448	340	1.67017007902e-05
448	352	1.67017007902e-05
448	243	1.67017007902e-05
448	350	1.67017007902e-05
448	234	1.67017007902e-05
448	358	1.67017007902e-05
448	348	1.67017007902e-05
448	94	1.67017007902e-05
448	360	1.67017007902e-05
448	361	1.67017007902e-05
1230	1229	0.367879441171
1230	369	0.367879441171
1233	533	1.0
443	118	0.367879441171
443	97	0.367879441171
441	421	0.0183156388887
441	454	0.0183156388887
441	670	0.0183156388887
441	1229	0.0183156388887
441	369	0.0183156388887
440	201	0.0497870683679
440	541	0.0497870683679
440	190	0.0497870683679
440	488	0.0497870683679
447	414	0.367879441171
447	243	0.367879441171
446	478	1.0
47	797	0.00673794699909
47	133	0.00673794699909
47	1079	0.00673794699909
47	344	0.00673794699909
47	360	0.00673794699909
47	358	0.00673794699909
108	714	1.0
691	270	1.0
588	796	0.00673794699909
588	799	0.00673794699909
588	392	0.00673794699909
588	438	0.00673794699909
588	433	0.00673794699909
588	1000	0.00673794699909
100	574	1.0
101	574	1.0
106	666	0.367879441171
106	664	0.367879441171
107	482	1.0
105	144	0.367879441171
105	368	0.367879441171
902	857	0.135335283237
902	851	0.135335283237
902	852	0.135335283237
903	857	0.135335283237
903	821	0.135335283237
903	851	0.135335283237
39	579	1.0
38	579	0.367879441171
38	578	0.367879441171
420	1268	0.00673794699909
420	378	0.00673794699909
420	406	0.00673794699909
420	405	0.00673794699909
420	448	0.00673794699909
420	482	0.00673794699909
31	695	1.0
37	579	1.0
36	983	0.0497870683679
36	579	0.0497870683679
36	789	0.0497870683679
36	588	0.0497870683679
35	524	0.367879441171
35	531	0.367879441171
1241	91	0.135335283237
1241	89	0.135335283237
1241	87	0.135335283237
640	152	1.0
1243	256	0.135335283237
1243	53	0.135335283237
1243	710	0.135335283237
1242	1187	1.0
645	379	1.67017007902e-05
645	616	1.67017007902e-05
645	1130	1.67017007902e-05
645	454	1.67017007902e-05
645	455	1.67017007902e-05
645	429	1.67017007902e-05
645	378	1.67017007902e-05
645	643	1.67017007902e-05
645	417	1.67017007902e-05
645	1454	1.67017007902e-05
645	420	1.67017007902e-05
645	419	1.67017007902e-05
644	645	1.0
1247	332	1.0
1249	133	1.0
434	379	0.135335283237
434	420	0.135335283237
434	429	0.135335283237
435	208	1.0
432	442	0.0183156388887
432	931	0.0183156388887
432	1298	0.0183156388887
432	438	0.0183156388887
432	431	0.0183156388887
433	931	0.135335283237
433	1298	0.135335283237
433	438	0.135335283237
430	1268	0.00247875217667
430	378	0.00247875217667
430	335	0.00247875217667
430	406	0.00247875217667
430	405	0.00247875217667
430	482	0.00247875217667
430	220	0.00247875217667
431	554	1.0
826	828	1.0
339	337	0.135335283237
339	484	0.135335283237
339	22	0.135335283237
338	50	1.0
335	551	0.0497870683679
335	62	0.0497870683679
335	28	0.0497870683679
335	20	0.0497870683679
334	1129	0.367879441171
334	28	0.367879441171
336	520	1.0
331	202	1.0
333	413	0.367879441171
333	695	0.367879441171
332	801	0.135335283237
332	166	0.135335283237
332	87	0.135335283237
1189	216	1.0
559	59	0.367879441171
559	58	0.367879441171
854	722	0.367879441171
854	720	0.367879441171
856	846	1.0
857	890	1.67017007902e-05
857	1069	1.67017007902e-05
857	997	1.67017007902e-05
857	754	1.67017007902e-05
857	860	1.67017007902e-05
857	953	1.67017007902e-05
857	721	1.67017007902e-05
857	370	1.67017007902e-05
857	720	1.67017007902e-05
857	530	1.67017007902e-05
857	1015	1.67017007902e-05
857	515	1.67017007902e-05
850	270	1.0
851	722	0.367879441171
851	721	0.367879441171
853	722	0.135335283237
853	720	0.135335283237
853	721	0.135335283237
42	579	1.0
858	1019	1.0
540	55	1.0
6	308	0.135335283237
6	648	0.135335283237
6	162	0.135335283237
1162	1153	1.0
547	332	1.0
43	20	1.0
99	574	1.0
98	187	0.367879441171
98	574	0.367879441171
8	146	0.000123409804087
8	559	0.000123409804087
8	558	0.000123409804087
8	121	0.000123409804087
8	698	0.000123409804087
8	956	0.000123409804087
8	378	0.000123409804087
8	471	0.000123409804087
8	489	0.000123409804087
8	815	0.000123409804087
91	88	0.135335283237
91	89	0.135335283237
91	87	0.135335283237
90	988	0.000335462627903
90	585	0.000335462627903
90	46	0.000335462627903
90	1179	0.000335462627903
90	60	0.000335462627903
90	340	0.000335462627903
90	425	0.000335462627903
90	87	0.000335462627903
90	85	0.000335462627903
93	197	0.0183156388887
93	714	0.0183156388887
93	1193	0.0183156388887
93	1161	0.0183156388887
93	1196	0.0183156388887
92	589	1.0
94	216	0.000123409804087
94	154	0.000123409804087
94	211	0.000123409804087
94	1074	0.000123409804087
94	305	0.000123409804087
94	133	0.000123409804087
94	961	0.000123409804087
94	389	0.000123409804087
94	483	0.000123409804087
94	1312	0.000123409804087
97	118	1.0
96	120	0.0183156388887
96	122	0.0183156388887
96	119	0.0183156388887
96	118	0.0183156388887
96	187	0.0183156388887
150	554	0.0183156388887
150	632	0.0183156388887
150	400	0.0183156388887
150	233	0.0183156388887
150	389	0.0183156388887
424	270	0.0183156388887
424	289	0.0183156388887
424	857	0.0183156388887
424	1072	0.0183156388887
424	530	0.0183156388887
1625	1523	1.0
348	358	0.0183156388887
348	448	0.0183156388887
348	522	0.0183156388887
348	575	0.0183156388887
348	360	0.0183156388887
349	448	0.367879441171
349	339	0.367879441171
153	66	1.0
1317	697	0.367879441171
1317	815	0.367879441171
742	154	1.0
743	91	0.135335283237
743	131	0.135335283237
743	1265	0.135335283237
744	93	0.367879441171
744	698	0.367879441171
558	67	1.0
746	745	1.0
747	745	1.0
554	146	0.0183156388887
554	876	0.0183156388887
554	470	0.0183156388887
554	260	0.0183156388887
554	646	0.0183156388887
551	519	0.0183156388887
551	518	0.0183156388887
551	982	0.0183156388887
551	515	0.0183156388887
551	233	0.0183156388887
550	118	1.0
552	891	1.67017007902e-05
552	632	1.67017007902e-05
552	602	1.67017007902e-05
552	302	1.67017007902e-05
552	572	1.67017007902e-05
552	197	1.67017007902e-05
552	419	1.67017007902e-05
552	414	1.67017007902e-05
552	378	1.67017007902e-05
552	688	1.67017007902e-05
552	249	1.67017007902e-05
552	482	1.67017007902e-05
238	237	1.0
234	618	1.0
1313	476	0.367879441171
1313	634	0.367879441171
230	225	1.0
232	448	0.00673794699909
232	441	0.00673794699909
232	617	0.00673794699909
232	1179	0.00673794699909
232	90	0.00673794699909
232	85	0.00673794699909
233	632	8.31528719104e-07
233	1300	8.31528719104e-07
233	602	8.31528719104e-07
233	554	8.31528719104e-07
233	302	8.31528719104e-07
233	1140	8.31528719104e-07
233	1203	8.31528719104e-07
233	470	8.31528719104e-07
233	260	8.31528719104e-07
233	533	8.31528719104e-07
233	734	8.31528719104e-07
233	1204	8.31528719104e-07
233	361	8.31528719104e-07
233	515	8.31528719104e-07
233	220	8.31528719104e-07
1051	993	1.0
1053	1054	0.367879441171
1053	936	0.367879441171
1054	1037	1.0
1055	1058	0.367879441171
1055	1057	0.367879441171
1057	857	0.135335283237
1057	851	0.135335283237
1057	852	0.135335283237
1058	1042	0.0497870683679
1058	857	0.0497870683679
1058	851	0.0497870683679
1058	852	0.0497870683679
1190	468	1.0
1193	533	0.0497870683679
1193	602	0.0497870683679
1193	1313	0.0497870683679
1193	1196	0.0497870683679
1192	1212	0.367879441171
1192	1193	0.367879441171
1195	256	0.367879441171
1195	710	0.367879441171
1194	90	1.0
1197	1271	1.0
1196	604	0.367879441171
1196	302	0.367879441171
1	55	0.0183156388887
1	249	0.0183156388887
1	57	0.0183156388887
1	843	0.0183156388887
1	58	0.0183156388887
146	869	0.0183156388887
146	8	0.0183156388887
146	403	0.0183156388887
146	173	0.0183156388887
146	70	0.0183156388887
147	173	0.367879441171
147	70	0.367879441171
144	797	0.00673794699909
144	751	0.00673794699909
144	1076	0.00673794699909
144	1075	0.00673794699909
144	881	0.00673794699909
144	94	0.00673794699909
145	144	0.367879441171
145	180	0.367879441171
142	28	1.0
1172	71	1.0
1171	1133	0.000911881965555
1171	1497	0.000911881965555
1171	1344	0.000911881965555
1171	1468	0.000911881965555
1171	1496	0.000911881965555
1171	1116	0.000911881965555
1171	1498	0.000911881965555
1171	1396	0.000911881965555
141	471	0.367879441171
141	627	0.367879441171
612	897	0.00247875217667
612	1133	0.00247875217667
612	675	0.00247875217667
612	1524	0.00247875217667
612	1442	0.00247875217667
612	113	0.00247875217667
612	1412	0.00247875217667
613	47	1.0
611	612	0.367879441171
611	428	0.367879441171
616	1544	0.000335462627903
616	627	0.000335462627903
616	611	0.000335462627903
616	661	0.000335462627903
616	1361	0.000335462627903
616	811	0.000335462627903
616	292	0.000335462627903
616	290	0.000335462627903
616	291	0.000335462627903
617	421	0.135335283237
617	57	0.135335283237
617	801	0.135335283237
148	57	0.367879441171
148	59	0.367879441171
149	223	0.367879441171
149	490	0.367879441171
511	158	0.0497870683679
511	139	0.0497870683679
511	1168	0.0497870683679
511	64	0.0497870683679
1276	181	1.0
154	319	0.00673794699909
154	695	0.00673794699909
154	1074	0.00673794699909
154	897	0.00673794699909
154	652	0.00673794699909
154	94	0.00673794699909
513	13	1.0
1284	164	1.0
1287	216	1.0
900	71	1.0
1281	55	1.0
1280	612	0.367879441171
1280	634	0.367879441171
948	533	0.135335283237
948	71	0.135335283237
948	1034	0.135335283237
949	977	1.0
515	981	1.12535174719e-07
515	221	1.12535174719e-07
515	697	1.12535174719e-07
515	22	1.12535174719e-07
515	244	1.12535174719e-07
515	876	1.12535174719e-07
515	572	1.12535174719e-07
515	982	1.12535174719e-07
515	1130	1.12535174719e-07
515	552	1.12535174719e-07
515	518	1.12535174719e-07
515	417	1.12535174719e-07
515	116	1.12535174719e-07
515	448	1.12535174719e-07
515	294	1.12535174719e-07
515	482	1.12535174719e-07
515	104	1.12535174719e-07
1289	543	1.0
943	1014	1.0
940	731	0.135335283237
940	54	0.135335283237
940	732	0.135335283237
514	216	0.367879441171
514	1312	0.367879441171
1191	90	0.367879441171
1191	232	0.367879441171
1579	908	0.367879441171
1579	1618	0.367879441171
548	119	1.0
689	688	0.367879441171
689	1011	0.367879441171
688	1323	1.0
1475	1496	0.367879441171
1475	1116	0.367879441171
685	572	1.0
687	322	1.0
516	554	0.367879441171
516	552	0.367879441171
681	448	4.53999297625e-05
681	787	4.53999297625e-05
681	46	4.53999297625e-05
681	425	4.53999297625e-05
681	417	4.53999297625e-05
681	645	4.53999297625e-05
681	125	4.53999297625e-05
681	1561	4.53999297625e-05
681	484	4.53999297625e-05
681	348	4.53999297625e-05
681	396	4.53999297625e-05
683	193	0.00247875217667
683	643	0.00247875217667
683	645	0.00247875217667
683	644	0.00247875217667
683	351	0.00247875217667
683	421	0.00247875217667
683	419	0.00247875217667
1304	1115	0.135335283237
1304	1312	0.135335283237
1304	1441	0.135335283237
623	465	1.0
1306	216	1.0
1300	1271	0.0183156388887
1300	302	0.0183156388887
1300	533	0.0183156388887
1300	1197	0.0183156388887
1300	602	0.0183156388887
1301	181	0.367879441171
1301	256	0.367879441171
1302	1138	1.0
133	757	0.135335283237
133	144	0.135335283237
133	1209	0.135335283237
132	89	0.367879441171
132	87	0.367879441171
131	1241	0.0183156388887
131	340	0.0183156388887
131	62	0.0183156388887
131	787	0.0183156388887
131	713	0.0183156388887
137	60	0.00673794699909
137	633	0.00673794699909
137	710	0.00673794699909
137	407	0.00673794699909
137	61	0.00673794699909
137	181	0.00673794699909
136	511	0.367879441171
136	148	0.367879441171
135	165	1.0
134	484	0.135335283237
134	447	0.135335283237
134	477	0.135335283237
494	421	1.0
139	64	1.0
497	1129	0.367879441171
497	448	0.367879441171
490	144	0.00673794699909
490	48	0.00673794699909
490	55	0.00673794699909
490	50	0.00673794699909
490	443	0.00673794699909
490	823	0.00673794699909
491	209	1.0
492	678	1.0
493	579	2.26032940698e-06
493	45	2.26032940698e-06
493	392	2.26032940698e-06
493	560	2.26032940698e-06
493	432	2.26032940698e-06
493	44	2.26032940698e-06
493	1062	2.26032940698e-06
493	379	2.26032940698e-06
493	55	2.26032940698e-06
493	417	2.26032940698e-06
493	438	2.26032940698e-06
493	421	2.26032940698e-06
493	8	2.26032940698e-06
493	483	2.26032940698e-06
24	47	1.0
25	26	1.0
26	10	0.367879441171
26	476	0.367879441171
27	977	1.0
21	579	1.0
22	458	1.26641655491e-14
22	623	1.26641655491e-14
22	335	1.26641655491e-14
22	572	1.26641655491e-14
22	279	1.26641655491e-14
22	493	1.26641655491e-14
22	956	1.26641655491e-14
22	1255	1.26641655491e-14
22	653	1.26641655491e-14
22	312	1.26641655491e-14
22	915	1.26641655491e-14
22	352	1.26641655491e-14
22	308	1.26641655491e-14
22	144	1.26641655491e-14
22	636	1.26641655491e-14
22	560	1.26641655491e-14
22	301	1.26641655491e-14
22	440	1.26641655491e-14
22	307	1.26641655491e-14
22	421	1.26641655491e-14
22	91	1.26641655491e-14
22	249	1.26641655491e-14
22	843	1.26641655491e-14
22	17	1.26641655491e-14
22	350	1.26641655491e-14
22	55	1.26641655491e-14
22	724	1.26641655491e-14
22	688	1.26641655491e-14
22	351	1.26641655491e-14
22	413	1.26641655491e-14
22	920	1.26641655491e-14
22	921	1.26641655491e-14
22	434	1.26641655491e-14
1029	71	1.0
1220	1222	0.367879441171
1220	1221	0.367879441171
28	91	0.135335283237
28	158	0.135335283237
28	402	0.135335283237
29	154	0.367879441171
29	53	0.367879441171
820	648	0.135335283237
820	202	0.135335283237
820	1615	0.135335283237
407	282	3.05902320502e-07
407	602	3.05902320502e-07
407	47	3.05902320502e-07
407	447	3.05902320502e-07
407	219	3.05902320502e-07
407	133	3.05902320502e-07
407	261	3.05902320502e-07
407	1299	3.05902320502e-07
407	552	3.05902320502e-07
407	360	3.05902320502e-07
407	358	3.05902320502e-07
407	253	3.05902320502e-07
407	484	3.05902320502e-07
407	490	3.05902320502e-07
407	377	3.05902320502e-07
407	426	3.05902320502e-07
1370	1442	1.0
1377	811	0.367879441171
1377	1412	0.367879441171
400	1083	0.000335462627903
400	697	0.000335462627903
400	602	0.000335462627903
400	572	0.000335462627903
400	1149	0.000335462627903
400	533	0.000335462627903
400	68	0.000335462627903
400	1159	0.000335462627903
400	468	0.000335462627903
933	737	1.0
932	769	1.0
452	463	1.0
409	74	1.0
408	328	0.135335283237
408	332	0.135335283237
408	439	0.135335283237
453	572	1.0
454	421	0.0497870683679
454	938	0.0497870683679
454	351	0.0497870683679
454	350	0.0497870683679
455	652	0.367879441171
455	897	0.367879441171
158	511	0.0497870683679
158	131	0.0497870683679
158	28	0.0497870683679
158	84	0.0497870683679
457	579	0.135335283237
457	152	0.135335283237
457	949	0.135335283237
183	572	0.367879441171
183	757	0.367879441171
379	1236	0.00673794699909
379	881	0.00673794699909
379	407	0.00673794699909
379	378	0.00673794699909
379	405	0.00673794699909
379	482	0.00673794699909
378	60	5.60279643754e-09
378	417	5.60279643754e-09
378	757	5.60279643754e-09
378	58	5.60279643754e-09
378	211	5.60279643754e-09
378	55	5.60279643754e-09
378	47	5.60279643754e-09
378	602	5.60279643754e-09
378	447	5.60279643754e-09
378	1152	5.60279643754e-09
378	133	5.60279643754e-09
378	1299	5.60279643754e-09
378	652	5.60279643754e-09
378	243	5.60279643754e-09
378	407	5.60279643754e-09
378	648	5.60279643754e-09
378	484	5.60279643754e-09
378	253	5.60279643754e-09
378	1248	5.60279643754e-09
378	84	5.60279643754e-09
829	1552	0.0497870683679
829	1469	0.0497870683679
829	1400	0.0497870683679
829	1392	0.0497870683679
44	724	1.0
370	302	0.0497870683679
370	938	0.0497870683679
370	515	0.0497870683679
370	219	0.0497870683679
373	577	0.00673794699909
373	713	0.00673794699909
373	62	0.00673794699909
373	253	0.00673794699909
373	515	0.00673794699909
373	87	0.00673794699909
372	1315	0.367879441171
372	1219	0.367879441171
374	602	0.00247875217667
374	876	0.00247875217667
374	552	0.00247875217667
374	219	0.00247875217667
374	249	0.00247875217667
374	377	0.00247875217667
374	233	0.00247875217667
377	634	0.00673794699909
377	636	0.00673794699909
377	694	0.00673794699909
377	638	0.00673794699909
377	486	0.00673794699909
377	376	0.00673794699909
376	1235	0.000911881965555
376	1314	0.000911881965555
376	634	0.000911881965555
376	635	0.000911881965555
376	636	0.000911881965555
376	602	0.000911881965555
376	1313	0.000911881965555
376	377	0.000911881965555
1278	1292	1.0
708	28	1.0
709	710	1.0
1176	515	0.0497870683679
1176	533	0.0497870683679
1176	697	0.0497870683679
1176	1308	0.0497870683679
705	81	1.0
706	750	0.367879441171
706	28	0.367879441171
707	28	1.0
700	325	1.0
1175	1129	1.0
392	28	0.135335283237
392	142	0.135335283237
392	792	0.135335283237
88	342	0.00673794699909
88	393	0.00673794699909
88	395	0.00673794699909
88	394	0.00673794699909
88	87	0.00673794699909
88	493	0.00673794699909
619	216	0.135335283237
619	1287	0.135335283237
619	1189	0.135335283237
1487	1465	1.0
1486	612	1.0
82	443	1.0
83	479	0.135335283237
83	94	0.135335283237
83	154	0.135335283237
80	648	0.367879441171
80	144	0.367879441171
81	212	0.00673794699909
81	583	0.00673794699909
81	773	0.00673794699909
81	1170	0.00673794699909
81	984	0.00673794699909
81	521	0.00673794699909
86	60	0.367879441171
86	393	0.367879441171
87	988	3.44247710847e-14
87	587	3.44247710847e-14
87	983	3.44247710847e-14
87	574	3.44247710847e-14
87	60	3.44247710847e-14
87	272	3.44247710847e-14
87	89	3.44247710847e-14
87	494	3.44247710847e-14
87	497	3.44247710847e-14
87	172	3.44247710847e-14
87	233	3.44247710847e-14
87	251	3.44247710847e-14
87	28	3.44247710847e-14
87	342	3.44247710847e-14
87	421	3.44247710847e-14
87	284	3.44247710847e-14
87	1259	3.44247710847e-14
87	994	3.44247710847e-14
87	757	3.44247710847e-14
87	713	3.44247710847e-14
87	73	3.44247710847e-14
87	90	3.44247710847e-14
87	1127	3.44247710847e-14
87	59	3.44247710847e-14
87	58	3.44247710847e-14
87	55	3.44247710847e-14
87	57	3.44247710847e-14
87	909	3.44247710847e-14
87	88	3.44247710847e-14
87	828	3.44247710847e-14
87	765	3.44247710847e-14
87	1248	3.44247710847e-14
85	28	0.0183156388887
85	484	0.0183156388887
85	340	0.0183156388887
85	87	0.0183156388887
85	239	0.0183156388887
796	433	1.0
793	374	1.0
792	724	1.0
749	745	1.0
799	1083	1.0
1270	216	0.367879441171
1270	1312	0.367879441171
1271	1266	1.0
410	620	1.0
170	513	1.0
1272	1266	1.0
1246	59	1.0
586	611	1.0
587	1434	0.000911881965555
587	442	0.000911881965555
587	392	0.000911881965555
587	1388	0.000911881965555
587	438	0.000911881965555
587	432	0.000911881965555
587	433	0.000911881965555
587	431	0.000911881965555
1139	713	1.0
585	497	0.135335283237
585	454	0.135335283237
585	1303	0.135335283237
582	297	0.135335283237
582	526	0.135335283237
582	579	0.135335283237
580	581	1.0
1133	1140	0.00247875217667
1133	268	0.00247875217667
1133	634	0.00247875217667
1133	1614	0.00247875217667
1133	289	0.00247875217667
1133	843	0.00247875217667
1133	1488	0.00247875217667
1132	28	1.0
1130	966	0.000911881965555
1130	843	0.000911881965555
1130	55	0.000911881965555
1130	57	0.000911881965555
1130	713	0.000911881965555
1130	307	0.000911881965555
1130	688	0.000911881965555
1130	91	0.000911881965555
1137	116	0.135335283237
1137	22	0.135335283237
1137	493	0.135335283237
1135	417	0.367879441171
1135	1618	0.367879441171
589	249	1.0
247	315	1.0
241	90	0.367879441171
241	239	0.367879441171
614	609	1.0
243	242	1.0
242	585	0.000911881965555
242	603	0.000911881965555
242	197	0.000911881965555
242	355	0.000911881965555
242	448	0.000911881965555
242	243	0.000911881965555
242	166	0.000911881965555
242	232	0.000911881965555
615	610	0.367879441171
615	611	0.367879441171
249	757	0.367879441171
249	243	0.367879441171
248	374	1.0
923	857	0.135335283237
923	851	0.135335283237
923	852	0.135335283237
1432	1550	3.05902320502e-07
1432	634	3.05902320502e-07
1432	603	3.05902320502e-07
1432	636	3.05902320502e-07
1432	602	3.05902320502e-07
1432	698	3.05902320502e-07
1432	1604	3.05902320502e-07
1432	867	3.05902320502e-07
1432	1472	3.05902320502e-07
1432	1372	3.05902320502e-07
1432	1591	3.05902320502e-07
1432	1486	3.05902320502e-07
1432	1015	3.05902320502e-07
1432	1411	3.05902320502e-07
1432	1412	3.05902320502e-07
1432	990	3.05902320502e-07
1240	154	1.0
1380	604	0.0497870683679
1380	710	0.0497870683679
1380	1441	0.0497870683679
1380	1567	0.0497870683679
419	378	0.0497870683679
419	405	0.0497870683679
419	482	0.0497870683679
419	406	0.0497870683679
519	507	0.0497870683679
519	283	0.0497870683679
519	22	0.0497870683679
519	518	0.0497870683679
518	448	6.14421235333e-06
518	20	6.14421235333e-06
518	608	6.14421235333e-06
518	219	6.14421235333e-06
518	519	6.14421235333e-06
518	288	6.14421235333e-06
518	168	6.14421235333e-06
518	522	6.14421235333e-06
518	367	6.14421235333e-06
518	164	6.14421235333e-06
518	507	6.14421235333e-06
518	103	6.14421235333e-06
518	284	6.14421235333e-06
1009	260	1.0
1008	1006	1.0
1007	1006	1.0
510	103	0.0183156388887
510	632	0.0183156388887
510	222	0.0183156388887
510	157	0.0183156388887
510	219	0.0183156388887
1005	389	0.135335283237
1005	632	0.135335283237
1005	260	0.135335283237
512	202	1.0
1003	365	1.0
1002	905	1.0
517	518	0.367879441171
517	284	0.367879441171
1000	724	0.367879441171
1000	981	0.367879441171
458	501	1.0
459	465	1.0
1225	376	1.0
1224	1223	0.135335283237
1224	1221	0.135335283237
1224	376	0.135335283237
626	483	1.0
625	1014	0.135335283237
625	572	0.135335283237
625	311	0.135335283237
624	679	0.000911881965555
624	1604	0.000911881965555
624	672	0.000911881965555
624	1469	0.000911881965555
624	1465	0.000911881965555
624	1033	0.000911881965555
624	1394	0.000911881965555
624	815	0.000911881965555
629	593	1.0
628	627	1.0
1229	683	1.0
1228	365	1.0
177	90	1.0
199	55	0.135335283237
199	1154	0.135335283237
199	1153	0.135335283237
175	101	1.0
174	803	0.0183156388887
174	802	0.0183156388887
174	160	0.0183156388887
174	161	0.0183156388887
174	804	0.0183156388887
173	22	1.0
172	484	1.0
171	1243	0.367879441171
171	710	0.367879441171
977	783	1.0
182	527	1.0
975	22	0.000911881965555
975	1282	0.000911881965555
975	1130	0.000911881965555
975	1028	0.000911881965555
975	522	0.000911881965555
975	488	0.000911881965555
975	490	0.000911881965555
975	523	0.000911881965555
974	936	1.0
973	604	0.135335283237
973	744	0.135335283237
973	533	0.135335283237
972	973	1.0
971	783	1.0
970	81	1.0
596	578	1.0
180	144	0.00673794699909
180	893	0.00673794699909
180	894	0.00673794699909
180	253	0.00673794699909
180	1209	0.00673794699909
180	817	0.00673794699909
979	917	1.0
656	657	1.0
657	1420	0.000911881965555
657	610	0.000911881965555
657	611	0.000911881965555
657	1409	0.000911881965555
657	1366	0.000911881965555
657	1526	0.000911881965555
657	645	0.000911881965555
657	658	0.000911881965555
654	28	0.135335283237
654	374	0.135335283237
654	287	0.135335283237
181	308	0.367879441171
181	307	0.367879441171
653	551	1.0
650	282	1.0
185	471	1.0
189	640	1.0
658	643	0.00673794699909
658	657	0.00673794699909
658	1409	0.00673794699909
658	1406	0.00673794699909
658	1391	0.00673794699909
658	659	0.00673794699909
187	757	0.000335462627903
187	1261	0.000335462627903
187	611	0.000335462627903
187	574	0.000335462627903
187	60	0.000335462627903
187	471	0.000335462627903
187	1209	0.000335462627903
187	175	0.000335462627903
187	1291	0.000335462627903
1561	661	1.0
651	471	1.0
1125	756	1.0
1148	757	0.00673794699909
1148	55	0.00673794699909
1148	57	0.00673794699909
1148	56	0.00673794699909
1148	60	0.00673794699909
1148	61	0.00673794699909
602	1305	0.00673794699909
602	625	0.00673794699909
602	572	0.00673794699909
602	302	0.00673794699909
602	219	0.00673794699909
602	515	0.00673794699909
1089	47	1.0
1088	374	1.0
1227	652	1.0
1113	208	1.0
11	367	1.0
13	28	1.0
919	1236	0.00247875217667
919	1268	0.00247875217667
919	378	0.00247875217667
919	407	0.00247875217667
919	406	0.00247875217667
919	405	0.00247875217667
919	482	0.00247875217667
14	724	1.0
17	242	1.0
16	196	1.0
19	445	1.0
18	71	0.367879441171
18	376	0.367879441171
863	883	0.0183156388887
863	917	0.0183156388887
863	737	0.0183156388887
863	424	0.0183156388887
863	948	0.0183156388887
862	457	1.0
864	865	0.367879441171
864	948	0.367879441171
867	515	1.0
866	864	1.0
659	656	1.0
1226	713	1.0
882	379	0.000911881965555
882	1078	0.000911881965555
882	573	0.000911881965555
882	429	0.000911881965555
882	378	0.000911881965555
882	921	0.000911881965555
882	812	0.000911881965555
882	482	0.000911881965555
881	1272	0.135335283237
881	515	0.135335283237
881	468	0.135335283237
880	1014	1.0
887	992	1.0
886	992	1.0
885	992	1.0
569	761	1.0
889	560	1.0
888	857	0.135335283237
888	851	0.135335283237
888	852	0.135335283237
1288	57	1.0
1292	1202	1.0
756	579	5.60279643754e-09
756	1236	5.60279643754e-09
756	960	5.60279643754e-09
756	370	5.60279643754e-09
756	46	5.60279643754e-09
756	54	5.60279643754e-09
756	264	5.60279643754e-09
756	1133	5.60279643754e-09
756	632	5.60279643754e-09
756	348	5.60279643754e-09
756	560	5.60279643754e-09
756	924	5.60279643754e-09
756	417	5.60279643754e-09
756	256	5.60279643754e-09
756	18	5.60279643754e-09
756	181	5.60279643754e-09
756	970	5.60279643754e-09
756	1277	5.60279643754e-09
756	515	5.60279643754e-09
756	482	5.60279643754e-09
1618	1444	0.367879441171
1618	1443	0.367879441171
1619	1444	0.367879441171
1619	1443	0.367879441171
1616	610	1.0
599	270	0.135335283237
599	312	0.135335283237
599	264	0.135335283237
1614	1133	0.367879441171
1614	1618	0.367879441171
1615	622	1.0
322	479	1.0
320	620	1.0
354	377	1.0
325	60	0.0183156388887
325	1154	0.0183156388887
325	1261	0.0183156388887
325	483	0.0183156388887
325	1153	0.0183156388887
562	563	1.0
201	208	0.367879441171
201	206	0.367879441171
774	1014	1.0
203	202	0.367879441171
203	351	0.367879441171
205	206	1.0
770	144	0.0497870683679
770	145	0.0497870683679
770	1062	0.0497870683679
770	457	0.0497870683679
773	1025	1.0
206	590	1.0
350	448	0.367879441171
350	348	0.367879441171
779	857	0.135335283237
779	851	0.135335283237
779	852	0.135335283237
778	857	0.135335283237
778	851	0.135335283237
778	852	0.135335283237
679	585	0.135335283237
679	681	0.135335283237
679	232	0.135335283237
77	75	0.367879441171
77	703	0.367879441171
76	554	0.0497870683679
76	233	0.0497870683679
76	72	0.0497870683679
76	646	0.0497870683679
75	1050	8.31528719104e-07
75	579	8.31528719104e-07
75	907	8.31528719104e-07
75	948	8.31528719104e-07
75	554	8.31528719104e-07
75	57	8.31528719104e-07
75	703	8.31528719104e-07
75	60	8.31528719104e-07
75	72	8.31528719104e-07
75	737	8.31528719104e-07
75	646	8.31528719104e-07
75	91	8.31528719104e-07
75	648	8.31528719104e-07
75	572	8.31528719104e-07
75	233	8.31528719104e-07
74	447	0.135335283237
74	72	0.135335283237
74	457	0.135335283237
73	342	1.0
72	323	0.367879441171
72	765	0.367879441171
71	458	4.6588861451e-15
71	1087	4.6588861451e-15
71	768	4.6588861451e-15
71	1048	4.6588861451e-15
71	766	4.6588861451e-15
71	767	4.6588861451e-15
71	552	4.6588861451e-15
71	135	4.6588861451e-15
71	134	4.6588861451e-15
71	278	4.6588861451e-15
71	80	4.6588861451e-15
71	872	4.6588861451e-15
71	180	4.6588861451e-15
71	818	4.6588861451e-15
71	939	4.6588861451e-15
71	541	4.6588861451e-15
71	734	4.6588861451e-15
71	522	4.6588861451e-15
71	523	4.6588861451e-15
71	1016	4.6588861451e-15
71	78	4.6588861451e-15
71	528	4.6588861451e-15
71	774	4.6588861451e-15
71	448	4.6588861451e-15
71	447	4.6588861451e-15
71	1169	4.6588861451e-15
71	76	4.6588861451e-15
71	105	4.6588861451e-15
71	1061	4.6588861451e-15
71	814	4.6588861451e-15
71	1062	4.6588861451e-15
71	1065	4.6588861451e-15
71	722	4.6588861451e-15
71	1008	4.6588861451e-15
70	1014	0.135335283237
70	569	0.135335283237
70	1011	0.135335283237
1501	1116	1.0
567	565	1.0
1571	657	0.367879441171
1571	615	0.367879441171
79	144	0.00673794699909
79	323	0.00673794699909
79	572	0.00673794699909
79	1062	0.00673794699909
79	415	0.00673794699909
79	428	0.00673794699909
78	74	0.0183156388887
78	447	0.0183156388887
78	72	0.0183156388887
78	79	0.0183156388887
78	552	0.0183156388887
1043	698	1.0
1042	630	0.0497870683679
1042	734	0.0497870683679
1042	377	0.0497870683679
1042	1019	0.0497870683679
1041	483	1.0
1040	838	0.0497870683679
1040	839	0.0497870683679
1040	841	0.0497870683679
1040	840	0.0497870683679
1047	860	0.367879441171
1047	856	0.367879441171
1046	722	0.367879441171
1046	1045	0.367879441171
1045	953	1.0
1044	59	1.0
1048	1030	1.0
1222	1224	1.0
804	302	0.0497870683679
804	857	0.0497870683679
804	851	0.0497870683679
804	852	0.0497870683679
50	484	0.000911881965555
50	66	0.000911881965555
50	48	0.000911881965555
50	556	0.000911881965555
50	537	0.000911881965555
50	126	0.000911881965555
50	127	0.000911881965555
50	237	0.000911881965555
1143	28	1.0
1269	1266	1.0
1141	57	1.0
1147	801	1.0
1145	57	1.0
1263	28	1.0
1262	743	1.0
1261	1248	0.0183156388887
1261	57	0.0183156388887
1261	56	0.0183156388887
1261	59	0.0183156388887
1261	58	0.0183156388887
1149	641	1.0
1267	1209	1.0
1266	1271	0.367879441171
1266	1279	0.367879441171
1265	713	0.135335283237
1265	1206	0.135335283237
1265	743	0.135335283237
1264	724	1.0
1221	1224	0.135335283237
1221	377	0.135335283237
1221	694	0.135335283237
1507	1133	1.0
1033	94	1.0
1214	603	1.0
692	471	1.0
1547	1524	0.135335283237
1547	1545	0.135335283237
1547	1625	0.135335283237
1545	616	1.0
697	572	0.0497870683679
697	579	0.0497870683679
697	578	0.0497870683679
697	22	0.0497870683679
1540	1444	0.135335283237
1540	1443	0.135335283237
1540	871	0.135335283237
695	478	0.0183156388887
695	167	0.0183156388887
695	186	0.0183156388887
695	57	0.0183156388887
695	398	0.0183156388887
1297	216	1.0
698	572	0.0497870683679
698	116	0.0497870683679
698	36	0.0497870683679
698	22	0.0497870683679
222	215	0.367879441171
222	410	0.367879441171
542	165	1.0
543	28	0.367879441171
543	87	0.367879441171
541	379	4.53999297625e-05
541	756	4.53999297625e-05
541	22	4.53999297625e-05
541	55	4.53999297625e-05
541	551	4.53999297625e-05
541	190	4.53999297625e-05
541	53	4.53999297625e-05
541	429	4.53999297625e-05
541	130	4.53999297625e-05
541	165	4.53999297625e-05
541	648	4.53999297625e-05
1469	634	0.00673794699909
1469	697	0.00673794699909
1469	638	0.00673794699909
1469	1586	0.00673794699909
1469	1587	0.00673794699909
1469	1591	0.00673794699909
544	335	0.0183156388887
544	407	0.0183156388887
544	632	0.0183156388887
544	619	0.0183156388887
544	348	0.0183156388887
549	154	0.367879441171
549	695	0.367879441171
1019	302	0.367879441171
1019	602	0.367879441171
995	55	0.367879441171
995	53	0.367879441171
869	116	0.135335283237
869	36	0.135335283237
869	22	0.135335283237
1315	1231	1.0
996	648	1.0
991	71	1.0
1312	216	0.367879441171
1312	1270	0.367879441171
993	144	0.0183156388887
993	769	0.0183156388887
993	58	0.0183156388887
993	948	0.0183156388887
993	792	0.0183156388887
1310	365	0.135335283237
1310	377	0.135335283237
1310	376	0.135335283237
369	666	0.0183156388887
369	643	0.0183156388887
369	664	0.0183156388887
369	644	0.0183156388887
369	683	0.0183156388887
999	1033	1.0
1318	216	1.0
121	945	0.00247875217667
121	28	0.00247875217667
121	929	0.00247875217667
121	417	0.00247875217667
121	648	0.00247875217667
121	165	0.00247875217667
121	493	0.00247875217667
122	58	0.367879441171
122	574	0.367879441171
123	119	1.0
124	133	1.0
126	262	0.135335283237
126	484	0.135335283237
126	112	0.135335283237
127	262	0.135335283237
127	484	0.135335283237
127	66	0.135335283237
128	572	1.0
129	65	1.0
765	847	3.05902320502e-07
765	144	3.05902320502e-07
765	1083	3.05902320502e-07
765	770	3.05902320502e-07
765	948	3.05902320502e-07
765	55	3.05902320502e-07
765	1060	3.05902320502e-07
765	874	3.05902320502e-07
765	1062	3.05902320502e-07
765	447	3.05902320502e-07
765	900	3.05902320502e-07
765	457	3.05902320502e-07
765	368	3.05902320502e-07
765	165	3.05902320502e-07
765	648	3.05902320502e-07
765	907	3.05902320502e-07
777	260	1.0
1128	1483	1.0
563	572	0.135335283237
563	116	0.135335283237
563	22	0.135335283237
404	421	1.0
1011	560	0.135335283237
1011	761	0.135335283237
1011	564	0.135335283237
928	1069	1.0
416	74	1.0
417	591	2.06115362244e-09
417	379	2.06115362244e-09
417	144	2.06115362244e-09
417	619	2.06115362244e-09
417	757	2.06115362244e-09
417	58	2.06115362244e-09
417	625	2.06115362244e-09
417	211	2.06115362244e-09
417	432	2.06115362244e-09
417	439	2.06115362244e-09
417	75	2.06115362244e-09
417	253	2.06115362244e-09
417	219	2.06115362244e-09
417	407	2.06115362244e-09
417	1257	2.06115362244e-09
417	724	2.06115362244e-09
417	488	2.06115362244e-09
417	1248	2.06115362244e-09
417	1196	2.06115362244e-09
417	490	2.06115362244e-09
417	220	2.06115362244e-09
1389	1391	1.0
412	371	0.135335283237
412	632	0.135335283237
412	28	0.135335283237
413	479	0.0497870683679
413	756	0.0497870683679
413	484	0.0497870683679
413	956	0.0497870683679
920	379	0.135335283237
920	429	0.135335283237
920	1002	0.135335283237
921	379	1.0
922	208	1.0
1387	811	1.0
925	403	0.367879441171
925	220	0.367879441171
1382	612	1.0
499	518	1.0
319	305	0.367879441171
319	897	0.367879441171
318	91	0.135335283237
318	71	0.135335283237
318	552	0.135335283237
313	60	0.135335283237
313	91	0.135335283237
313	1006	0.135335283237
312	593	0.000123409804087
312	602	0.000123409804087
312	572	0.000123409804087
312	219	0.000123409804087
312	533	0.000123409804087
312	275	0.000123409804087
312	264	0.000123409804087
312	421	0.000123409804087
312	373	0.000123409804087
312	220	0.000123409804087
311	170	4.13993771879e-08
311	587	4.13993771879e-08
311	579	4.13993771879e-08
311	417	4.13993771879e-08
311	708	4.13993771879e-08
311	560	4.13993771879e-08
311	572	4.13993771879e-08
311	706	4.13993771879e-08
311	707	4.13993771879e-08
311	565	4.13993771879e-08
311	534	4.13993771879e-08
311	532	4.13993771879e-08
311	488	4.13993771879e-08
311	421	4.13993771879e-08
311	282	4.13993771879e-08
311	481	4.13993771879e-08
311	539	4.13993771879e-08
311	493	4.13993771879e-08
310	306	1.0
315	57	0.367879441171
315	329	0.367879441171
1028	55	0.0183156388887
1028	586	0.0183156388887
1028	144	0.0183156388887
1028	1031	0.0183156388887
1028	823	0.0183156388887
603	1314	0.000123409804087
603	697	0.000123409804087
603	602	0.000123409804087
603	638	0.000123409804087
603	1308	0.000123409804087
603	1133	0.000123409804087
603	1469	0.000123409804087
603	376	0.000123409804087
603	377	0.000123409804087
603	1390	0.000123409804087
1177	216	0.367879441171
1177	710	0.367879441171
475	270	0.367879441171
475	307	0.367879441171
496	296	0.0497870683679
496	297	0.0497870683679
496	275	0.0497870683679
496	312	0.0497870683679
670	672	0.367879441171
670	673	0.367879441171
832	831	1.0
833	611	1.0
830	950	0.0497870683679
830	888	0.0497870683679
830	923	0.0497870683679
830	816	0.0497870683679
831	1015	0.367879441171
831	815	0.367879441171
836	374	1.0
835	154	1.0
838	854	0.0497870683679
838	857	0.0497870683679
838	851	0.0497870683679
838	853	0.0497870683679
1335	1116	1.0
725	818	0.135335283237
725	847	0.135335283237
725	790	0.135335283237
1255	379	0.367879441171
1255	429	0.367879441171
368	1172	0.367879441171
368	71	0.367879441171
1334	1396	1.0
366	365	1.0
367	22	0.0497870683679
367	71	0.0497870683679
367	522	0.0497870683679
367	368	0.0497870683679
364	565	1.0
365	881	0.00247875217667
365	744	0.00247875217667
365	602	0.00247875217667
365	638	0.00247875217667
365	867	0.00247875217667
365	370	0.00247875217667
365	420	0.00247875217667
1337	829	0.367879441171
1337	1469	0.367879441171
360	1224	1.0
361	1225	1.0
1331	379	0.367879441171
1331	429	0.367879441171
1330	713	1.0
380	273	1.0
382	22	1.0
1252	407	0.0183156388887
1252	378	0.0183156388887
1252	1236	0.0183156388887
1252	219	0.0183156388887
1252	220	0.0183156388887
386	695	1.0
388	302	0.367879441171
388	533	0.367879441171
389	1176	0.00247875217667
389	1161	0.00247875217667
389	1213	0.00247875217667
389	560	0.00247875217667
389	698	0.00247875217667
389	714	0.00247875217667
389	533	0.00247875217667
786	1064	1.0
787	90	0.0183156388887
787	131	0.0183156388887
787	89	0.0183156388887
787	87	0.0183156388887
787	1144	0.0183156388887
780	146	0.000123409804087
780	632	0.000123409804087
780	1432	0.000123409804087
780	602	0.000123409804087
780	302	0.000123409804087
780	698	0.000123409804087
780	260	0.000123409804087
780	389	0.000123409804087
780	515	0.000123409804087
780	197	0.000123409804087
781	560	1.0
782	994	0.0497870683679
782	781	0.0497870683679
782	993	0.0497870683679
782	523	0.0497870683679
783	965	0.0497870683679
783	966	0.0497870683679
783	986	0.0497870683679
783	501	0.0497870683679
1174	1161	1.0
860	992	1.0
630	302	0.0183156388887
630	196	0.0183156388887
630	269	0.0183156388887
630	93	0.0183156388887
630	553	0.0183156388887
405	1164	0.000335462627903
405	211	0.000335462627903
405	1257	0.000335462627903
405	1113	0.000335462627903
405	1247	0.000335462627903
405	439	0.000335462627903
405	1249	0.000335462627903
405	435	0.000335462627903
405	418	0.000335462627903
1077	44	0.367879441171
1077	778	0.367879441171
114	118	1.0
1223	1235	1.0
579	1285	0.000123409804087
579	522	0.000123409804087
579	554	0.000123409804087
579	588	0.000123409804087
579	378	0.000123409804087
579	724	0.000123409804087
579	412	0.000123409804087
579	282	0.000123409804087
579	348	0.000123409804087
579	233	0.000123409804087
578	587	0.135335283237
578	724	0.135335283237
578	412	0.135335283237
468	515	0.135335283237
468	1266	0.135335283237
468	625	0.135335283237
1165	91	1.0
573	1014	0.135335283237
573	572	0.135335283237
573	22	0.135335283237
572	282	1.52299797447e-08
572	632	1.52299797447e-08
572	448	1.52299797447e-08
572	560	1.52299797447e-08
572	28	1.52299797447e-08
572	761	1.52299797447e-08
572	564	1.52299797447e-08
572	1266	1.52299797447e-08
572	1135	1.52299797447e-08
572	703	1.52299797447e-08
572	487	1.52299797447e-08
572	220	1.52299797447e-08
572	421	1.52299797447e-08
572	219	1.52299797447e-08
572	434	1.52299797447e-08
572	444	1.52299797447e-08
572	515	1.52299797447e-08
572	482	1.52299797447e-08
572	493	1.52299797447e-08
571	154	1.0
570	572	0.135335283237
570	578	0.135335283237
570	219	0.135335283237
576	704	0.135335283237
576	374	0.135335283237
576	34	0.135335283237
575	362	1.0
574	449	0.00247875217667
574	96	0.00247875217667
574	187	0.00247875217667
574	175	0.00247875217667
574	101	0.00247875217667
574	97	0.00247875217667
574	538	0.00247875217667
60	1086	0.0497870683679
60	57	0.0497870683679
60	56	0.0497870683679
60	801	0.0497870683679
61	59	0.367879441171
61	58	0.367879441171
65	47	1.0
252	9	1.0
69	154	1.0
256	264	0.0497870683679
256	181	0.0497870683679
256	529	0.0497870683679
256	756	0.0497870683679
257	258	1.0
600	229	0.367879441171
600	228	0.367879441171
1423	1116	1.0
1589	1443	1.0
406	124	0.367879441171
406	823	0.367879441171
1581	1401	1.0
731	270	0.135335283237
731	289	0.135335283237
731	857	0.135335283237
733	1047	1.0
938	8	0.135335283237
938	493	0.135335283237
938	1264	0.135335283237
508	507	0.135335283237
508	22	0.135335283237
508	522	0.135335283237
736	1069	0.367879441171
736	1045	0.367879441171
1032	1053	1.0
403	378	0.367879441171
403	220	0.367879441171
1030	71	1.0
1031	594	1.0
502	783	1.0
500	120	1.0
501	81	1.0
1212	1193	0.367879441171
1212	1192	0.367879441171
1213	641	1.0
632	605	3.13913279205e-17
632	579	3.13913279205e-17
632	602	3.13913279205e-17
632	554	3.13913279205e-17
632	197	3.13913279205e-17
632	1140	3.13913279205e-17
632	552	3.13913279205e-17
632	233	3.13913279205e-17
632	1050	3.13913279205e-17
632	641	3.13913279205e-17
632	795	3.13913279205e-17
632	698	3.13913279205e-17
632	818	3.13913279205e-17
632	1469	3.13913279205e-17
632	1522	3.13913279205e-17
632	572	3.13913279205e-17
632	1033	3.13913279205e-17
632	930	3.13913279205e-17
632	1564	3.13913279205e-17
632	636	3.13913279205e-17
632	754	3.13913279205e-17
632	1130	3.13913279205e-17
632	70	3.13913279205e-17
632	93	3.13913279205e-17
632	847	3.13913279205e-17
632	900	3.13913279205e-17
632	1432	3.13913279205e-17
632	948	3.13913279205e-17
632	861	3.13913279205e-17
632	865	3.13913279205e-17
632	1604	3.13913279205e-17
632	1454	3.13913279205e-17
632	470	3.13913279205e-17
632	417	3.13913279205e-17
632	533	3.13913279205e-17
632	1363	3.13913279205e-17
632	474	3.13913279205e-17
632	1412	3.13913279205e-17
632	376	3.13913279205e-17
633	274	1.0
634	1232	1.0
401	379	1.0
636	271	0.135335283237
636	372	0.135335283237
636	634	0.135335283237
1352	1133	1.0
1218	694	0.367879441171
1218	376	0.367879441171
1219	1231	1.0
461	1080	1.0
1356	1604	1.0
463	146	0.000911881965555
463	869	0.000911881965555
463	602	0.000911881965555
463	302	0.000911881965555
463	533	0.000911881965555
463	370	0.000911881965555
463	515	0.000911881965555
463	221	0.000911881965555
901	270	0.135335283237
901	289	0.135335283237
901	857	0.135335283237
168	522	1.0
169	424	1.0
164	1016	0.0497870683679
164	168	0.0497870683679
164	522	0.0497870683679
164	523	0.0497870683679
165	121	0.0497870683679
165	540	0.0497870683679
165	481	0.0497870683679
165	993	0.0497870683679
166	46	0.367879441171
166	379	0.367879441171
167	621	0.00673794699909
167	154	0.00673794699909
167	187	0.00673794699909
167	413	0.00673794699909
167	478	0.00673794699909
167	101	0.00673794699909
160	81	1.0
161	542	1.0
964	783	1.0
965	81	1.0
966	81	1.0
967	81	1.0
960	270	0.367879441171
960	857	0.367879441171
961	1133	1.0
962	783	1.0
963	783	1.0
968	81	1.0
969	81	1.0
1454	1562	1.0
935	181	0.367879441171
935	256	0.367879441171
1515	1604	0.367879441171
1515	897	0.367879441171
934	91	0.135335283237
934	89	0.135335283237
934	87	0.135335283237
1159	468	0.367879441171
1159	697	0.367879441171
800	953	0.367879441171
800	857	0.367879441171
641	1284	0.000911881965555
641	1083	0.000911881965555
641	697	0.000911881965555
641	602	0.000911881965555
641	1308	0.000911881965555
641	63	0.000911881965555
641	533	0.000911881965555
641	388	0.000911881965555
878	368	1.0
1536	1469	0.367879441171
1536	815	0.367879441171
876	796	0.0497870683679
876	1130	0.0497870683679
876	22	0.0497870683679
876	307	0.0497870683679
877	993	1.0
874	993	1.0
872	934	1.0
873	1030	1.0
871	1436	0.0497870683679
871	1408	0.0497870683679
871	533	0.0497870683679
871	1540	0.0497870683679
1155	801	1.0
488	308	0.00247875217667
488	590	0.00247875217667
488	145	0.00247875217667
488	594	0.00247875217667
488	55	0.00247875217667
488	1031	0.00247875217667
488	823	0.00247875217667
1154	59	0.367879441171
1154	58	0.367879441171
9	271	0.135335283237
9	81	0.135335283237
9	49	0.135335283237
1245	407	0.135335283237
1245	378	0.135335283237
1245	1236	0.135335283237
1244	379	0.367879441171
1244	429	0.367879441171
890	992	1.0
891	992	1.0
892	992	1.0
893	992	1.0
894	992	1.0
896	36	1.0
898	427	1.0
899	256	1.0
1530	1465	0.135335283237
1530	1464	0.135335283237
1530	1392	0.135335283237
255	308	0.367879441171
255	307	0.367879441171
1199	9	1.0
1153	59	0.367879441171
1153	58	0.367879441171
1277	81	1.0
1248	1155	0.0183156388887
1248	57	0.0183156388887
1248	56	0.0183156388887
1248	757	0.0183156388887
1248	801	0.0183156388887
1152	1248	0.0497870683679
1152	1148	0.0497870683679
1152	59	0.0497870683679
1152	58	0.0497870683679
1273	219	0.367879441171
1273	220	0.367879441171
1173	57	0.135335283237
1173	59	0.135335283237
1173	87	0.135335283237
1393	710	1.0
357	193	0.367879441171
357	683	0.367879441171
356	357	0.367879441171
356	419	0.367879441171
355	362	1.0
808	926	1.0
352	448	0.367879441171
352	348	0.367879441171
351	448	0.367879441171
351	348	0.367879441171
1617	610	1.0
803	854	0.0497870683679
803	857	0.0497870683679
803	851	0.0497870683679
803	852	0.0497870683679
801	28	1.0
1538	1522	1.0
807	28	1.0
806	1069	1.0
639	1552	0.00247875217667
639	154	0.00247875217667
639	715	0.00247875217667
639	616	0.00247875217667
639	1469	0.00247875217667
639	1465	0.00247875217667
639	1400	0.00247875217667
217	632	0.000911881965555
217	602	0.000911881965555
217	1204	0.000911881965555
217	302	0.000911881965555
217	1071	0.000911881965555
217	533	0.000911881965555
217	1015	0.000911881965555
217	515	0.000911881965555
214	602	1.0
769	1069	5.60279643754e-09
769	994	5.60279643754e-09
769	144	5.60279643754e-09
769	894	5.60279643754e-09
769	907	5.60279643754e-09
769	1078	5.60279643754e-09
769	1024	5.60279643754e-09
769	573	5.60279643754e-09
769	953	5.60279643754e-09
769	1062	5.60279643754e-09
769	1065	5.60279643754e-09
769	1067	5.60279643754e-09
769	457	5.60279643754e-09
769	1051	5.60279643754e-09
769	645	5.60279643754e-09
769	737	5.60279643754e-09
769	1008	5.60279643754e-09
769	1432	5.60279643754e-09
769	1030	5.60279643754e-09
769	1035	5.60279643754e-09
212	569	0.135335283237
212	282	0.135335283237
212	1011	0.135335283237
210	202	1.0
211	133	0.135335283237
211	253	0.135335283237
211	1052	0.135335283237
763	1030	1.0
760	759	1.0
761	403	0.135335283237
761	417	0.135335283237
761	418	0.135335283237
766	769	4.6588861451e-15
766	573	4.6588861451e-15
766	457	4.6588861451e-15
766	1084	4.6588861451e-15
766	771	4.6588861451e-15
766	1050	4.6588861451e-15
766	928	4.6588861451e-15
766	955	4.6588861451e-15
766	368	4.6588861451e-15
766	1014	4.6588861451e-15
766	917	4.6588861451e-15
766	409	4.6588861451e-15
766	991	4.6588861451e-15
766	770	4.6588861451e-15
766	754	4.6588861451e-15
766	765	4.6588861451e-15
766	1030	4.6588861451e-15
766	964	4.6588861451e-15
766	1027	4.6588861451e-15
766	1026	4.6588861451e-15
766	948	4.6588861451e-15
766	962	4.6588861451e-15
766	963	4.6588861451e-15
766	432	4.6588861451e-15
766	726	4.6588861451e-15
766	1023	4.6588861451e-15
766	720	4.6588861451e-15
766	530	4.6588861451e-15
766	803	4.6588861451e-15
766	1006	4.6588861451e-15
766	880	4.6588861451e-15
766	806	4.6588861451e-15
766	823	4.6588861451e-15
766	729	4.6588861451e-15
764	769	1.0
219	1171	0.000911881965555
219	211	0.000911881965555
219	490	0.000911881965555
219	1257	0.000911881965555
219	1113	0.000911881965555
219	439	0.000911881965555
219	435	0.000911881965555
219	432	0.000911881965555
40	579	0.367879441171
40	36	0.367879441171
41	579	1.0
1309	216	0.367879441171
1309	154	0.367879441171
1169	55	0.367879441171
1169	447	0.367879441171
438	442	1.0
1078	22	1.0
643	454	0.0183156388887
643	455	0.0183156388887
643	645	0.0183156388887
643	482	0.0183156388887
643	419	0.0183156388887
1074	898	0.367879441171
1074	633	0.367879441171
1072	641	1.0
289	443	0.00247875217667
289	1201	0.00247875217667
289	270	0.00247875217667
289	530	0.00247875217667
289	9	0.00247875217667
289	419	0.00247875217667
289	97	0.00247875217667
288	346	0.367879441171
288	515	0.367879441171
4	681	0.135335283237
4	430	0.135335283237
4	683	0.135335283237
280	202	1.0
283	572	0.0183156388887
283	578	0.0183156388887
283	22	0.0183156388887
283	35	0.0183156388887
283	36	0.0183156388887
282	579	0.000335462627903
282	202	0.000335462627903
282	468	0.000335462627903
282	560	0.000335462627903
282	572	0.000335462627903
282	311	0.000335462627903
282	565	0.000335462627903
282	494	0.000335462627903
282	364	0.000335462627903
285	695	1.0
284	91	0.367879441171
284	724	0.367879441171
287	288	1.0
439	201	0.135335283237
439	1142	0.135335283237
439	144	0.135335283237
1083	818	1.0
1158	154	1.0
674	551	1.0
1157	57	1.0
1156	417	0.0497870683679
1156	1313	0.0497870683679
1156	71	0.0497870683679
1156	754	0.0497870683679
1151	57	1.0
1150	90	1.0
672	379	0.367879441171
672	679	0.367879441171
673	681	1.0
260	900	0.000335462627903
260	1083	0.000335462627903
260	154	0.000335462627903
260	948	0.000335462627903
260	602	0.000335462627903
260	533	0.000335462627903
260	737	0.000335462627903
260	635	0.000335462627903
260	163	0.000335462627903
267	915	0.367879441171
267	118	0.367879441171
266	146	0.0183156388887
266	403	0.0183156388887
266	515	0.0183156388887
266	468	0.0183156388887
266	914	0.0183156388887
1178	243	1.0
264	270	0.0183156388887
264	312	0.0183156388887
264	181	0.0183156388887
264	219	0.0183156388887
264	516	0.0183156388887
286	521	1.0
269	572	0.367879441171
269	311	0.367879441171
268	632	0.000335462627903
268	572	0.000335462627903
268	761	0.000335462627903
268	1201	0.000335462627903
268	275	0.000335462627903
268	9	0.000335462627903
268	515	0.000335462627903
268	1012	0.000335462627903
268	516	0.000335462627903
1290	634	0.135335283237
1290	694	0.135335283237
1290	376	0.135335283237
58	1234	1.67017007902e-05
58	59	1.67017007902e-05
58	55	1.67017007902e-05
58	57	1.67017007902e-05
58	56	1.67017007902e-05
58	28	1.67017007902e-05
58	617	1.67017007902e-05
58	60	1.67017007902e-05
58	61	1.67017007902e-05
58	757	1.67017007902e-05
58	801	1.67017007902e-05
58	1261	1.67017007902e-05
1082	960	1.0
59	757	6.14421235333e-06
59	58	6.14421235333e-06
59	61	6.14421235333e-06
59	55	6.14421235333e-06
59	158	6.14421235333e-06
59	57	6.14421235333e-06
59	56	6.14421235333e-06
59	60	6.14421235333e-06
59	1155	6.14421235333e-06
59	1146	6.14421235333e-06
59	801	6.14421235333e-06
59	484	6.14421235333e-06
59	1261	6.14421235333e-06
1554	751	0.00247875217667
1554	769	0.00247875217667
1554	906	0.00247875217667
1554	1352	0.00247875217667
1554	1496	0.00247875217667
1554	1412	0.00247875217667
1554	1406	0.00247875217667
1215	154	1.0
55	59	0.00673794699909
55	58	0.00673794699909
55	57	0.00673794699909
55	56	0.00673794699909
55	91	0.00673794699909
55	1148	0.00673794699909
54	857	0.367879441171
54	853	0.367879441171
57	55	0.0183156388887
57	801	0.0183156388887
57	56	0.0183156388887
57	131	0.0183156388887
57	58	0.0183156388887
56	55	0.0497870683679
56	131	0.0497870683679
56	59	0.0497870683679
56	801	0.0497870683679
62	131	0.135335283237
62	713	0.135335283237
62	1327	0.135335283237
53	421	0.0497870683679
53	915	0.0497870683679
53	154	0.0497870683679
53	307	0.0497870683679
52	71	1.0
537	114	0.367879441171
537	484	0.367879441171
536	443	1.0
535	529	1.0
63	1284	0.135335283237
63	302	0.135335283237
63	697	0.135335283237
533	522	0.000335462627903
533	878	0.000335462627903
533	206	0.000335462627903
533	981	0.000335462627903
533	518	0.000335462627903
533	71	0.000335462627903
533	164	0.000335462627903
533	367	0.000335462627903
533	515	0.000335462627903
530	164	0.0183156388887
530	367	0.0183156388887
530	981	0.0183156388887
530	878	0.0183156388887
530	518	0.0183156388887
1295	216	1.0
1414	811	0.135335283237
1414	1432	0.135335283237
1414	1405	0.135335283237
152	652	0.367879441171
152	1297	0.367879441171
539	28	1.0
775	740	0.000911881965555
775	1069	0.000911881965555
775	991	0.000911881965555
775	877	0.000911881965555
775	447	0.000911881965555
775	1073	0.000911881965555
775	648	0.000911881965555
775	811	0.000911881965555
988	202	1.0
989	718	1.0
1324	417	0.367879441171
1324	418	0.367879441171
1325	1154	1.0
982	1042	0.00247875217667
982	975	0.00247875217667
982	22	0.00247875217667
982	876	0.00247875217667
982	749	0.00247875217667
982	698	0.00247875217667
982	523	0.00247875217667
983	981	1.0
980	133	0.367879441171
980	154	0.367879441171
981	87	2.26032940698e-06
981	991	2.26032940698e-06
981	22	2.26032940698e-06
981	754	2.26032940698e-06
981	749	2.26032940698e-06
981	706	2.26032940698e-06
981	860	2.26032940698e-06
981	818	2.26032940698e-06
981	91	2.26032940698e-06
981	1008	2.26032940698e-06
981	164	2.26032940698e-06
981	90	2.26032940698e-06
981	1030	2.26032940698e-06
981	284	2.26032940698e-06
986	728	0.0183156388887
986	144	0.0183156388887
986	917	0.0183156388887
986	971	0.0183156388887
986	457	0.0183156388887
987	984	1.0
984	883	1.42516408274e-21
984	886	1.42516408274e-21
984	54	1.42516408274e-21
984	761	1.42516408274e-21
984	997	1.42516408274e-21
984	457	1.42516408274e-21
984	144	1.42516408274e-21
984	894	1.42516408274e-21
984	771	1.42516408274e-21
984	1051	1.42516408274e-21
984	837	1.42516408274e-21
984	971	1.42516408274e-21
984	970	1.42516408274e-21
984	874	1.42516408274e-21
984	482	1.42516408274e-21
984	737	1.42516408274e-21
984	917	1.42516408274e-21
984	751	1.42516408274e-21
984	1011	1.42516408274e-21
984	1278	1.42516408274e-21
984	569	1.42516408274e-21
984	632	1.42516408274e-21
984	448	1.42516408274e-21
984	991	1.42516408274e-21
984	368	1.42516408274e-21
984	560	1.42516408274e-21
984	530	1.42516408274e-21
984	447	1.42516408274e-21
984	900	1.42516408274e-21
984	1277	1.42516408274e-21
984	802	1.42516408274e-21
984	165	1.42516408274e-21
984	94	1.42516408274e-21
984	907	1.42516408274e-21
984	1025	1.42516408274e-21
984	965	1.42516408274e-21
984	966	1.42516408274e-21
984	1046	1.42516408274e-21
984	948	1.42516408274e-21
984	55	1.42516408274e-21
984	1060	1.42516408274e-21
984	1062	1.42516408274e-21
984	865	1.42516408274e-21
984	847	1.42516408274e-21
984	726	1.42516408274e-21
984	533	1.42516408274e-21
984	1008	1.42516408274e-21
984	648	1.42516408274e-21
984	927	1.42516408274e-21
985	1432	0.367879441171
985	954	0.367879441171
115	101	0.367879441171
115	187	0.367879441171
68	1284	0.135335283237
68	533	0.135335283237
68	242	0.135335283237
116	1128	4.53999297625e-05
116	1077	4.53999297625e-05
116	706	4.53999297625e-05
116	421	4.53999297625e-05
116	920	4.53999297625e-05
116	1255	4.53999297625e-05
116	279	4.53999297625e-05
116	915	4.53999297625e-05
116	921	4.53999297625e-05
116	434	4.53999297625e-05
116	493	4.53999297625e-05
111	389	1.0
113	122	0.367879441171
113	119	0.367879441171
253	133	1.0
771	22	0.135335283237
771	79	0.135335283237
771	770	0.135335283237
5	529	1.0
119	478	0.135335283237
119	187	0.135335283237
119	574	0.135335283237
118	55	0.135335283237
118	536	0.135335283237
118	97	0.135335283237
1531	1552	0.135335283237
1531	1400	0.135335283237
1531	1392	0.135335283237
207	590	0.367879441171
207	206	0.367879441171
772	769	0.135335283237
772	770	0.135335283237
772	79	0.135335283237
1257	201	0.135335283237
1257	1142	0.135335283237
1257	144	0.135335283237
1254	219	0.367879441171
1254	220	0.367879441171
1253	219	0.367879441171
1253	220	0.367879441171
1523	1396	0.000335462627903
1523	611	0.000335462627903
1523	867	0.000335462627903
1523	1525	0.000335462627903
1523	1363	0.000335462627903
1523	1116	0.000335462627903
1523	811	0.000335462627903
1523	1467	0.000335462627903
1523	1510	0.000335462627903
421	379	4.53999297625e-05
421	619	4.53999297625e-05
421	419	4.53999297625e-05
421	429	4.53999297625e-05
421	378	4.53999297625e-05
421	1039	4.53999297625e-05
421	645	4.53999297625e-05
421	1307	4.53999297625e-05
421	351	4.53999297625e-05
421	417	4.53999297625e-05
421	482	4.53999297625e-05
914	379	0.0497870683679
914	429	0.0497870683679
914	911	0.0497870683679
914	1250	0.0497870683679
917	857	0.135335283237
917	851	0.135335283237
917	852	0.135335283237
422	636	0.367879441171
422	242	0.367879441171
911	482	1.0
910	379	0.0183156388887
910	429	0.0183156388887
910	998	0.0183156388887
910	1250	0.0183156388887
910	220	0.0183156388887
1391	1133	1.0
308	202	0.000911881965555
308	154	0.000911881965555
308	22	0.000911881965555
308	616	0.000911881965555
308	53	0.000911881965555
308	307	0.000911881965555
308	98	0.000911881965555
308	648	0.000911881965555
309	310	1.0
460	572	0.135335283237
460	417	0.135335283237
460	348	0.135335283237
300	306	1.0
301	515	0.367879441171
301	430	0.367879441171
302	630	2.26032940698e-06
302	625	2.26032940698e-06
302	602	2.26032940698e-06
302	572	2.26032940698e-06
302	698	2.26032940698e-06
302	706	2.26032940698e-06
302	1197	2.26032940698e-06
302	219	2.26032940698e-06
302	818	2.26032940698e-06
302	533	2.26032940698e-06
302	266	2.26032940698e-06
302	1033	2.26032940698e-06
302	1005	2.26032940698e-06
302	93	2.26032940698e-06
305	652	0.367879441171
305	897	0.367879441171
306	310	1.0
307	144	4.53999297625e-05
307	154	4.53999297625e-05
307	1188	4.53999297625e-05
307	877	4.53999297625e-05
307	447	4.53999297625e-05
307	742	4.53999297625e-05
307	53	4.53999297625e-05
307	133	4.53999297625e-05
307	648	4.53999297625e-05
307	549	4.53999297625e-05
307	427	4.53999297625e-05
895	703	1.0
824	745	1.0
1376	1432	1.0
418	219	0.0183156388887
418	144	0.0183156388887
418	417	0.0183156388887
418	220	0.0183156388887
418	332	0.0183156388887
847	785	1.0
846	848	1.0
844	208	1.0
842	765	1.0
841	857	0.367879441171
841	853	0.367879441171
840	270	0.367879441171
840	857	0.367879441171
1090	899	0.367879441171
1090	256	0.367879441171
1126	801	0.367879441171
1126	28	0.367879441171
848	857	0.367879441171
848	852	0.367879441171
823	822	1.0
1209	1148	0.135335283237
1209	59	0.135335283237
1209	58	0.135335283237
1323	201	0.367879441171
1323	488	0.367879441171
1283	164	0.367879441171
1283	981	0.367879441171
1484	1396	0.135335283237
1484	1467	0.135335283237
1484	1496	0.135335283237
472	122	1.0
1208	560	1.0
1634	1561	1.0
390	391	1.0
1282	1552	0.367879441171
1282	488	0.367879441171
1038	758	0.367879441171
1038	1037	0.367879441171
1238	57	1.0
1328	683	1.0
1166	181	0.367879441171
1166	154	0.367879441171
391	26	1.0
753	90	0.135335283237
753	59	0.135335283237
753	58	0.135335283237
752	560	0.367879441171
752	58	0.367879441171
750	724	1.0
757	59	0.00673794699909
757	58	0.00673794699909
757	57	0.00673794699909
757	56	0.00673794699909
757	1248	0.00673794699909
757	1148	0.00673794699909
737	1047	1.0
755	1080	1.0
754	902	0.000911881965555
754	1133	0.000911881965555
754	54	0.000911881965555
754	1125	0.000911881965555
754	270	0.000911881965555
754	18	0.000911881965555
754	803	0.000911881965555
754	924	0.000911881965555
560	55	0.0497870683679
560	403	0.0497870683679
560	417	0.0497870683679
560	418	0.0497870683679
561	86	1.0
759	270	0.0497870683679
759	289	0.0497870683679
759	857	0.0497870683679
759	851	0.0497870683679
758	1037	1.0
564	562	1.0
701	515	0.0183156388887
701	233	0.0183156388887
701	533	0.0183156388887
701	22	0.0183156388887
701	602	0.0183156388887
506	367	0.0183156388887
506	593	0.0183156388887
506	634	0.0183156388887
506	515	0.0183156388887
506	636	0.0183156388887
1256	417	0.367879441171
1256	418	0.367879441171
1591	1250	1.0
228	495	0.367879441171
228	248	0.367879441171
227	228	1.0
226	231	1.0
224	223	1.0
504	502	1.0
221	414	0.135335283237
221	1249	0.135335283237
221	490	0.135335283237
220	591	1.71390843154e-15
220	989	1.71390843154e-15
220	198	1.71390843154e-15
220	211	1.71390843154e-15
220	197	1.71390843154e-15
220	219	1.71390843154e-15
220	133	1.71390843154e-15
220	909	1.71390843154e-15
220	253	1.71390843154e-15
220	490	1.71390843154e-15
220	378	1.71390843154e-15
220	1257	1.71390843154e-15
220	1113	1.71390843154e-15
220	652	1.71390843154e-15
220	507	1.71390843154e-15
220	528	1.71390843154e-15
220	409	1.71390843154e-15
220	408	1.71390843154e-15
220	144	1.71390843154e-15
220	894	1.71390843154e-15
220	635	1.71390843154e-15
220	1171	1.71390843154e-15
220	1062	1.71390843154e-15
220	1033	1.71390843154e-15
220	91	1.71390843154e-15
220	94	1.71390843154e-15
220	946	1.71390843154e-15
220	945	1.71390843154e-15
220	1028	1.71390843154e-15
220	518	1.71390843154e-15
220	439	1.71390843154e-15
220	648	1.71390843154e-15
220	922	1.71390843154e-15
220	435	1.71390843154e-15
220	432	1.71390843154e-15
1025	1045	0.00673794699909
1025	1065	0.00673794699909
1025	954	0.00673794699909
1025	928	0.00673794699909
1025	1008	0.00673794699909
1025	1006	0.00673794699909
1027	1014	1.0
1021	270	1.0
1020	270	0.135335283237
1020	289	0.135335283237
1020	851	0.135335283237
1022	560	1.0
1184	1152	1.0
1185	379	0.367879441171
1185	429	0.367879441171
1182	57	1.0
1183	57	1.0
1180	91	0.367879441171
1180	28	0.367879441171
727	717	0.367879441171
727	716	0.367879441171
89	988	0.00247875217667
89	909	0.00247875217667
89	73	0.00247875217667
89	342	0.00247875217667
89	91	0.00247875217667
89	497	0.00247875217667
89	233	0.00247875217667
722	81	1.0
1386	1412	1.0
720	81	1.0
721	81	1.0
1035	883	1.0
1167	60	1.0
1049	1011	1.0
728	763	1.0
605	339	1.0
604	630	0.00247875217667
604	1432	0.00247875217667
604	554	0.00247875217667
604	302	0.00247875217667
604	417	0.00247875217667
604	266	0.00247875217667
604	515	0.00247875217667
607	1498	0.0183156388887
607	1412	0.0183156388887
607	611	0.0183156388887
607	1603	0.0183156388887
607	1116	0.0183156388887
606	522	1.0
1160	1161	1.0
994	144	1.67017007902e-05
994	58	1.67017007902e-05
994	948	1.67017007902e-05
994	55	1.67017007902e-05
994	945	1.67017007902e-05
994	22	1.67017007902e-05
994	900	1.67017007902e-05
994	307	1.67017007902e-05
994	470	1.67017007902e-05
994	770	1.67017007902e-05
994	79	1.67017007902e-05
994	792	1.67017007902e-05
1163	710	1.0
1205	471	1.0
1207	197	1.0
112	118	1.0
1168	511	1.0
1200	504	1.0
1203	578	1.0
1211	1129	1.0
976	1011	0.367879441171
976	1013	0.367879441171
1216	181	1.0
1443	604	0.000335462627903
1443	1540	0.000335462627903
1443	636	0.000335462627903
1443	1525	0.000335462627903
1443	1060	0.000335462627903
1443	1603	0.000335462627903
1443	867	0.000335462627903
1443	1455	0.000335462627903
1443	1610	0.000335462627903
399	259	1.0
635	1232	1.0
959	270	0.0497870683679
959	857	0.0497870683679
959	851	0.0497870683679
959	852	0.0497870683679
958	959	1.0
997	71	1.0
48	448	0.000335462627903
48	66	0.000335462627903
48	67	0.000335462627903
48	445	0.000335462627903
48	126	0.000335462627903
48	127	0.000335462627903
48	8	0.000335462627903
48	484	0.000335462627903
48	237	0.000335462627903
49	91	0.367879441171
49	81	0.367879441171
46	379	0.0183156388887
46	378	0.0183156388887
46	429	0.0183156388887
46	419	0.0183156388887
46	420	0.0183156388887
950	857	0.135335283237
950	851	0.135335283237
950	852	0.135335283237
953	71	1.0
952	217	1.0
954	1027	0.000335462627903
954	843	0.000335462627903
954	792	0.000335462627903
954	55	0.000335462627903
954	761	0.000335462627903
954	447	0.000335462627903
954	956	0.000335462627903
954	560	0.000335462627903
954	370	0.000335462627903
957	1042	0.135335283237
957	993	0.135335283237
957	530	0.135335283237
465	315	1.0
802	857	0.135335283237
802	851	0.135335283237
802	853	0.135335283237
1444	586	8.31528719104e-07
1444	1540	8.31528719104e-07
1444	636	8.31528719104e-07
1444	1133	8.31528719104e-07
1444	1060	8.31528719104e-07
1444	610	8.31528719104e-07
1444	611	8.31528719104e-07
1444	867	8.31528719104e-07
1444	1611	8.31528719104e-07
1444	1525	8.31528719104e-07
1444	1375	8.31528719104e-07
1444	1610	8.31528719104e-07
1444	1564	8.31528719104e-07
1444	1603	8.31528719104e-07
1444	1554	8.31528719104e-07
1115	216	0.367879441171
1115	1287	0.367879441171
464	57	0.367879441171
464	58	0.367879441171
620	159	0.367879441171
620	117	0.367879441171
1293	1240	1.0
1562	1491	0.135335283237
1562	1604	0.135335283237
1562	897	0.135335283237
1291	1248	0.0183156388887
1291	57	0.0183156388887
1291	59	0.0183156388887
1291	58	0.0183156388887
1291	1148	0.0183156388887
1296	270	0.135335283237
1296	1199	0.135335283237
1296	268	0.135335283237
467	636	1.0
1294	572	1.0
466	175	0.367879441171
466	101	0.367879441171
474	578	0.367879441171
474	580	0.367879441171
591	55	0.0497870683679
591	253	0.0497870683679
591	144	0.0497870683679
591	1455	0.0497870683679
1424	811	0.0497870683679
1424	1412	0.0497870683679
1424	633	0.0497870683679
1424	1400	0.0497870683679
1217	1218	1.0
489	261	0.367879441171
489	1291	0.367879441171
414	323	0.367879441171
414	428	0.367879441171
487	572	1.0
484	59	4.13993771879e-08
484	58	4.13993771879e-08
484	48	4.13993771879e-08
484	695	4.13993771879e-08
484	1154	4.13993771879e-08
484	57	4.13993771879e-08
484	56	4.13993771879e-08
484	60	4.13993771879e-08
484	61	4.13993771879e-08
484	471	4.13993771879e-08
484	267	4.13993771879e-08
484	413	4.13993771879e-08
484	242	4.13993771879e-08
484	476	4.13993771879e-08
484	1291	4.13993771879e-08
484	119	4.13993771879e-08
484	1261	4.13993771879e-08
484	538	4.13993771879e-08
483	22	0.00247875217667
483	36	0.00247875217667
483	575	0.00247875217667
483	116	0.00247875217667
483	486	0.00247875217667
483	479	0.00247875217667
483	348	0.00247875217667
482	1164	5.10908902806e-12
482	989	5.10908902806e-12
482	627	5.10908902806e-12
482	211	5.10908902806e-12
482	574	5.10908902806e-12
482	133	5.10908902806e-12
482	47	5.10908902806e-12
482	407	5.10908902806e-12
482	1257	5.10908902806e-12
482	1113	5.10908902806e-12
482	547	5.10908902806e-12
482	408	5.10908902806e-12
482	619	5.10908902806e-12
482	634	5.10908902806e-12
482	447	5.10908902806e-12
482	124	5.10908902806e-12
482	71	5.10908902806e-12
482	483	5.10908902806e-12
482	909	5.10908902806e-12
482	414	5.10908902806e-12
482	417	5.10908902806e-12
482	1247	5.10908902806e-12
482	439	5.10908902806e-12
482	1249	5.10908902806e-12
482	922	5.10908902806e-12
482	435	5.10908902806e-12
482	418	5.10908902806e-12
1546	616	0.367879441171
1546	1540	0.367879441171
732	857	0.135335283237
732	851	0.135335283237
732	852	0.135335283237
1201	1283	0.00247875217667
1201	754	0.00247875217667
1201	572	0.00247875217667
1201	197	0.00247875217667
1201	9	0.00247875217667
1201	515	0.00247875217667
1201	1207	0.00247875217667
1366	612	0.135335283237
1366	1412	0.135335283237
1366	611	0.135335283237
473	120	1.0
470	146	0.367879441171
470	70	0.367879441171
471	413	0.0497870683679
471	515	0.0497870683679
471	187	0.0497870683679
471	574	0.0497870683679
476	44	4.53999297625e-05
476	45	4.53999297625e-05
476	120	4.53999297625e-05
476	525	4.53999297625e-05
476	261	4.53999297625e-05
476	130	4.53999297625e-05
476	101	4.53999297625e-05
476	119	4.53999297625e-05
476	118	4.53999297625e-05
476	500	4.53999297625e-05
476	96	4.53999297625e-05
1360	1545	0.367879441171
1360	1625	0.367879441171
428	414	1.0
478	119	1.0
479	464	0.135335283237
479	484	0.135335283237
479	427	0.135335283237
