10971	572	0.506
10971	572	0.506
10971	581	0.554
10971	596	0.495
10971	2309	0.498
10971	2308	0.414
7128	1843	0.336
7128	7186	0.538
7128	7189	0.642
5345	3936	0.281
4961	397	0
4961	2932	0
4961	4137	0
25	1020	0.649
25	1398	0.614
25	5599	0.642
25	1029	0.592
25	7161	0.586
25	5829	0.524
25	5888	0.507
25	5883	0.427
25	7410	0.691
25	1796	0.51
25	7158	0.558
427	51761	0.397
427	820	0.074
427	2588	0.645
1145	808	0.547
71	317	0.373
87	280979	0
87	7791	0.561
8038	1950	0.343
4303	355	0.495
185	0	0
185	3716	0.297
186	4683	0.344
11214	387	0.422
207	4303	0.603
207	572	0.663
207	572	0.663
207	842	0.543
207	842	0.543
207	1385	0.681
207	2309	0.586
207	5871	0.502
207	2908	0.574
207	2931	0.659
207	2932	0.654
207	2932	0.654
207	2792	0.515
207	3320	0.617
207	3551	0.624
207	1147	0.628
207	8517	0.593
207	4193	0.622
207	4214	0.505
207	4293	0.363
207	2475	0.713
207	4846	0.553
207	5058	0.595
207	5894	0.722
207	5894	0.722
207	5879	0.637
207	6647	0.564
207	6774	0.644
207	7015	0.267
207	7248	0.462
207	280979	0
207	2308	0.648
207	4216	0.461
207	4294	0.607
207	4294	0.607
207	7158	0.48
207	4296	0.458
657	1386	0.59
353	5562	0.339
5562	31	0.464
5562	1026	0.62
4878	2983	0.392
317	842	0.658
317	54205	0.699
317	57591	0.336
324	8312	0.537
324	1499	0.407
333	7314	0.288
375	5581	0.44
375	5333	0.438
392	387	0.447
392	9475	0.247
392	11113	0.335
392	5305	0.327
393	387	0.564
394	29984	0.784
394	387	0.371
395	387	0.506
9138	392	0.654
9138	387	0.566
9826	387	0.68
7984	387	0.904
405	196	0.567
10097	280979	0
4217	5599	0.618
4217	6416	0.545
4217	5606	0.594
4217	5608	0.533
4217	5609	0.54
1386	3725	0.836
1386	3458	0.495
1386	3558	0.544
1386	3565	0.636
1386	0	0
1386	7193	0
472	25	0.65
472	672	0.634
472	675	0.579
472	1111	0.676
472	11200	0.739
472	2177	0.51
472	4683	0.686
472	4790	0.488
472	7157	0.675
472	7157	0.675
51761	820	0.021
51761	820	0.021
51761	842	0.423
545	472	0.774
545	672	0.539
545	1111	0.736
545	11200	0.725
545	2177	0.637
545	7157	0.594
545	1263	0.578
545	5884	0.751
551	0	0
8312	1499	0.509
8312	2931	0.511
8312	4214	0.374
8312	4216	0.415
154	0	0
154	0	0
572	578	0.653
572	581	0.624
572	596	0.641
572	596	0.641
572	598	0.622
572	598	0.622
572	842	0.68
572	599	0.419
578	572	0.653
578	598	0.633
578	56616	0.602
578	1329	0.338
581	572	0.624
581	578	0.809
581	596	0.694
581	596	0.694
581	56616	0.583
581	1329	0.282
596	317	0.478
596	572	0.641
596	578	0.674
596	581	0.694
596	598	0.736
596	637	0.585
596	638	0.406
596	6609	0.454
596	10018	0.586
596	1329	0.367
596	9445	0.189
596	5366	0.63
598	317	0.577
598	572	0.622
598	578	0.633
598	581	0.644
598	596	0.736
598	637	0.697
598	638	0.545
598	638	0.545
598	54205	0.584
598	7157	0.574
598	10018	0.689
598	1329	0.342
598	79370	0.527
598	666	0.609
598	5366	0.669
637	578	0.641
637	581	0.722
637	1329	0.348
637	7417	0
638	596	0.406
638	598	0.545
332	56616	0.463
332	331	0.495
332	56604	0
29760	2885	0.661
29760	7409	0.732
29760	5336	0.636
659	1386	0.373
695	355	0.595
695	5335	0.646
695	5336	0.718
8945	1499	0.367
8945	1499	0.367
2889	5906	0.871
2889	54386	0.331
2889	4893	0.716
0	824	0
0	889	0
0	816	0
0	0	0
0	1452	0
0	1455	0
0	30818	0
0	2978	0
0	4772	0
0	4790	0
0	4846	0
0	50818	0
0	5578	0
0	5319	0
0	5524	0
0	2185	0
0	111	0
0	89	0
0	801	0
0	821	0
0	811	0
0	10156	0
0	8448	0
0	1759	0
0	3208	0
0	23413	0
0	22895	0
0	10125	0
0	6717	0
0	9900	0
0	6853	0
0	6857	0
0	7447	0
0	4934	0
23523	10014	0.504
23523	0	0
790	1676	0.222
5535	23523	0
5535	4772	0
5535	4842	0
823	581	0.254
823	637	0.327
823	23523	0.42
823	842	0.321
823	5747	0.382
823	5829	0.334
823	5879	0.307
823	387	0.286
823	7094	0.366
823	4137	0.404
823	7430	0.328
823	2890	0.373
823	4133	0.357
823	2903	0.244
823	6712	0.304
824	23523	0.418
824	5747	0.339
824	5829	0.412
824	7094	0.395
831	823	0.323
831	7430	0.119
889	23523	0.442
889	5535	0
889	8536	0.357
889	4772	0.459
889	2185	0.477
8536	1385	0.414
8536	10014	0.501
8536	4208	0.396
8536	9734	0.458
8536	5879	0.391
8536	6853	0.282
816	1385	0.631
816	4137	0.429
820	10411	0.195
820	5567	0.234
820	5567	0.234
820	5576	0.275
820	11069	0.229
820	5566	0.164
820	1260	0.199
10487	4661	0.758
10487	4661	0.758
10498	1387	0.614
10498	1499	0.258
10498	2033	0.522
843	317	0.684
843	836	0.626
843	2188	0.697
843	248	0.321
843	7157	0.439
835	637	0.694
835	4000	0.603
836	317	0.732
836	317	0.732
836	572	0.618
836	581	0.619
836	596	0.569
836	598	0.64
836	637	0.627
836	790	0.32
836	839	0.739
836	840	0.757
836	841	0.693
836	5591	0.453
836	5747	0.601
836	6711	0.326
836	6711	0.326
836	2620	0.637
836	2934	0.622
836	2934	0.622
836	1676	0.662
836	1676	0.662
836	4214	0.382
836	5062	0.686
836	142	0.484
836	5925	0.352
836	6093	0.586
836	331	0.61
836	10018	0.71
836	0	0
836	1982	0.605
836	4207	0
836	5305	0.329
836	10887	0
836	5527	0.588
836	22985	0.701
836	4170	0.536
836	4719	0.46
839	836	0.739
839	1676	0.774
839	4000	0.509
839	4000	0.509
839	4001	0.792
839	84823	0
839	5058	0.406
840	790	0.322
840	790	0.322
840	842	0.625
840	5747	0.441
840	1676	0.804
840	142	0.412
840	4207	0
840	10887	0
841	4217	0.593
841	4217	0.593
841	637	0.588
841	843	0.667
841	836	0.693
841	248	0.373
841	9525	0.277
841	8737	0.744
841	10887	0
841	9191	0
842	836	0.725
842	836	0.725
842	839	0.508
842	839	0.508
842	840	0.625
847	6098	0.418
867	1956	0.65
867	5335	0.642
867	7535	0.509
867	916	0.675
867	2263	0.36
867	10818	0.725
1387	3725	0.647
1387	1499	0.436
1387	2002	0.686
1387	2099	0.692
1387	7088	0.663
1387	3932	0.587
1387	8874	0.574
1387	8850	0.751
1387	6932	0.584
1387	10011	0.43
890	983	0.438
890	1017	0.63
890	1019	0.569
890	1021	0.345
890	1869	0.504
891	983	0.513
595	1869	0.734
595	5925	0.621
595	5925	0.621
894	5925	0.371
896	5925	0.371
898	5925	0.679
0	1385	0
0	3708	0
929	7097	0.789
929	7099	0.704
948	1432	0.613
920	7535	0.714
5788	3932	0.731
995	983	0.463
995	983	0.463
993	1017	0.683
993	1021	0.485
995	983	0.463
997	898	0.661
997	1869	0.548
998	5871	0.461
998	4214	0.497
998	4293	0.243
998	5058	0.635
998	8936	0.45
998	4216	0.389
998	4294	0.459
998	4294	0.459
998	7454	0.578
998	10188	0.467
998	4296	0.381
983	572	0.585
983	891	0.513
983	5347	0.634
1017	1869	0.665
1017	5715	0.626
1017	5925	0.636
1020	317	0.61
1020	84152	0.539
1020	5604	0.602
1020	5058	0.636
1020	4137	0.594
1020	282378	0
1020	4744	0.432
1021	596	0.391
1021	5925	0.534
1022	1017	0.61
1050	3725	0.495
1111	995	0.509
1111	995	0.509
1111	5545	0
1111	7157	0.529
11200	672	0.609
11200	5545	0
11200	7157	0.618
1123	5879	0.488
8646	659	0.446
56616	332	0.463
56616	248	0.321
56616	331	0.561
56616	330	0.528
56616	79444	0.632
329	836	0.627
329	840	0.536
3725	1385	0.806
3725	10018	0.441
3725	8739	0.252
1452	4772	0.731
1452	11076	0.32
1452	7157	0.484
1455	84152	0.7
1456	1409	0.44
1456	5187	0.452
1457	324	0.652
1457	637	0.464
1457	638	0.384
1457	8215	0
1457	5601	0.571
1457	5601	0.571
1457	6722	0.444
1457	7471	0.513
9575	406	0.789
4609	1029	0.577
4609	6667	0.585
1073	317	0.158
1385	1387	0.705
1385	2668	0.581
1385	0	0
1385	8660	0.706
1385	2959	0.414
1385	6872	0.578
1390	1385	0.641
1390	30818	0.964
1398	25	0.614
1398	2889	0.657
1398	1793	0.765
1398	11184	0.599
1398	9743	0.475
1399	2889	0.692
1399	1793	0.611
1409	581	0.45
1409	598	0.485
1436	2113	0.585
1436	6196	0.623
1445	5747	0.511
1445	3932	0.725
1445	4067	0.585
1445	5829	0.508
1445	6714	0.522
1487	3172	0.414
1487	8204	0.514
5932	672	0.563
1499	1387	0.436
1499	9734	0.396
1499	3172	0.355
1499	7314	0.503
1499	51176	0.593
1499	51176	0.593
1499	6932	0.413
54205	317	0.699
54205	834	0.654
54205	56616	0.701
54205	5187	0.373
25802	820	0
28503	5495	0
1605	1040	0.36
1605	50818	0
1605	5578	0.363
1605	10125	0.39
84152	1020	0.539
84152	2644	0.493
84152	5464	0.495
84152	5501	0.508
1616	4217	0.738
1616	6416	0.494
5694	898	0.635
5694	1499	0.332
5694	1869	0.725
5694	4193	0.615
5694	5715	0.942
5694	6622	0.42
1040	50818	0
0	2911	0
1730	5216	0.072
22943	7471	0.431
22943	4035	0.357
5591	7157	0.52
1793	207	0.576
0	25802	0
0	28503	0
0	1812	0
0	1813	0
0	1814	0
7027	898	0.68
8718	841	0.643
30818	1385	0.636
30818	1385	0.636
30818	2353	0.643
30818	0	0
30818	3750	0.763
30818	3751	0.577
30818	8739	0.428
8215	2931	0
8215	2932	0
0	5610	0
8655	5879	0.503
8655	10018	0.616
2118	1029	0.439
1869	637	0.628
1869	7027	0.886
1869	1029	0.649
1869	5925	0.692
1869	5925	0.692
1869	4088	0.63
1869	10018	0.624
1869	8739	0.413
1869	5366	0.556
1869	27113	0.589
1738	7341	0.495
10682	1977	0.526
10682	1981	0.535
51295	4214	0.176
1909	4683	0.438
1950	1956	0.756
1956	843	0.432
1956	867	0.65
1956	2064	0.799
1956	2885	0.593
1956	5604	0.75
1956	4214	0.573
1956	4772	0.608
1956	1432	0.676
1956	5335	0.72
1956	2185	0.698
1956	5879	0.659
1956	29984	0.485
1956	6464	0.749
1956	6714	0.675
1956	6772	0.582
1956	6774	0.685
1956	7409	0.66
1956	8936	0.29
1956	2035	0.225
1956	4690	0.61
1956	5921	0.611
1956	2065	0.703
1956	6646	0.142
1959	572	0.445
1959	664	0.42
1959	665	0.341
1978	1973	0.743
1978	1977	0.855
1978	1977	0.855
1967	1965	0.761
1967	1965	0.761
1967	1147	0.604
8661	1973	0.827
1973	6194	0.74
1975	1973	0.955
1975	6194	0.77
1983	1965	0.864
2002	3725	0.869
2002	2353	0.921
2002	0	0
10411	0	0
10411	5906	0.791
10411	54386	0.393
2057	6464	0.588
2064	2885	0.674
2064	5290	0.7
2064	5335	0.743
2064	6464	0.792
2064	6714	0.668
2064	5921	0.686
2064	6640	0.183
2064	2886	0.617
5595	2002	0.782
5595	4638	0.304
5595	8569	0.582
5595	9252	0.844
5595	6196	0.758
5595	2872	0.594
5595	10524	0.5
5595	8986	0.665
5594	842	0.653
5594	1387	0.652
5594	3725	0.757
5594	1385	0.83
5594	1956	0.727
5594	1958	0.489
5594	2002	0.791
5594	5595	0.914
5594	2353	0.785
5594	5599	0.814
5594	9261	0.8
5594	4082	0.362
5594	4638	0.315
5594	8569	0.604
5594	9252	0.818
5594	6196	0.826
5594	5163	0.481
5594	27124	0.347
5594	5319	0.628
5594	6197	0.805
5594	6773	0.514
5594	4137	0.351
5594	3172	0.516
5594	3751	0.353
5594	4207	0
5594	79092	0.437
5594	4744	0.232
5594	4741	0.398
5594	9373	0.583
5594	6195	0.806
5594	10657	0.601
5594	6853	0.367
5594	2872	0.606
5594	10524	0.461
5594	8986	0.606
5598	4205	0.758
5598	6196	0.809
5598	7020	0.43
0	2069	0
0	53615	0
2114	2113	0.63
2160	2158	0.608
2165	2147	1
2147	2243	0.525
2147	2149	0.686
2155	2159	0.93
8772	843	0.61
8772	841	0.795
8772	4615	0.674
8772	4790	0.649
8772	6609	0.451
8772	9191	0
5747	5594	0.693
5747	2534	0.651
5747	2885	0.572
5747	3569	0.627
5747	9564	0.655
5747	5290	0.649
5747	5335	0.676
5747	5829	0.562
5747	6464	0.647
5747	6714	0.711
5747	89	0.405
5747	50807	0.782
5747	23092	0.486
5747	2886	0.528
5747	1969	0.677
8439	6610	0.746
2178	2177	1
2191	841	0.341
2191	2188	0.481
355	1616	0.687
355	1956	0.567
355	8772	0.657
355	356	0.843
355	3552	0.609
355	4790	0.546
355	8737	0.664
355	5777	0.596
355	10016	0.566
355	5783	0.162
355	23017	0.492
356	355	0.843
356	355	0.843
0	0	0
2243	3688	0.602
2309	356	0.59
2309	10018	0.551
0	427	0
2353	3725	0.91
10023	2931	0
10023	2932	0
8321	8215	0
8321	175	0.01
8321	3936	0.214
8321	3936	0.214
8321	408	0.434
2488	2492	0.577
2534	1499	0.414
2534	1600	0
2534	5335	0.801
2534	6464	0.799
2534	6773	0.502
2534	2890	0.6
2534	775	0.499
2534	2903	0.506
2534	203068	0.556
175	8215	0
175	5595	0.276
175	2776	0.065
175	2792	0
175	5294	0.064
2549	1398	0.693
2549	11184	0.577
2549	5295	0.712
2549	5290	0.701
2549	5290	0.701
2549	4215	0.532
1647	983	0.502
1647	4216	0.636
2770	427	0.325
2770	2782	0.712
2770	5290	0.549
2770	5294	0.533
2770	5879	0.425
2770	6714	0.452
2770	673	0.509
2770	5909	0.559
2770	629	0.44
9628	92170	0.372
9628	5879	0.239
2776	92170	0.293
2776	5604	0.482
2776	23236	0.412
2776	3339	0.375
2626	6767	0.505
2626	6722	0.613
2782	2770	0.712
2782	9181	0.534
2782	2792	0.776
2782	5290	0.607
79751	92170	0
2978	83733	0
5871	4214	0.732
440275	1965	0.744
0	1965	0
0	92170	0
0	3838	0
0	5295	0
0	5062	0
0	5894	0
0	5901	0
0	5879	0
0	387	0
9181	207	0.611
9181	375	0.41
9181	392	0.545
9181	5879	0.578
9181	29984	0.556
2934	842	0.46
2934	280979	0
2670	7314	0
9771	5567	0.497
2688	2690	0.631
2690	3479	0.428
2690	5290	0.464
2767	427	0.37
2767	891	0.337
2767	2776	0.779
2767	5606	0.622
2767	4661	0.758
2767	23236	0.435
2767	629	0.469
2768	11214	0.524
2768	9138	0.481
2768	387	0.45
2768	10160	0.29
2768	6714	0.477
2768	5921	0.514
2768	5607	0.453
2768	5589	0.528
2768	7006	0.491
10672	9138	0.53
10672	4217	0.523
10672	998	0.523
10672	2185	0.497
10672	10160	0.298
10672	5962	0.334
2769	1605	0.205
2769	23236	0.308
23566	4878	0.269
2876	2937	0.553
2908	1843	0.453
2908	5290	0.56
2885	867	0.682
2885	5595	0.683
2885	2549	0.746
2885	5335	0.755
2885	5879	0.682
2885	6464	0.775
2885	6654	0.837
2885	10252	0.445
2885	7410	0.793
2885	8936	0.388
2885	1759	0.326
2885	5786	0.329
2885	10657	0.518
2885	1	0
7088	3172	0.54
7088	51176	0.524
2937	0	0
2931	8312	0.511
2931	3725	0.573
2931	1385	0.634
2931	1499	0.376
2931	4286	0.415
2931	4772	0.487
2931	5663	0.419
2931	4137	0.309
2931	64682	0.341
2931	5055	0.354
2931	8894	0.343
2932	207	0.654
2932	8312	0.568
2932	595	0.397
2932	1499	0.476
2932	1965	0.39
2932	2931	0.712
2932	6608	0.44
2932	4137	0.426
2936	0	0
0	2937	0
92170	1730	0.069
92170	0	0
92170	5604	0.271
92170	4214	0.222
92170	2644	0.333
92170	6198	0.336
92170	5058	0.325
92170	5334	0
92170	5337	0.452
92170	23647	0.332
92170	5894	0.339
92170	5901	0.405
92170	5879	0.259
92170	5879	0.259
92170	387	0.206
92170	6093	0.266
92170	8936	0.349
92170	10163	0.21
92170	10810	0.416
2792	5595	0.559
2792	5595	0.559
2792	5594	0.596
2792	175	0
2792	2782	0.776
2792	3672	0.462
2792	4214	0.631
2792	5335	0.603
2792	5879	0.486
2792	8720	0.503
2792	6464	0.581
3002	637	0.769
3002	842	0.587
3002	842	0.587
3002	5864	0.309
0	581	0
0	0	0
10542	0	0
10542	0	0
10542	842	0.45
10542	2185	0.421
9734	7088	0.595
9734	51176	0.491
3065	6615	0.504
8841	2033	0.63
3091	637	0.338
3091	8874	0.475
3091	664	0.409
3091	665	0.251
3091	5366	0.436
27102	1965	0.554
3315	836	0.552
3315	1616	0.547
3315	1329	0.443
3337	4193	0.263
3337	7314	0.23
3308	317	0.077
3308	9131	0.157
3320	196	0.497
3320	317	0.384
3320	332	0.535
3320	5728	0.525
5688	8544	0.448
3364	545	0.769
0	207	0
0	1994	0
0	7157	0
248	842	0.321
29851	1455	0.437
1676	790	0.222
1676	790	0.222
1676	1677	0.912
8837	841	0.556
8837	8772	0.513
8837	8772	0.513
3458	3459	0.513
3458	3717	0.623
3459	3308	0.329
3459	3716	0.786
3459	3717	0.578
3459	9093	0.539
3459	30851	0.38
3479	3480	0.596
3480	207	0.619
3480	5535	0
3480	8536	0.428
3480	5595	0.645
3480	5594	0.663
3480	3667	0.701
3480	4772	0.609
3480	5290	0.63
3480	5578	0.593
3480	6464	0.719
3480	7410	0.662
3480	408	0.476
3480	2887	0.549
4792	3558	0.566
4792	3558	0.566
4792	3565	0.614
4792	3565	0.614
4792	4790	0.819
4792	4790	0.819
4792	50818	0
4792	5970	0.799
4793	0	0
4793	4790	0.788
3551	4792	0.848
3551	4790	0.803
1147	4792	0.812
1147	4790	0.782
8517	4792	0.837
8517	4790	0.775
3595	3717	0.53
3552	3576	0.558
3553	3554	0.386
3553	5606	0.551
3554	51295	0.253
3554	7189	0.576
3565	3566	0.539
3569	3570	0.77
3838	5901	0.487
3643	3667	0.675
3643	5608	0.547
3643	6464	0.672
3643	6776	0.411
3643	10603	0.533
3643	2887	0.632
3643	8660	0.65
0	3643	0
808	207	0.679
808	0	0
808	3708	0.699
808	50818	0
3708	0	0
3708	84876	0.519
3654	10454	0.851
3654	23118	0.855
3654	7097	0.726
3654	7099	0.68
3654	7189	0.889
3667	5595	0.661
3667	2885	0.719
3667	5290	0.719
3667	4690	0.514
148022	9641	0.833
148022	29110	0.744
3672	332	0.329
3672	836	0.478
3672	2353	0.41
3672	5290	0.497
3672	5977	0.305
3672	331	0.435
3688	5595	0.495
3688	5747	0.642
3688	2309	0.405
3688	3717	0.511
3688	2185	0.535
3688	6464	0.482
3688	6464	0.482
3688	3611	0.593
3716	3717	0.567
3716	6464	0.593
3716	6772	0.538
3716	6773	0.782
3716	6774	0.515
3716	3718	0.449
3716	6646	0.072
3716	6778	0.591
3717	3716	0.567
3717	55566	0
3717	6772	0.66
3717	6774	0.695
3717	6776	0.416
3717	7297	0.547
5599	1386	0.829
5599	572	0.676
5599	596	0.676
5599	596	0.676
5599	637	0.55
5599	834	0.706
5599	3725	0.801
5599	2002	0.807
5599	356	0.644
5599	2353	0.809
5599	5601	0.82
5599	5604	0.802
5599	4772	0.665
5599	7157	0.64
5599	6464	0.686
5599	4137	0.374
5599	3172	0.465
5599	10018	0.6
5599	90427	0.483
5599	4170	0.493
5599	319	0.281
6416	5599	0.84
6416	5600	0.894
6416	5601	0.935
6416	1432	0.778
6416	8660	0.633
6416	5602	0.959
3726	2625	0.35
0	207	0
3912	7314	0.306
27040	2885	0.741
27040	5335	0.706
3932	5335	0.757
3932	5894	0.733
3932	7410	0.753
3932	7535	0.725
3932	916	0.715
3932	10870	0.545
3932	83696	0
3952	3953	0.359
3953	5562	0.451
3984	317	0.536
3984	1073	0.351
3984	1072	0.808
7376	9971	0.508
4067	695	0.651
4067	5295	0.657
4067	5335	0.668
4067	5879	0.668
4067	6464	0.718
4067	7409	0.656
4067	203068	0.472
4067	613	0.563
4067	930	0.588
8567	6416	0.589
11184	5594	0.645
11184	5599	0.616
11183	4214	0.577
5600	2002	0.924
5600	5605	0.86
5600	8569	0.608
5600	9252	0.838
5600	2872	0.639
5600	1649	0.606
5600	7867	0.895
5600	7020	0.452
5600	8986	0.61
5603	1050	0.424
5603	29904	0.417
5601	1386	0.888
5601	3725	0.868
5601	5595	0.756
5601	2353	0.921
5601	2353	0.921
5601	5544	0.559
5601	0	0
5601	3558	0.575
5601	3565	0.641
5601	3717	0.518
5601	6351	0.545
5601	4772	0.797
5601	7157	0.472
5601	6196	0.869
5601	2185	0.487
5601	6464	0.705
5601	319	0.263
9261	3150	0.479
9261	3315	0.625
9261	9252	0.812
4082	5535	0
53615	6615	0.171
1729	317	0.22
1729	10458	0.525
1729	6714	0.318
4193	2033	0.632
4193	7157	0.626
4193	408	0.563
4193	7158	0.525
4205	10014	0.592
4205	9734	0.596
4209	5535	0
5604	596	0.566
5604	823	0.371
5604	1385	0.853
5604	2002	0.845
5604	5595	0.868
5604	5594	0.91
5604	2353	0.816
5604	6416	0.849
5604	5601	0.814
5604	4638	0.34
5604	9252	0.823
5604	6198	0.667
5604	6196	0.893
5604	6197	0.837
5604	9612	0.465
5604	6654	0.798
5604	280979	0
5604	10018	0.511
5604	10818	0.729
5604	4170	0.48
5604	8986	0.6
5605	1385	0.821
5605	5595	0.867
5605	5594	0.914
5605	3315	0.552
5605	5604	0.948
5606	5599	0.84
5606	5600	0.926
5606	5603	0.686
5606	1432	0.804
5608	5599	0.781
5608	5600	0.909
5608	5603	0.634
5608	4790	0.698
5608	1432	0.814
5608	6300	0.738
4214	1147	0.79
4214	5599	0.771
4214	6416	0.941
4214	5604	0.768
4214	5606	0.912
4214	5609	0.867
4214	1432	0.699
4214	9612	0.39
4214	6885	0.821
4214	2043	0.268
4214	6548	0.313
4233	355	0.56
4233	6774	0.641
2117	11218	0.65
2117	1874	0.765
2911	2776	0.427
2911	2767	0.559
2911	23236	0.368
2911	0	0
2911	0	0
9734	4205	0.596
5609	5599	0.825
5609	5601	0.906
5609	5602	0.927
1843	5594	0.448
1843	3320	0.399
1843	5599	0.47
1843	5600	0.475
1843	5603	0.468
1843	1432	0.406
1843	1432	0.406
1843	6300	0.453
23209	5829	0.419
4638	23209	0.405
4638	103910	0.49
4638	4542	0
4638	9220	0.113
4638	3680	0.269
4660	103910	0.519
4660	9220	0.438
4660	3680	0.39
4293	6416	0.473
4293	5608	0.45
4293	5609	0.459
8569	1977	0.591
103910	4542	0
9252	1385	0.827
9252	1978	0.475
9252	466	0.822
2475	10682	0.555
2475	1978	0.614
2475	6198	0.743
2475	5524	0.339
4615	3654	0.79
4615	4214	0.778
4615	9020	0.597
4615	7124	0.538
4615	51135	0.776
4661	891	0.611
4661	983	0.691
4738	5715	0.533
4772	356	0.575
4772	4205	0.662
4790	1387	0.634
4790	5595	0.731
4790	8439	0.489
4790	356	0.56
4790	248	0.457
4790	3458	0.569
4790	4792	0.819
4790	3551	0.803
4790	8517	0.775
4790	3558	0.525
4790	3565	0.622
4790	3569	0.613
4803	4914	0.767
4804	5879	0.51
9020	3551	0.625
9020	1147	0.638
9020	4214	0.705
9020	4690	0.553
51701	3172	0.496
51701	51176	0.354
4842	1487	0.338
4842	387	0.377
4842	0	0
4846	5138	0.462
4846	5138	0.462
27035	0	0
5579	4792	0.6
5579	5604	0.622
5579	5879	0.565
4909	4915	0.254
4914	1398	0.569
4914	5598	0.523
4914	2885	0.546
4914	3667	0.562
4914	5290	0.553
4914	5335	0.636
4914	6464	0.658
4914	9743	0.406
3164	581	0.384
3164	596	0.517
0	0	0
5933	898	0.731
5933	7027	0.815
4839	6774	0.652
5295	5290	0.873
5295	6654	0.771
5295	5291	0.875
9564	2889	0.596
9564	1398	0.669
1029	1869	0.649
1029	4193	0.61
1029	5290	0.337
1029	5925	0.628
1030	1021	0.626
1031	1019	0.744
2909	29984	0.712
2909	0	0
5375	2776	0
5375	2776	0
5375	2931	0
5375	2931	0
1026	10097	0.42
1026	10096	0.42
1026	890	0.51
1026	898	0.55
1026	983	0.722
1026	1017	0.657
1026	1017	0.657
1026	1019	0.636
1026	51085	0.546
1026	5544	0.559
1026	5111	0.57
1026	5313	0.417
5715	1017	0.626
2033	4286	0.513
2033	3164	0.556
2033	7157	0.653
1432	1386	0.772
1432	0	0
1432	1050	0.506
1432	3725	0.75
1432	2002	0.811
1432	5601	0.773
1432	9261	0.827
1432	4205	0.807
1432	5604	0.819
1432	5605	0.783
1432	8569	0.548
1432	9252	0.798
1432	4772	0.665
1432	8874	0.595
1432	8550	0.643
1432	5925	0.484
1432	9612	0.469
1432	6667	0.547
1432	6772	0.524
1432	4207	0
1432	79092	0.423
1432	9373	0.564
1432	2872	0.578
1432	1649	0.564
1432	7867	0.812
1432	7020	0.448
1432	8986	0.606
8874	207	0.589
8874	392	0.593
8874	998	0.625
8874	4792	0.546
8874	2033	0.488
8874	55566	0
8874	5970	0.553
7157	472	0.675
7157	578	0.562
7157	581	0.583
7157	596	0.629
7157	598	0.574
7157	637	0.609
7157	638	0.4
7157	1017	0.536
7157	355	0.618
7157	1647	0.598
7157	4193	0.626
7157	1029	0.651
7157	1026	0.72
7157	84172	0.313
7157	7314	0.638
7157	665	0.435
7157	666	0.483
7157	5366	0.635
7157	27113	0.69
4688	5879	0.44
6198	572	0.563
6198	1390	0.639
6198	2932	0.542
6198	6194	0.634
6198	5704	0.63
6198	29904	0.537
6198	0	0
7161	5544	0.382
7161	27113	0.592
6196	472	0.623
6196	545	0.543
6196	572	0.628
6196	572	0.628
6196	1385	0.842
6196	4661	0.758
6196	29904	0.334
26986	1981	0.882
5054	5327	0.512
5058	25	0.65
5058	10097	0.623
5058	10096	0.626
5058	572	0.503
5058	6416	0.691
5058	3984	0.787
5058	5604	0.702
5058	4214	0.679
5058	4638	0.39
5058	103910	0.32
5058	8874	0.521
5058	5894	0.686
5058	387	0.542
5058	6853	0.229
5062	4214	0.696
5074	2782	0.337
5074	2768	0.318
5074	10672	0.425
5074	2792	0.452
142	4790	0.538
142	9131	0.432
2324	27124	0.348
5111	1019	0.545
5138	820	0.157
5145	0	0
5148	5145	0.719
5156	808	0.545
5156	5290	0.634
5156	8720	0.345
5156	6772	0.472
5156	6774	0.554
5163	207	0.566
5164	207	0.592
5164	207	0.592
5164	5163	0.78
5164	50818	0
27043	1234	0.323
27043	7852	0.27
27043	5595	0.394
27043	0	0
27043	6714	0.247
5187	406	0.634
5187	406	0.634
5187	9575	0.733
5187	54205	0.373
5187	1195	0.165
9451	1965	0.596
9451	1965	0.596
5216	71	0.504
10891	2099	0.615
10891	10011	0.335
5290	207	0.6
5290	207	0.6
5290	10575	0.339
5290	998	0.594
5290	5598	0.61
5290	51341	0.552
5290	6517	0.503
5290	5604	0.698
5290	4790	0.599
5290	1432	0.636
5290	27124	0.478
5290	2185	0.517
5290	5879	0.61
5290	7409	0.78
5290	3611	0.429
5290	0	0
5290	0	0
5290	10000	0.508
5294	2185	0.551
5294	5829	0.524
8394	2934	0.403
8394	27124	0.618
27124	196	0.465
27124	1234	0.364
27124	1605	0.275
27124	1040	0.813
27124	5595	0.356
27124	2934	0.278
27124	2690	0.371
27124	808	0.361
27124	4790	0.276
27124	5163	0.599
27124	3632	0.871
27124	3632	0.871
27124	50818	0
27124	6502	0.362
3632	207	0.344
3632	9181	0.315
3632	5163	0.58
3632	27124	0.871
5567	572	0.604
5567	824	0.395
5567	51085	0.585
5567	1385	0.736
5567	1390	0.614
5567	84152	0.619
5567	4772	0.592
5567	1026	0.635
5567	5524	0.373
5567	6608	0.322
50818	596	0
50818	0	0
50818	23523	0
50818	5535	0
50818	50820	0
50818	1605	0
50818	1956	0
50818	1977	0
50818	1981	0
50818	1981	0
50818	2002	0
50818	0	0
50818	2931	0
50818	3672	0
50818	4082	0
50818	4790	0
50818	4842	0
50818	6198	0
50818	2185	0
50818	5883	0
50818	5894	0
50818	5879	0
50818	8720	0
50818	5704	0
50818	8877	0
50818	5587	0
50818	5589	0
50818	10235	0
50818	6548	0
5578	25	0.616
5578	596	0.541
5578	1977	0.543
5578	2931	0.575
5578	3667	0.59
5578	4082	0.435
5578	2911	0.386
5578	4842	0.526
5578	23236	0.566
5578	5728	0.57
5578	5894	0.73
5578	108	0.66
5578	111	0.644
5578	118	0.428
5578	2890	0.514
5578	156	0.588
5578	94274	0
5578	1716	0.384
5578	1759	0.284
5578	23114	0.309
5578	2554	0.368
5578	2596	0.273
5578	2741	0.356
5578	2897	0.414
5578	775	0.498
5578	4133	0.233
5578	4155	0.362
5578	2917	0.381
5578	282378	0
5578	2903	0.385
5578	774	0.357
5578	9373	0.505
5578	490	0.37
5578	10125	0.561
5578	25780	0.398
5578	6616	0.491
5585	94274	0
5610	1965	0.381
5610	1965	0.381
5610	7099	0.527
3936	2243	0.348
23236	1605	0.258
23236	808	0.558
23236	27124	0.372
23236	0	0
23236	0	0
5335	0	0
5335	1605	0.423
5335	1973	0.506
5335	808	0.688
5335	5290	0.785
5335	27124	0.435
5335	50818	0
5335	0	0
5335	0	0
5335	0	0
5340	3936	0.279
5347	4661	0.825
1263	995	0.527
1263	7157	0.621
23647	317	0.354
5464	572	0.275
5524	207	0.349
5524	324	0.319
5524	8312	0.302
5524	8312	0.302
5524	572	0.368
5524	51085	0.356
5524	84152	0.479
5524	10682	0.33
5524	6416	0.286
5524	5609	0.261
5524	5728	0.243
5524	4137	0.308
5524	408	0.362
5495	84152	0.398
8125	317	0.497
8125	836	0.481
5465	3320	0.437
5465	4792	0.516
5465	5601	0.475
5465	9612	0.637
5465	6714	0.339
8550	3315	0.569
5551	1017	0.292
5663	1499	0.279
5663	7314	0.464
5726	983	0.273
5728	5747	0.636
5728	5290	0.55
5728	27124	0.334
5728	3632	0.289
5728	0	0
2185	1956	0.698
2185	2309	0.502
2185	2885	0.479
2185	5599	0.587
2185	4205	0.519
2185	5606	0.583
2185	1432	0.607
2185	5879	0.641
2185	6464	0.602
2185	6714	0.676
2185	7248	0.463
2185	3737	0.258
5829	1398	0.583
5829	2534	0.6
5829	9564	0.606
5829	7094	0.601
5829	3611	0.579
5888	675	0.645
5883	596	0.303
5883	598	0.339
5894	572	0.687
5894	11184	0.688
5894	5604	0.813
5894	5605	0.765
8738	835	0.671
5898	10928	0.648
10928	207	0.555
10928	998	0.591
10928	998	0.591
10928	5879	0.56
5900	5898	0.523
5903	5901	0.664
5906	673	0.649
5908	5595	0.486
5908	5879	0.478
5908	29984	0.478
5914	1499	0.439
5879	317	0.423
5879	5595	0.688
5879	5594	0.717
5879	0	0
5879	4214	0.512
5879	4293	0.286
5879	56259	0.253
5879	4790	0.548
5879	1432	0.658
5879	4688	0.44
5879	5058	0.691
5879	5290	0.61
5879	5894	0.736
5879	5900	0.351
5879	6714	0.706
5879	7430	0.505
5879	673	0.497
5879	369	0.351
5879	5291	0.706
5923	207	0.532
5923	5879	0.558
5923	4893	0.688
5925	890	0.514
5925	891	0.641
5925	898	0.679
5925	7027	0.617
5925	1869	0.692
5925	4800	0.443
5925	84172	0.319
5970	3576	0.626
5649	7804	0.65
5649	3688	0.396
5649	7436	0.556
29984	1729	0.324
29984	6093	0.639
29984	280979	0
387	5747	0.579
387	0	0
387	4792	0.434
387	5599	0.441
387	1729	0.389
387	50818	0
387	5829	0.51
387	9475	0.537
387	280979	0
387	5589	0.39
0	0	0
10160	10672	0.298
10160	5585	0.401
10160	5585	0.401
10160	387	0.343
8737	9020	0.399
8737	142	0.445
8737	4215	0.473
8737	8476	0.278
9978	4088	0.403
6093	3984	0.65
6093	23209	0.38
6093	4638	0.489
6093	4660	0.487
6093	103910	0.426
6093	4542	0
6093	1488	0.224
6093	2623	0.395
9475	3984	0.641
9475	4660	0.528
9475	103910	0.431
9475	94274	0
9475	1808	0.621
9475	832	0.554
6098	2309	0.419
6197	572	0.616
6197	1385	0.851
6197	2353	0.821
6197	8290	0.421
55811	51761	0.057
6295	29984	0.439
56681	4087	0
56681	7046	0
6387	175	0
6387	2776	0.405
6387	2792	0.553
462	2147	0.613
462	2152	0.47
6464	5595	0.759
6464	2885	0.775
6464	5290	0.756
6464	5879	0.633
6464	6654	0.847
6464	3635	0.719
5777	3716	0.666
5777	3717	0.758
5777	6464	0.733
5777	6776	0.364
5777	7409	0.677
5777	367	0.581
5777	3937	0.561
5777	6778	0.596
5777	1500	0.279
5777	3815	0.63
5781	2549	0.669
5781	2885	0.741
5781	5604	0.679
5781	5290	0.741
5781	5829	0.572
5781	5829	0.572
5781	10252	0.364
5781	9846	0.612
25942	0	0
51763	50818	0
6500	4088	0.418
6500	4851	0.196
6500	2059	0.348
6500	4855	0.436
6500	6929	0.468
4088	9734	0.502
4088	4089	0.82
4089	993	0.379
4089	10140	0.513
4089	51176	0.504
4089	367	0.656
4089	2059	0.511
4089	126961	0
4089	5430	0.597
4090	1386	0.607
4091	4086	0.677
4092	4087	0.668
4092	4088	0.689
6608	2735	0.502
6608	2736	0.73
6608	2737	0.462
6608	4088	0.392
6608	6667	0.298
6608	10499	0.221
6608	1855	0.551
6608	1308	0.223
6608	5899	0.281
6609	581	0.36
6609	4214	0.537
6609	1329	0.575
6610	6609	0.783
9612	2099	0.621
9612	2100	0.73
9612	5241	0.796
6615	999	0.415
6615	1588	0.343
6647	0	0
9530	7132	0.607
9530	8717	0.724
9530	1796	0.669
9530	10657	0.497
9530	1646	0.337
9530	3691	0.283
9530	3815	0.392
9530	6934	0.391
6654	92170	0.357
6654	5879	0.72
6654	4893	0.902
6655	8874	0.763
6655	8874	0.763
6670	6667	0.821
8877	8720	0.534
10252	867	0.607
10252	1950	0.355
10252	9628	0.352
10252	2885	0.445
10252	5787	0.159
6714	2889	0.561
6714	867	0.592
6714	1956	0.675
6714	5747	0.711
6714	3716	0.384
6714	5604	0.681
6714	9564	0.665
6714	2909	0.439
6714	5335	0.681
6714	2185	0.676
6714	5829	0.58
6714	5879	0.706
6714	387	0.594
6714	6464	0.634
6714	25942	0.425
6714	6774	0.599
6714	6850	0.59
6714	7410	0.68
6714	156	0.559
6714	156	0.559
6714	2017	0
6714	1759	0.254
6714	2554	0.331
6714	28964	0.626
6714	2741	0.335
6714	775	0.413
6714	4593	0.444
6714	2903	0.352
6714	10657	0.5
6714	6712	0.324
6714	10188	0.54
6714	10000	0.466
6714	50807	0.782
6714	858	0.224
6714	2059	0.566
6714	9846	0.442
6714	28996	0.465
6714	3815	0.601
6714	5359	0.463
6714	10044	0.363
6714	6934	0.462
6722	2626	0.613
6772	10379	0.623
6773	10379	0.908
6774	2588	0.358
6774	148022	0.431
6774	6772	0.636
51684	1499	0.488
51684	6608	0.542
51684	6935	0.641
51684	1856	0.599
51684	3691	0.443
51684	3815	0.532
51684	5037	0
7341	1487	0.475
6850	29760	0.464
6850	27040	0.645
6850	5335	0.634
6850	6464	0.623
6850	7409	0.593
6850	203068	0.422
6850	5336	0.63
6850	3937	0.585
10454	5606	0.939
10454	9020	0.678
10454	51701	0.576
10454	1432	0.738
10454	6885	0.934
23118	6885	0.931
6885	5599	0.76
6885	6416	0.853
6885	5604	0.783
6885	5606	0.873
6885	5608	0.847
6885	5609	0.839
6885	9020	0.646
6885	51701	0.561
6885	6608	0.246
6885	10454	0.934
6885	10000	0.54
6885	28996	0.495
2783	0	0
6909	1029	0.396
7015	5728	0.186
7015	5728	0.186
7031	317	0.238
7031	2688	0.243
7031	3688	0.124
7032	317	0.439
7032	2688	0.024
7032	3688	0.299
7040	7046	0.682
7046	4087	0.681
7046	4088	0.659
7046	6885	0.461
7046	7048	0.697
7046	960	0.585
7046	2022	0.684
7046	2339	0.385
7046	5520	0.416
7048	10454	0.392
7048	7046	0.697
7048	7049	0.581
7048	23002	0
7048	8668	0.367
7048	2022	0.605
7049	7040	0.501
9093	3551	0.578
9093	3717	0.531
10499	367	0.557
7124	7132	0.543
7124	7133	0.237
7132	6416	0.638
7132	8717	0.777
7133	7186	0.269
8658	5728	0.274
8717	8772	0.649
8717	8737	0.687
8717	7186	0.733
7186	4217	0.637
7186	4217	0.637
7186	60489	0.316
7186	4792	0.645
7186	4023	0.343
7186	5604	0.651
7186	9525	0.31
7186	9525	0.31
7186	4790	0.585
7186	7157	0.582
7186	6885	0.7
7186	330	0.697
7186	29843	0.558
7189	51295	0.193
7189	1147	0.84
7189	5606	0.817
7189	4214	0.728
7189	10454	0.823
7189	23118	0.839
7189	6885	0.861
7204	5879	0.55
7001	8841	0.5
7248	6097	0.309
7249	7248	0.614
7249	54386	0.388
7275	2776	0.255
7291	1029	0.448
2793	5145	0.702
2793	2783	0.797
7297	6772	0.501
7297	6773	0.809
7297	6775	0.38
7314	581	0.486
7314	5694	0.703
7314	1629	0.454
7314	4040	0.407
7314	5715	0.707
7409	207	0.645
7409	5879	0.648
7409	29984	0.528
7409	387	0.558
7410	207	0.659
7410	392	0.659
7410	998	0.684
7410	5879	0.731
7422	3091	0.579
3791	207	0.621
3791	207	0.621
3791	5747	0.739
3791	5290	0.593
3791	5335	0.641
3791	6464	0.629
7434	820	0.292
8936	317	0.308
8936	10095	0.77
10163	317	0.228
10810	317	0.262
11197	7471	0.804
7471	8321	0.628
7471	8321	0.628
7471	3691	0.363
9049	196	0.554
9049	317	0.503
9049	3320	0.575
7498	0	0
331	332	0.495
331	836	0.61
331	840	0.56
331	842	0.666
331	842	0.666
331	1111	0.425
331	56616	0.561
331	5599	0.681
331	10454	0.664
331	6885	0.627
331	150684	0.474
7535	22915	0.451
7535	7410	0.671
7535	203068	0.497
7535	3937	0.678
6935	999	0.383
134	2773	0.64
134	0	0
135	0	0
135	0	0
8	5578	0
107	820	0.238
108	820	0.234
111	820	0.248
2261	1139	0.496
2261	1128	0.559
2261	1129	0.393
2261	1132	0.503
162	1211	0.63
162	1759	0.344
162	2554	0.354
0	134	0
0	135	0
952	0	0
148	2776	0.497
148	2767	0.586
148	0	0
150	2773	0.54
150	2775	0.219
150	0	0
1139	0	0
29091	6616	0.566
29091	6809	0.015
2890	0	0
0	1268	0
0	1269	0
64682	1499	0.163
57448	842	0.476
57448	56616	0.665
57448	27429	0.539
10603	867	0.664
10603	7410	0.776
55738	0	0
10564	0	0
9266	0	0
10095	280979	0
9532	596	0.228
9532	5894	0.394
10134	596	0.507
10134	598	0.548
10134	841	0.549
156	185	0.506
156	154	0.548
156	2776	0.462
156	1813	0.445
156	1129	0.52
156	4988	0.437
156	11318	0.938
156	367	0.5
627	4915	0.425
408	185	0.479
408	4217	0.498
408	154	0.58
408	8215	0
408	8321	0.434
408	175	0.211
408	4792	0.52
408	3667	0.428
408	5604	0.536
408	1432	0.538
408	5290	0.482
408	5894	0.584
408	387	0.452
408	6714	0.532
408	4988	0.408
408	2150	0.487
408	5144	0.345
408	367	0.59
408	5602	0.511
408	5602	0.511
408	64414	0
10018	578	0.703
10018	581	0.717
10018	596	0.586
10018	598	0.689
10018	599	0.682
10018	4170	0.614
3309	0	0
623	2776	0.569
623	2767	0.569
623	2773	0.569
623	0	0
0	623	0
673	11184	0.676
673	5604	0.641
673	5605	0.639
0	6261	0
9478	815	0.338
0	572	0
0	1385	0
0	84152	0
0	3708	0
0	4772	0
0	4842	0
0	4137	0
0	814	0
0	2554	0
0	5502	0
0	775	0
0	4133	0
0	2903	0
0	84867	0
0	6853	0
0	203068	0
801	3708	0
801	4082	0
801	4638	0
801	4842	0
801	23236	0
801	5923	0
801	107	0
801	118	0
801	9495	0
801	156	0
801	0	0
801	815	0
801	814	0
801	10645	0
801	1813	0
801	1612	0
801	29904	0
801	8826	0
801	2917	0
801	10497	0
801	2903	0
801	27360	0
801	5136	0
801	5153	0
801	5137	0
801	490	0
801	5864	0
801	4893	0
801	53827	0
801	6014	0
801	9610	0
801	6261	0
801	6712	0
801	9218	0
815	1385	0.558
815	4842	0.299
815	5923	0.57
815	6885	0.536
815	2890	0.66
815	3751	0.497
815	4133	0.238
815	774	0.42
815	5527	0.577
815	22895	0
815	9743	0.406
815	6261	0.252
815	1739	0.328
815	84687	0.309
815	6853	0.581
815	6857	0.427
815	8831	0.534
815	6809	0.357
815	7074	0.474
815	9846	0.472
814	1385	0.758
814	1390	0.638
814	4842	0.455
814	6853	0.406
10645	207	0.512
10645	8536	0.602
10645	814	0.499
9647	8536	0.462
9647	815	0.417
9647	814	0.458
11069	22999	0.6
10156	4893	0.403
53944	4772	0
53944	4137	0
53944	286	0
53944	1855	0
53944	5055	0
53944	490	0
53944	6809	0
53944	10716	0
857	2534	0.518
1268	2773	0.522
1268	2775	0.708
1268	0	0
1269	2773	0.554
1269	2775	0.615
1269	0	0
868	1398	0.559
868	1956	0.534
868	2534	0.572
868	2885	0.567
868	3932	0.525
868	5290	0.512
868	6464	0.585
868	6714	0.464
868	7410	0.651
868	9846	0.549
64781	5894	0.416
0	5578	0
0	64781	0
0	5501	0
0	5527	0
0	5138	0
0	5139	0
0	5140	0
0	5593	0
0	6855	0
330	836	0.598
330	840	0.527
330	841	0.774
330	56616	0.528
330	8915	0.676
1072	280979	0
1277	3688	0.53
94274	4660	0
1808	203068	0.647
80331	0	0
80331	774	0.654
1329	317	0.437
1812	2773	0.498
1812	0	0
1812	0	0
1813	2773	0.444
1813	2775	0.22
1813	2781	0.319
1813	0	0
1814	2885	0.406
1814	2773	0.458
1814	2775	0.252
1814	0	0
1612	6809	0.463
0	317	0
1636	0	0
1716	1605	0.215
1855	8312	0.56
1855	2149	0.503
8448	10497	0.565
1796	5921	0.593
4985	2773	0.498
4985	2775	0.339
4985	0	0
1859	1965	0.591
1859	4137	0.331
1859	7321	0.531
29904	1938	0.677
23362	0	0
8669	1982	0.626
6456	1601	0.51
6456	1856	0.482
6456	3815	0.522
6456	5037	0
5179	4985	0.82
5179	4986	0.766
5179	4988	0.818
5179	4987	0.537
1948	1796	0.564
1948	5921	0.583
0	1948	0
55914	4088	0.517
2241	1499	0.4
2335	3688	0.657
3350	2773	0.414
3350	0	0
3350	2781	0.495
3350	0	0
3356	2776	0.496
3356	0	0
3360	0	0
3360	0	0
11146	0	0
8637	1977	0.769
0	2550	0
2554	0	0
2550	2775	0.465
2550	0	0
10287	2776	0.555
2773	108	0.673
2773	111	0.633
0	107	0
0	108	0
0	111	0
2781	107	0.577
2781	111	0.594
6507	0	0
0	3667	0
0	5290	0
0	23236	0
0	107	0
0	108	0
0	156	0
0	3760	0
0	3736	0
0	774	0
0	773	0
0	5921	0
0	6809	0
2668	5947	0.131
3760	0	0
9229	4842	0.64
0	2911	0
0	2890	0
0	2897	0
0	2917	0
0	2903	0
0	2741	0
0	2903	0
6536	0	0
2887	5290	0.479
9743	207	0.259
9743	392	0.928
9743	998	0.299
3055	5335	0.617
3055	2005	0.373
3055	2697	0.484
3055	5801	0.245
3208	4671	0
9455	6261	0.055
5502	5501	0.524
3611	207	0.494
3611	2931	0.398
3611	94274	0
3611	10000	0.483
5055	5501	0.304
0	3708	0
8826	4893	0.664
8660	5295	0.75
8660	5290	0.688
8660	5296	0.706
9479	5599	0.553
9479	6416	0.665
9479	5609	0.626
9479	1432	0.514
9479	5923	0.573
9479	8788	0.467
9479	4294	0.657
9479	7074	0.564
0	0	0
3761	0	0
3766	0	0
4986	2773	0.569
4986	2775	0.492
4986	0	0
10256	5894	0.576
3736	0	0
3737	0	0
3739	0	0
3750	0	0
3751	0	0
3897	7430	0.594
23365	392	0.752
51176	4286	0.364
28992	8321	0.283
775	0	0
1128	2776	0.518
1128	2767	0.633
1128	0	0
1129	2773	0.585
1129	2775	0.615
1129	0	0
1132	1917	0
1132	2773	0.585
1132	0	0
10746	5594	0.47
10746	6416	0.558
10746	5609	0.528
10746	60675	0.471
10746	5607	0.502
8491	1432	0.542
50488	1432	0.633
10746	6416	0.558
4215	6416	0.588
4215	5609	0.565
4215	8491	0.757
4215	5607	0.481
4216	6416	0.594
4216	5609	0.613
4216	8491	0.8
4216	50488	0.627
2917	2773	0.68
2917	2775	0.305
2917	0	0
11221	5599	0.576
11221	5600	0.652
11221	5603	0.662
11221	5601	0.663
11221	1432	0.54
11221	5602	0.695
11221	6300	0.447
4294	6416	0.677
4294	5609	0.673
4294	1742	0.473
4294	6416	0.677
79092	1977	0.531
4988	2773	0.5
4988	2775	0.308
4988	0	0
8649	5594	0.375
8649	11184	0.491
10497	6809	0.571
25924	815	0.659
2035	2890	0.322
4671	836	0.637
4671	840	0.685
4671	842	0.485
85407	8215	0
85407	8321	0.457
4690	25	0.642
4690	5058	0.746
4690	8976	0.666
1991	154	0.394
1991	148	0.454
1991	150	0.502
4763	4893	0.528
2903	0	0
2903	5335	0.479
2903	1741	0.473
0	2983	0
4987	2773	0.507
4987	2775	0.59
4987	0	0
9518	2064	0.614
774	0	0
7533	572	0.51
7533	3667	0.411
7533	4772	0.461
7533	5894	0.589
7533	673	0.502
7533	1072	0.499
7533	2308	0.411
7533	7158	0.416
7533	9610	0
0	23236	0
0	5501	0
0	30011	0
5828	5724	0.201
5724	2776	0.413
5724	2773	0.517
5724	2775	0.497
5724	0	0
2150	2776	0.342
2150	0	0
8850	367	0.596
5136	0	0
5153	0	0
5137	0	0
5139	820	0.164
5140	820	0.154
5141	820	0
5142	820	0.241
5143	820	0
5144	820	0.046
8654	0	0
5154	5159	0.759
5159	5335	0.693
5159	5781	0.593
5159	10603	0.467
29943	0	0
5170	207	0.694
5170	6198	0.689
5170	6196	0.713
5170	50818	0
5170	5578	0.685
5170	6195	0.684
5170	10000	0.557
5170	5590	0.661
9693	54386	0.326
9693	5911	0.417
2983	0	0
9463	2917	0.292
5300	3725	0.647
5300	1499	0.289
0	207	0
0	836	0
0	841	0
0	842	0
0	1605	0
0	2934	0
0	8936	0
0	9266	0
0	156	0
0	1759	0
0	3760	0
0	490	0
0	22895	0
0	6261	0
0	207	0
0	5578	0
0	7410	0
0	9266	0
0	3611	0
0	5170	0
0	30011	0
5305	0	0
5566	154	0.495
5566	572	0.567
5566	1387	0.595
5566	1385	0.661
5566	84152	0.539
5566	3708	0.713
5566	4772	0.487
5566	4790	0.537
5566	4842	0.534
5566	1432	0.634
5566	23236	0.547
5566	5335	0.678
5566	5894	0.701
5566	5894	0.701
5566	5906	0.663
5566	6714	0.6
5566	4137	0.334
5566	118	0.443
5566	2890	0.528
5566	2668	0.461
5566	673	0.54
5566	10645	0.498
5566	1812	0.444
5566	2316	0.453
5566	2554	0.385
5566	2741	0.428
5566	5502	0.58
5566	2897	0.413
5566	3761	0.29
5566	3751	0.264
5566	775	0.595
5566	4133	0.228
5566	2917	0.324
5566	8428	0.533
5566	2903	0.412
5566	5139	0.473
5566	5140	0.417
5566	5144	0.529
5566	8654	0.281
5566	490	0.414
5566	773	0.507
5566	22895	0
5566	54386	0.408
5566	22999	0.455
5566	23557	0.35
5566	84687	0.398
5566	84867	0.146
5566	6853	0.276
5566	64414	0
5566	5256	0.49
5587	7533	0.484
5587	9846	0.455
5593	1385	0.587
5593	4842	0.456
5593	952	0.616
5593	2917	0.421
5593	8654	0.504
5569	5566	0.482
10887	1965	0
9373	8	0
490	0	0
5501	596	0.32
5501	1385	0.48
5501	815	0.438
5501	1072	0.33
5501	2903	0.322
5527	207	0.546
5527	572	0.547
5527	596	0.533
5527	8536	0.471
5527	1385	0.602
5527	2931	0.517
5527	9564	0.578
5527	814	0.599
5527	1072	0.535
5527	775	0.428
5527	4744	0.27
5527	2903	0.5
5494	8312	0.531
5494	572	0.459
5536	4137	0.499
773	0	0
3276	10657	0.499
832	280979	0
832	0	0
1742	4130	0
5770	3643	0.482
5786	2534	0.394
5786	3932	0.357
5786	6714	0.286
2664	5864	0.387
22895	5864	0
23613	2534	0.515
54386	5894	0.469
54386	5900	0.36
54386	673	0.424
5909	5906	0.599
5909	54386	0.427
5911	5900	0.404
5911	4893	0.544
4893	5290	0.778
4893	5894	0.818
4893	5900	0.687
4893	673	0.733
4893	4296	0.553
5921	207	0.573
5921	5879	0.626
5921	4893	0.586
10125	4893	0.793
25780	54386	0.399
25780	4893	0.602
5947	2885	0.258
5947	6464	0.244
5997	2776	0.376
5997	2767	0.346
5997	2773	0.34
5999	2776	0.364
6009	5894	0.647
22999	10497	0.564
22999	7533	0.565
22999	5864	0.721
22999	22895	0
22999	6616	0.758
22999	6857	0.73
9610	4893	0
6195	572	0.616
6195	1385	0.848
6195	9978	0.391
6195	29904	0.316
6195	0	0
777	0	0
6261	0	0
0	5704	0
0	6729	0
10657	1387	0.602
1739	2897	0.474
11231	3309	0.219
11231	0	0
0	3350	0
0	3358	0
0	3356	0
0	3360	0
50944	8874	0.309
30011	3717	0.381
30011	10252	0.625
30011	89	0.409
30011	5947	0.204
6478	7410	0.717
10572	598	0.538
6616	774	0.604
23557	111	0.391
23557	6616	0.618
0	6507	0
0	3760	0
6717	6261	0.656
6494	54386	0.484
84687	5501	0.351
6729	0	0
6729	6734	0.823
6734	0	0
0	6751	0
0	6752	0
6751	2773	0.628
6751	2775	0.505
6751	0	0
6752	2773	0.568
6752	2775	0.461
6752	0	0
6752	30011	0.446
84867	5594	0.149
84867	8520	0.277
84867	11143	0.263
9900	6857	0
6853	280979	0
6853	2781	0.492
6857	775	0.431
6857	777	0.522
6857	6809	0.493
8831	4893	0.442
9751	6809	0.176
6809	3736	0.357
6809	774	0.392
0	6850	0
6932	6722	0.539
6932	51176	0.491
7454	10097	0.768
7454	1268	0.287
7074	207	0.492
4915	2534	0.655
4915	3667	0.589
4915	6464	0.631
4915	8660	0.577
5644	2150	0.191
203068	1759	0.382
7408	280979	0
7417	578	0
7417	578	0
7417	581	0
7417	1329	0
7448	3688	0.645
7443	1386	0.389
7475	8321	0.602
7475	28992	0.282
2872	1977	0.583
9611	2099	0.612
9611	5241	0.723
11318	408	0.706
43	317	0.368
43	1329	0.471
10188	7094	0.502
10188	7414	0.337
10188	4168	0.578
10000	572	0.474
10000	572	0.474
10000	581	0.403
10000	842	0.567
10000	2931	0.431
10000	7248	0.414
10000	331	0.499
10000	2308	0.492
10000	5140	0.4
51074	317	0.528
367	2770	0.436
367	2767	0.523
367	6772	0.59
367	2308	0.549
367	50807	0.42
367	4486	0.613
367	7329	0.529
369	5604	0.382
369	5605	0.362
369	7337	0.527
9459	207	0.538
9459	998	0.519
9459	5058	0.522
5414	331	0.645
50807	1029	0.305
50807	367	0.42
29108	581	0.525
57099	317	0.916
10017	581	0.51
23786	1329	0.427
599	572	0.419
599	578	0.473
599	581	0.475
599	637	0.622
599	638	0.592
599	10018	0.682
613	6850	0.476
51283	841	0.873
7009	581	0
90427	596	0.515
90427	598	0.678
90427	599	0.666
90427	4170	0.612
664	596	0.605
664	598	0.658
665	596	0.484
665	598	0.612
666	1329	0.394
9970	0	0
9970	5604	0.631
9970	156	0.509
9970	6646	0.262
1513	581	0.326
25776	1499	0.315
930	5295	0.738
930	7409	0.846
940	916	0.71
961	664	0.314
9350	7471	0.505
3880	842	0.212
1119	8312	0.419
1119	1499	0.326
1119	8215	0
4963	637	0
1195	5187	0.165
4934	572	0
4934	4772	0
10524	4851	0.316
10524	367	0.596
10524	351	0.397
10524	28514	0.401
10524	3714	0.287
10524	4853	0.448
10524	4854	0.455
10524	4855	0.43
84876	0	0
1410	581	0.506
1410	598	0.534
1410	836	0.542
1493	916	0.694
5478	9131	0.251
10870	5290	0.449
10870	5335	0.447
10870	7409	0.609
10870	3937	0.678
190	2099	0.612
190	7471	0.398
8771	356	0.873
22861	317	0.611
22861	842	0.64
11315	581	0.489
10294	581	0.148
140735	90427	0.785
7786	6416	0.587
7786	5609	0.57
1400	581	0.257
2100	2099	0.755
2065	5295	0.687
5783	841	0.115
5783	8772	0.073
2247	2263	0.684
2247	6383	0.451
2263	5335	0.501
2263	6464	0.454
2263	10818	0.315
2263	6646	0.068
9994	841	0.677
6422	8321	0.533
6422	7471	0.535
10818	2885	0.746
10818	5781	0.668
1	23368	0
2778	427	0.344
6540	5148	0.285
629	427	0.364
629	427	0.364
629	1956	0.365
629	5290	0.455
629	5879	0.363
629	156	0.346
629	1839	0.54
629	3339	0.297
23092	29984	0.699
9265	1029	0.309
1839	1956	0.667
3094	5894	0.655
8739	596	0.317
8739	598	0.463
8739	599	0.494
8739	4170	0.338
3329	836	0.471
3329	839	0.321
3303	9131	0
6383	2247	0.451
6383	2263	0.26
83696	6850	0
3802	5777	0.459
56998	1499	0.36
80319	8215	0
3440	3454	0.693
3454	3716	0.753
3454	7297	0.759
9641	3661	0.809
3596	3597	0.938
3596	3598	0.607
3597	3717	0.938
3597	7297	0.805
3597	3566	0.938
3598	3566	0.833
3561	3718	0.549
3566	3716	0.605
3566	3597	0.938
3566	3561	0.832
3570	3716	0.476
55437	331	0.38
4188	3172	0.4
3630	3643	0.738
51135	7189	0.666
11213	3654	0.7
11213	51135	0.417
3702	5335	0.703
3718	3716	0.449
5602	1386	0.88
5602	3725	0.857
5602	4772	0.77
5602	7157	0.492
5602	6464	0.74
5602	319	0.281
2547	581	0.319
607	1499	0
79444	836	0.538
79444	840	0.636
79444	842	0.506
4018	9170	0.265
4035	8312	0.281
4035	8321	0.337
4035	7471	0.251
9175	6416	0.478
9175	5609	0.466
1845	5599	0.763
1845	5601	0.861
1845	5602	0.879
64112	581	0.607
64112	596	0.521
64112	598	0.674
7867	3315	0.551
4170	578	0.529
4170	581	0.479
4170	10018	0.614
4170	1329	0.328
4170	666	0.603
7020	3725	0.413
5607	5598	0.719
9927	578	0.358
9927	581	0.309
1846	5595	0.746
1846	5594	0.785
1846	5599	0.769
1846	5601	0.888
1846	5602	0.911
1848	5595	0.705
1848	5594	0.747
1852	5595	0.392
1852	5594	0.409
4296	6416	0.581
4296	5609	0.574
4342	5604	0.536
4342	5605	0.545
8986	1385	0.609
8986	1978	0.559
8986	466	0.517
4836	637	0.674
5366	578	0.667
5366	581	0.664
5366	596	0.63
5366	598	0.669
5366	4170	0.533
10193	57448	0.662
55075	317	0
8976	280979	0
27429	331	0.537
27429	57448	0.539
27429	10456	0.533
5291	23368	0.253
5291	54545	0
925	8739	0.262
8503	5291	0.601
10714	2099	0.433
10714	10011	0.306
23368	5291	0.253
5296	5291	0.909
1844	5595	0.28
1844	5594	0.272
51237	842	0.318
79581	8215	0
64414	820	0
5256	5834	0.912
8554	4089	0.55
8554	6772	0.637
11040	572	0.505
5590	6198	0.578
5590	5037	0
3339	1605	0.332
3339	0	0
3339	0	0
5336	1605	0.401
5241	2099	0.704
5621	581	0.281
5757	8125	0.975
5757	1329	0.882
10076	3716	0.341
10076	6772	0.338
10076	7297	0.392
27113	581	0.744
27113	596	0.662
27113	598	0.653
27113	599	0.572
27113	4170	0.572
5834	5837	0.985
26108	607	0
10235	5879	0.567
11331	2099	0.988
5308	2770	0.273
5308	2776	0.332
5308	2778	0.333
8204	2099	0.592
1969	2885	0.497
1969	5335	0.609
1969	6464	0.56
1969	1	0
1969	23368	0.191
6259	8215	0
6259	8321	0.625
6296	473	0
23013	9611	0.564
23013	10011	0.445
23013	23426	0.536
8431	2099	0.541
6597	1499	0.308
6597	2099	0.661
1154	3643	0.447
1154	3716	0.422
1154	3717	0.48
56848	598	0.466
10011	2099	0.375
10011	10714	0.306
6646	1026	0.07
6646	6772	0.099
29110	3661	0.854
7006	7409	0.639
7006	1796	0.573
23389	2099	0
6097	1978	0.427
6097	6198	0.448
1326	5604	0.638
1326	5605	0.638
55240	665	0.28
7318	7189	0.614
8457	79370	0
54739	331	0.339
51776	6416	0.673
51776	5609	0.693
7791	7408	0.457
102	28514	0.471
6868	4851	0.433
83737	6456	0.422
83737	3815	0.436
25898	367	0.346
59343	6934	0.395
667	10048	0.525
667	7472	0.258
960	4088	0.53
960	4089	0.489
960	2059	0.456
1025	126961	0
4435	9846	0.383
1459	1855	0.382
1459	2059	0.399
1213	5781	0.258
1213	7471	0.155
1213	23426	0.229
1213	3636	0.482
10987	4089	0.506
1453	2059	0.534
1454	1855	0
10664	23002	0
23002	367	0
1601	3398	0.437
1601	3399	0.413
55802	7471	0.308
1999	1855	0.557
1999	1915	0.574
1999	9846	0.479
5045	4851	0.339
2535	6722	0.548
2535	1855	0.632
2535	1856	0.701
2535	2059	0.421
9846	6464	0.699
9846	5777	0.619
9846	6772	0.453
9846	6774	0.475
9846	7410	0.686
9846	2887	0.441
9846	5338	0.52
9846	5921	0.434
9846	634	0.312
9846	2060	0.448
9846	2059	0.458
9846	3875	0.276
9846	9063	0.324
9846	6004	0.321
9846	6777	0.268
9846	6934	0.394
8520	5781	0.168
8520	6774	0.237
8520	2887	0.136
8520	84867	0.277
8520	8290	0.786
8520	5515	0.373
8520	5801	0.198
8520	6929	0.302
8520	7050	0.435
11143	9978	0.267
11143	4087	0.236
11143	4088	0.263
11143	6774	0.243
11143	2887	0.129
11143	84867	0.263
11143	367	0.329
11143	9541	0.405
11143	5515	0.38
11143	5801	0.19
11143	9712	0.213
11143	10044	0.173
11143	6929	0.317
11143	7050	0.434
11143	8462	0.331
28996	2516	0.449
3815	6772	0.526
3815	6776	0.302
3815	7409	0.575
3815	161742	0.199
3815	200734	0.188
3815	6777	0.364
3955	4851	0.449
3955	4853	0.62
4242	28514	0
4242	182	0
4242	4853	0
9063	4089	0.449
4316	3691	0.323
8650	4851	0.379
56924	367	0.572
51588	51176	0.212
51588	6934	0.332
23509	4088	0.468
23509	1855	0.444
23509	2887	0.353
23509	4851	0.37
23509	858	0.17
23509	28514	0.537
23509	182	0.434
23509	5076	0.357
23509	5515	0.537
5515	815	0.512
5515	25898	0.391
5580	1601	0.51
5580	3655	0.496
5580	3691	0.346
5582	1601	0.477
5582	1856	0.478
5582	5037	0
8643	1796	0.821
8643	3815	0.434
5782	5359	0.389
5801	3055	0.245
5801	8520	0.198
5801	11143	0.19
10048	6608	0.287
2963	6608	0.219
2963	5801	0.284
2962	5430	0.916
2962	10048	0.237
2962	7472	0.364
9712	2668	0.153
9712	815	0.193
9712	4131	0.427
9712	25898	0.222
9712	8668	0.188
9712	2059	0.213
9712	4853	0.165
29843	10499	0.596
2516	51176	0.308
2516	4602	0.577
2516	6934	0.429
57154	4092	0.592
57154	7046	0.573
58533	4155	0.22
58533	7337	0.262
9021	1857	0.404
57559	8520	0
6777	5607	0.455
7329	367	0.529
7329	7337	0.65
7321	6498	0.618
7322	4087	0.428
7323	4087	0.611
7337	8520	0.308
7337	11143	0.267
8409	8520	0.419
8409	11143	0.451
7472	23509	0.409
8882	29843	0.389
