10971	572	0.695
10971	572	0.695
10971	581	0.694
10971	596	0.774
10971	2309	0.776
10971	2308	0.815
7128	1843	0.876
7128	7186	0.722
7128	7189	0.736
5345	3936	0.581
4961	397	0
4961	2932	0
4961	4137	0
25	1020	0.721
25	1398	0.869
25	5599	0.839
25	1029	0.83
25	7161	0.78
25	5829	0.774
25	5888	0.863
25	5883	0.779
25	7410	1
25	1796	0.882
25	7158	0.817
427	51761	0.498
427	820	0.612
427	2588	1
1145	808	0.602
71	317	0.781
87	280979	0
87	7791	0.716
8038	1950	0.601
4303	355	0.737
185	0	0
185	3716	0.635
186	4683	0.387
11214	387	0.691
207	4303	0.943
207	572	0.744
207	572	0.744
207	842	0.69
207	842	0.69
207	1385	0.82
207	2309	0.919
207	5871	0
207	2908	0.899
207	2931	0.682
207	2932	0.914
207	2932	0.914
207	2792	0.697
207	3320	0.874
207	3551	0.766
207	1147	0.828
207	8517	0.894
207	4193	0.907
207	4214	1
207	4293	0
207	2475	0.732
207	4846	0.873
207	5058	0.703
207	5894	0.867
207	5894	0.867
207	5879	0.763
207	6647	0.77
207	6774	0.97
207	7015	0.649
207	7248	0.768
207	280979	0
207	2308	0.931
207	4216	1
207	4294	1
207	4294	1
207	7158	0.876
207	4296	0.8
657	1386	0.53
353	5562	0.875
5562	31	0.731
5562	1026	0.832
4878	2983	0.691
317	842	0.889
317	54205	0.624
317	57591	0.673
324	8312	0.779
324	1499	0.83
333	7314	0.669
375	5581	0.831
375	5333	0.849
392	387	0.613
392	9475	0.662
392	11113	0.619
392	5305	1
393	387	0.652
394	29984	0.898
394	387	0.652
395	387	0.599
9138	392	0.808
9138	387	0.713
9826	387	0.696
7984	387	0
405	196	0.69
10097	280979	0
4217	5599	0.689
4217	6416	1
4217	5606	0.689
4217	5608	0.666
4217	5609	0.762
1386	3725	0.793
1386	3458	0.478
1386	3558	0.478
1386	3565	0.556
1386	0	0
1386	7193	0
472	25	0.616
472	672	0.577
472	675	0.596
472	1111	0.763
472	11200	0.945
472	2177	0.777
472	4683	0.734
472	4790	0.632
472	7157	0.712
472	7157	0.712
51761	820	0.524
51761	820	0.524
51761	842	0.495
545	472	0.846
545	672	0.629
545	1111	0.769
545	11200	0.918
545	2177	0.805
545	7157	0.794
545	1263	0.688
545	5884	0.847
551	0	0
8312	1499	0.706
8312	2931	0.657
8312	4214	1
8312	4216	1
154	0	0
154	0	0
572	578	0.807
572	581	0.648
572	596	0.775
572	596	0.775
572	598	0.736
572	598	0.736
572	842	0.708
572	599	0.76
578	572	0.807
578	598	0.695
578	56616	0.56
578	1329	0.731
581	572	0.648
581	578	0.708
581	596	0.832
581	596	0.832
581	56616	0.585
581	1329	0.647
596	317	0.578
596	572	0.775
596	578	0.856
596	581	0.832
596	598	0.797
596	637	0.847
596	638	0
596	6609	0.527
596	10018	0.615
596	1329	0.753
596	9445	0.756
596	5366	0.838
598	317	0.542
598	572	0.736
598	578	0.695
598	581	0.815
598	596	0.797
598	637	0.746
598	638	0
598	638	0
598	54205	0.742
598	7157	0.764
598	10018	0.808
598	1329	0.692
598	79370	0.746
598	666	0.857
598	5366	0.818
637	578	0.803
637	581	0.767
637	1329	0.882
637	7417	0.839
638	596	0
638	598	0
332	56616	0.452
332	331	0.632
332	56604	0
29760	2885	0.796
29760	7409	0.962
29760	5336	0.913
659	1386	0.487
695	355	0.871
695	5335	0.787
695	5336	0.853
8945	1499	0.352
8945	1499	0.352
2889	5906	0.785
2889	54386	0.458
2889	4893	0.545
0	824	0
0	889	0
0	816	0
0	0	0
0	1452	0
0	1455	0
0	30818	0
0	2978	0
0	4772	0
0	4790	0
0	4846	0
0	50818	0
0	5578	0
0	5319	0
0	5524	0
0	2185	0
0	111	0
0	89	0
0	801	0
0	821	0
0	811	0
0	10156	0
0	8448	0
0	1759	0
0	3208	0
0	23413	0
0	22895	0
0	10125	0
0	6717	0
0	9900	0
0	6853	0
0	6857	0
0	7447	0
0	4934	0
23523	10014	0.859
23523	0	0
790	1676	0.762
5535	23523	0
5535	4772	0
5535	4842	0
823	581	0.702
823	637	0.869
823	23523	0.735
823	842	0.645
823	5747	0.811
823	5829	0.811
823	5879	0.919
823	387	0.886
823	7094	0.909
823	4137	0.646
823	7430	0.764
823	2890	0.613
823	4133	0.454
823	2903	0.677
823	6712	0.711
824	23523	0.624
824	5747	0.683
824	5829	0.73
824	7094	0.798
831	823	0.885
831	7430	0.639
889	23523	0.557
889	5535	0
889	8536	0
889	4772	0.585
889	2185	0.519
8536	1385	0
8536	10014	0
8536	4208	0
8536	9734	0
8536	5879	0
8536	6853	0
816	1385	0.745
816	4137	0.62
820	10411	0.695
820	5567	0.654
820	5567	0.654
820	5576	0.65
820	11069	0.529
820	5566	0.528
820	1260	0.441
10487	4661	0.733
10487	4661	0.733
10498	1387	0.933
10498	1499	0.56
10498	2033	0.976
843	317	0.61
843	836	0.796
843	2188	0.384
843	248	0
843	7157	0.646
835	637	0.809
835	4000	0.787
836	317	0.72
836	317	0.72
836	572	0.741
836	581	0.66
836	596	0.788
836	598	0.719
836	637	0.796
836	790	0.774
836	839	0.907
836	840	0.949
836	841	0.732
836	5591	0.797
836	5747	0.78
836	6711	0.741
836	6711	0.741
836	2620	0.694
836	2934	0.66
836	2934	0.66
836	1676	0.924
836	1676	0.924
836	4214	1
836	5062	0.961
836	142	0.851
836	5925	0.737
836	6093	0.749
836	331	0.921
836	10018	0.537
836	0	0
836	1982	0.762
836	4207	0
836	5305	1
836	10887	1
836	5527	0.708
836	22985	0.81
836	4170	0.797
836	4719	0.56
839	836	0.907
839	1676	0.915
839	4000	0.751
839	4000	0.751
839	4001	0.773
839	84823	0
839	5058	0.516
840	790	0.771
840	790	0.771
840	842	0.738
840	5747	0.802
840	1676	0.969
840	142	0.835
840	4207	0
840	10887	0.758
841	4217	0.542
841	4217	0.542
841	637	0.751
841	843	0.881
841	836	0.732
841	248	0
841	9525	0.704
841	8737	0.85
841	10887	0.758
841	9191	0.647
842	836	0.697
842	836	0.697
842	839	0.73
842	839	0.73
842	840	0.738
847	6098	1
867	1956	0.702
867	5335	0.737
867	7535	0.858
867	916	0.708
867	2263	0.756
867	10818	0.778
1387	3725	0.928
1387	1499	0.556
1387	2002	1
1387	2099	0.888
1387	7088	0.922
1387	3932	0.573
1387	8874	0.589
1387	8850	0.826
1387	6932	0.794
1387	10011	0.771
890	983	0.772
890	1017	0.822
890	1019	0.797
890	1021	0.794
890	1869	0.855
891	983	0.844
595	1869	0.697
595	5925	0.679
595	5925	0.679
894	5925	0.708
896	5925	0.207
898	5925	0.741
0	1385	0
0	3708	0
929	7097	0.683
929	7099	0.73
948	1432	0.676
920	7535	0.82
5788	3932	0.722
995	983	0.759
995	983	0.759
993	1017	0.759
993	1021	0.696
995	983	0.759
997	898	0.905
997	1869	0.795
998	5871	0
998	4214	1
998	4293	0
998	5058	0.738
998	8936	0.488
998	4216	1
998	4294	1
998	4294	1
998	7454	0.582
998	10188	0.666
998	4296	0.601
983	572	0.66
983	891	0.844
983	5347	0.87
1017	1869	0.717
1017	5715	0.716
1017	5925	0.688
1020	317	0.529
1020	84152	1
1020	5604	0.716
1020	5058	0.747
1020	4137	0.742
1020	282378	0
1020	4744	0.715
1021	596	0.726
1021	5925	0.615
1022	1017	0.842
1050	3725	1
1111	995	0.798
1111	995	0.798
1111	5545	0.868
1111	7157	0.838
11200	672	0.588
11200	5545	0.482
11200	7157	0.747
1123	5879	1
8646	659	1
56616	332	0.452
56616	248	0
56616	331	0.671
56616	330	0.671
56616	79444	0.608
329	836	0.815
329	840	0.771
3725	1385	0.967
3725	10018	0.409
3725	8739	0.747
1452	4772	0.75
1452	11076	0.695
1452	7157	0.696
1455	84152	1
1456	1409	0
1456	5187	0
1457	324	0.634
1457	637	0.65
1457	638	0
1457	8215	0
1457	5601	0.742
1457	5601	0.742
1457	6722	0.722
1457	7471	0.621
9575	406	0.917
4609	1029	0.886
4609	6667	0.906
1073	317	0.62
1385	1387	0.905
1385	2668	0.63
1385	0	0
1385	8660	0.553
1385	2959	1
1385	6872	0.814
1390	1385	1
1390	30818	0
1398	25	0.869
1398	2889	0.767
1398	1793	0.962
1398	11184	0.785
1398	9743	1
1399	2889	0.9
1399	1793	0.838
1409	581	0.656
1409	598	0.749
1436	2113	0.56
1436	6196	0.608
1445	5747	0.736
1445	3932	0.821
1445	4067	0.902
1445	5829	0.732
1445	6714	0.872
1487	3172	0.794
1487	8204	0.678
5932	672	0.634
1499	1387	0.556
1499	9734	0.577
1499	3172	0.542
1499	7314	0.567
1499	51176	0.597
1499	51176	0.597
1499	6932	0.482
54205	317	0.624
54205	834	0.521
54205	56616	0.736
54205	5187	0.837
25802	820	0.63
28503	5495	0
1605	1040	0.452
1605	50818	0
1605	5578	0.77
1605	10125	0.618
84152	1020	1
84152	2644	1
84152	5464	1
84152	5501	1
1616	4217	0.618
1616	6416	1
5694	898	0.819
5694	1499	0.51
5694	1869	0.704
5694	4193	0.83
5694	5715	0.882
5694	6622	0.655
1040	50818	0
0	2911	0
1730	5216	0
22943	7471	0.779
22943	4035	0.628
5591	7157	0.768
1793	207	0.92
0	25802	0
0	28503	0
0	1812	0
0	1813	0
0	1814	0
7027	898	1
8718	841	0.643
30818	1385	0
30818	1385	0
30818	2353	0
30818	0	0
30818	3750	0
30818	3751	0
30818	8739	0
8215	2931	0
8215	2932	0
0	5610	0
8655	5879	0.703
8655	10018	0.565
2118	1029	1
1869	637	0.595
1869	7027	1
1869	1029	0.749
1869	5925	0.856
1869	5925	0.856
1869	4088	0.65
1869	10018	0.377
1869	8739	0.747
1869	5366	0.722
1869	27113	0.55
1738	7341	0.766
10682	1977	0.451
10682	1981	0.727
51295	4214	0.834
1909	4683	0.363
1950	1956	0.566
1956	843	0.658
1956	867	0.702
1956	2064	0.849
1956	2885	0.752
1956	5604	0.814
1956	4214	0.834
1956	4772	0.627
1956	1432	0.688
1956	5335	0.658
1956	2185	0.628
1956	5879	0.741
1956	29984	0.63
1956	6464	0.7
1956	6714	0.769
1956	6772	0.645
1956	6774	0.734
1956	7409	0.63
1956	8936	0.416
1956	2035	0.599
1956	4690	0.7
1956	5921	0.597
1956	2065	0.771
1956	6646	0.68
1959	572	0.758
1959	664	0.776
1959	665	0.735
1978	1973	0.77
1978	1977	0.655
1978	1977	0.655
1967	1965	0.827
1967	1965	0.827
1967	1147	0.752
8661	1973	0.738
1973	6194	0.662
1975	1973	0.844
1975	6194	0.571
1983	1965	0.698
2002	3725	1
2002	2353	1
2002	0	0
10411	0	0
10411	5906	0.737
10411	54386	0.501
2057	6464	0.849
2064	2885	0.804
2064	5290	0.663
2064	5335	0.728
2064	6464	0.702
2064	6714	0.789
2064	5921	0.706
2064	6640	0.706
2064	2886	0.536
5595	2002	1
5595	4638	0.696
5595	8569	1
5595	9252	0.758
5595	6196	0.777
5595	2872	0.695
5595	10524	0.683
5595	8986	0.73
5594	842	0.555
5594	1387	0.76
5594	3725	0.691
5594	1385	0.687
5594	1956	0.77
5594	1958	0.758
5594	2002	1
5594	5595	0.981
5594	2353	0.698
5594	5599	0.736
5594	9261	0.814
5594	4082	0.716
5594	4638	0.708
5594	8569	1
5594	9252	0.758
5594	6196	0.774
5594	5163	0.608
5594	27124	0.697
5594	5319	0.514
5594	6197	0.654
5594	6773	0.765
5594	4137	0.635
5594	3172	0.758
5594	3751	0.52
5594	4207	0
5594	79092	0.705
5594	4744	0.631
5594	4741	0.231
5594	9373	1
5594	6195	0.78
5594	10657	0.693
5594	6853	0.647
5594	2872	0.683
5594	10524	0.675
5594	8986	0.733
5598	4205	0.92
5598	6196	0.939
5598	7020	0.855
0	2069	0
0	53615	0
2114	2113	0.833
2160	2158	0.846
2165	2147	1
2147	2243	0.804
2147	2149	0.724
2155	2159	0.943
8772	843	0.928
8772	841	0.831
8772	4615	0.622
8772	4790	0.547
8772	6609	0.212
8772	9191	0.446
5747	5594	0.812
5747	2534	0.617
5747	2885	0.688
5747	3569	0.41
5747	9564	0.785
5747	5290	0.602
5747	5335	0.639
5747	5829	0.848
5747	6464	0.57
5747	6714	0.671
5747	89	0.751
5747	50807	0
5747	23092	1
5747	2886	0.737
5747	1969	0.618
8439	6610	0.758
2178	2177	0.885
2191	841	0.488
2191	2188	0.293
355	1616	0.706
355	1956	0.742
355	8772	0.738
355	356	0.767
355	3552	0.626
355	4790	0.702
355	8737	0.714
355	5777	0.825
355	10016	0.749
355	5783	0.792
355	23017	1
356	355	0.767
356	355	0.767
0	0	0
2243	3688	0.598
2309	356	0.784
2309	10018	0.496
0	427	0
2353	3725	0.878
10023	2931	0
10023	2932	0
8321	8215	0
8321	175	0.487
8321	3936	0.692
8321	3936	0.692
8321	408	0.716
2488	2492	0.758
2534	1499	0.502
2534	1600	0
2534	5335	0.68
2534	6464	0.77
2534	6773	0.83
2534	2890	0.527
2534	775	0.707
2534	2903	0.641
2534	203068	0.584
175	8215	0
175	5595	0.639
175	2776	0.767
175	2792	0.443
175	5294	0.608
2549	1398	1
2549	11184	0.619
2549	5295	1
2549	5290	1
2549	5290	1
2549	4215	1
1647	983	0.743
1647	4216	1
2770	427	0.599
2770	2782	0.884
2770	5290	0.591
2770	5294	0.713
2770	5879	0.718
2770	6714	0.801
2770	673	0.664
2770	5909	0.661
2770	629	0.745
9628	92170	0.613
9628	5879	0.75
2776	92170	0.526
2776	5604	0.802
2776	23236	0.758
2776	3339	0.777
2626	6767	0.774
2626	6722	0.922
2782	2770	0.884
2782	9181	0.759
2782	2792	0.788
2782	5290	0.627
79751	92170	0.827
2978	83733	0
5871	4214	0
440275	1965	0.697
0	1965	0
0	92170	0
0	3838	0
0	5295	0
0	5062	0
0	5894	0
0	5901	0
0	5879	0
0	387	0
9181	207	0.82
9181	375	0.798
9181	392	0.669
9181	5879	0.785
9181	29984	0.667
2934	842	0.544
2934	280979	0
2670	7314	0.763
9771	5567	0.852
2688	2690	0.634
2690	3479	0.701
2690	5290	0.532
2767	427	0.688
2767	891	0.657
2767	2776	1
2767	5606	0.732
2767	4661	0.837
2767	23236	0.758
2767	629	0.822
2768	11214	0.646
2768	9138	0.693
2768	387	0.735
2768	10160	0.678
2768	6714	0.608
2768	5921	0.515
2768	5607	0
2768	5589	0.534
2768	7006	0.39
10672	9138	0.715
10672	4217	0.395
10672	998	0.68
10672	2185	0.573
10672	10160	0.688
10672	5962	0.883
2769	1605	0.532
2769	23236	0.545
23566	4878	0.601
2876	2937	0.757
2908	1843	0.916
2908	5290	0.591
2885	867	0.756
2885	5595	0.775
2885	2549	1
2885	5335	0.793
2885	5879	0.741
2885	6464	0.67
2885	6654	0.711
2885	10252	0.711
2885	7410	1
2885	8936	0.501
2885	1759	1
2885	5786	0.702
2885	10657	0.74
2885	1	0.64
7088	3172	0.957
7088	51176	0.86
2937	0	0
2931	8312	0.657
2931	3725	0.422
2931	1385	0.429
2931	1499	0.397
2931	4286	0.574
2931	4772	0.67
2931	5663	0.369
2931	4137	0.434
2931	64682	0.57
2931	5055	0.448
2931	8894	0.575
2932	207	0.914
2932	8312	0.845
2932	595	0.749
2932	1499	0.655
2932	1965	0.65
2932	2931	0.812
2932	6608	0.749
2932	4137	0.67
2936	0	0
0	2937	0
92170	1730	0
92170	0	0
92170	5604	0.567
92170	4214	0.556
92170	2644	0.544
92170	6198	0.722
92170	5058	0.402
92170	5334	0
92170	5337	0.542
92170	23647	0.495
92170	5894	0.653
92170	5901	0.611
92170	5879	0.508
92170	5879	0.508
92170	387	0.348
92170	6093	0.437
92170	8936	0.39
92170	10163	0.415
92170	10810	0.463
2792	5595	0.515
2792	5595	0.515
2792	5594	0.515
2792	175	0.443
2792	2782	0.788
2792	3672	0.611
2792	4214	0.592
2792	5335	0.587
2792	5879	0.606
2792	8720	0.495
2792	6464	0.657
3002	637	0.817
3002	842	0.668
3002	842	0.668
3002	5864	0.586
0	581	0
0	0	0
10542	0	0
10542	0	0
10542	842	0.619
10542	2185	0.436
9734	7088	0.869
9734	51176	0.894
3065	6615	0.744
8841	2033	0.812
3091	637	0.726
3091	8874	0.652
3091	664	0.789
3091	665	0.685
3091	5366	0.828
27102	1965	0
3315	836	0.764
3315	1616	0.773
3315	1329	0.7
3337	4193	0.822
3337	7314	0.85
3308	317	0.849
3308	9131	0.877
3320	196	0.75
3320	317	0.771
3320	332	0.648
3320	5728	0.754
5688	8544	0.751
3364	545	0.843
0	207	0
0	1994	0
0	7157	0
248	842	0
29851	1455	0.918
1676	790	0.762
1676	790	0.762
1676	1677	0.982
8837	841	0.89
8837	8772	0.97
8837	8772	0.97
3458	3459	0.53
3458	3717	0.445
3459	3308	0.544
3459	3716	0.627
3459	3717	0.575
3459	9093	0.48
3459	30851	0.662
3479	3480	0.664
3480	207	0.839
3480	5535	0
3480	8536	0
3480	5595	0.699
3480	5594	0.705
3480	3667	0.838
3480	4772	0.722
3480	5290	0.658
3480	5578	0.807
3480	6464	0.732
3480	7410	0.733
3480	408	0.774
3480	2887	0.84
4792	3558	0.526
4792	3558	0.526
4792	3565	0.556
4792	3565	0.556
4792	4790	0.947
4792	4790	0.947
4792	50818	0
4792	5970	0.827
4793	0	0
4793	4790	1
3551	4792	0.721
3551	4790	0.679
1147	4792	0.777
1147	4790	0.749
8517	4792	0.846
8517	4790	0.847
3595	3717	0.607
3552	3576	1
3553	3554	0.597
3553	5606	0.74
3554	51295	0.71
3554	7189	0.677
3565	3566	0.318
3569	3570	0.862
3838	5901	0.912
3643	3667	0.848
3643	5608	0.441
3643	6464	0.632
3643	6776	0.441
3643	10603	0.703
3643	2887	0.703
3643	8660	0.67
0	3643	0
808	207	0.862
808	0	0
808	3708	0.582
808	50818	0
3708	0	0
3708	84876	0.6
3654	10454	0.834
3654	23118	0.805
3654	7097	0.732
3654	7099	0.777
3654	7189	0.853
3667	5595	0.784
3667	2885	0.805
3667	5290	0.729
3667	4690	0.86
148022	9641	0.776
148022	29110	0.88
3672	332	0.421
3672	836	0.661
3672	2353	0.511
3672	5290	0.53
3672	5977	0.569
3672	331	0.572
3688	5595	0.524
3688	5747	0.411
3688	2309	0.413
3688	3717	0.477
3688	2185	0.594
3688	6464	0.48
3688	6464	0.48
3688	3611	0.582
3716	3717	0.748
3716	6464	0.664
3716	6772	0.807
3716	6773	0.862
3716	6774	0.894
3716	3718	1
3716	6646	0.707
3716	6778	0.911
3717	3716	0.748
3717	55566	0
3717	6772	0.741
3717	6774	0.828
3717	6776	0.666
3717	7297	0.778
5599	1386	0.804
5599	572	0.765
5599	596	0.742
5599	596	0.742
5599	637	0.757
5599	834	0.519
5599	3725	0.848
5599	2002	1
5599	356	0.742
5599	2353	0.934
5599	5601	0.97
5599	5604	0.772
5599	4772	0.915
5599	7157	0.793
5599	6464	0.659
5599	4137	0.589
5599	3172	0.945
5599	10018	0.53
5599	90427	0.694
5599	4170	0.766
5599	319	0.63
6416	5599	1
6416	5600	1
6416	5601	1
6416	1432	1
6416	8660	1
6416	5602	1
3726	2625	0.958
0	207	0
3912	7314	0.591
27040	2885	0.704
27040	5335	0.7
3932	5335	0.635
3932	5894	0.725
3932	7410	1
3932	7535	0.797
3932	916	0.625
3932	10870	0.589
3932	83696	0
3952	3953	0.498
3953	5562	0.617
3984	317	0.73
3984	1073	0.568
3984	1072	0.788
7376	9971	0.807
4067	695	0.942
4067	5295	0.752
4067	5335	0.759
4067	5879	0.813
4067	6464	0.733
4067	7409	0.781
4067	203068	0.74
4067	613	0.826
4067	930	0.762
8567	6416	0.592
11184	5594	0.785
11184	5599	0.728
11183	4214	0.834
5600	2002	0.852
5600	5605	0.602
5600	8569	1
5600	9252	0.904
5600	2872	0.799
5600	1649	0.881
5600	7867	0.908
5600	7020	0.767
5600	8986	0.843
5603	1050	0.671
5603	29904	1
5601	1386	0.743
5601	3725	0.798
5601	5595	0.665
5601	2353	0.881
5601	2353	0.881
5601	5544	0.522
5601	0	0
5601	3558	0.479
5601	3565	0.39
5601	3717	0.666
5601	6351	0.522
5601	4772	0.925
5601	7157	0.757
5601	6196	0.908
5601	2185	0.481
5601	6464	0.629
5601	319	0.522
9261	3150	1
9261	3315	0.823
9261	9252	0.925
4082	5535	0
53615	6615	0.618
1729	317	0.198
1729	10458	0.456
1729	6714	0.339
4193	2033	0.874
4193	7157	0.873
4193	408	0.852
4193	7158	0.84
4205	10014	0.909
4205	9734	0.862
4209	5535	0
5604	596	0.807
5604	823	0.91
5604	1385	0.703
5604	2002	1
5604	5595	0.926
5604	5594	0.914
5604	2353	0.725
5604	6416	1
5604	5601	0.693
5604	4638	0.742
5604	9252	0.801
5604	6198	0.851
5604	6196	0.816
5604	6197	0.693
5604	9612	0.716
5604	6654	0.728
5604	280979	0
5604	10018	0.566
5604	10818	0.777
5604	4170	0.812
5604	8986	0.796
5605	1385	0.623
5605	5595	0.863
5605	5594	0.87
5605	3315	0.812
5605	5604	0.899
5606	5599	0.93
5606	5600	0.924
5606	5603	1
5606	1432	0.885
5608	5599	0.97
5608	5600	1
5608	5603	1
5608	4790	0.798
5608	1432	0.896
5608	6300	0.948
4214	1147	1
4214	5599	1
4214	6416	1
4214	5604	1
4214	5606	1
4214	5609	1
4214	1432	1
4214	9612	0.671
4214	6885	1
4214	2043	0.834
4214	6548	0.834
4233	355	0.724
4233	6774	0.731
2117	11218	1
2117	1874	1
2911	2776	0.614
2911	2767	0.614
2911	23236	0.469
2911	0	0
2911	0	0
9734	4205	0.862
5609	5599	0.948
5609	5601	0.908
5609	5602	0.909
1843	5594	0.733
1843	3320	0.815
1843	5599	0.905
1843	5600	0.843
1843	5603	0.834
1843	1432	0.917
1843	1432	0.917
1843	6300	0.948
23209	5829	0.694
4638	23209	0.643
4638	103910	0.677
4638	4542	0.423
4638	9220	0.837
4638	3680	0.461
4660	103910	0.556
4660	9220	0.852
4660	3680	0.708
4293	6416	0
4293	5608	0
4293	5609	0
8569	1977	1
103910	4542	0.058
9252	1385	0.889
9252	1978	0.948
9252	466	0.967
2475	10682	0.568
2475	1978	0.701
2475	6198	0.709
2475	5524	0.611
4615	3654	0.805
4615	4214	1
4615	9020	1
4615	7124	0.673
4615	51135	1
4661	891	1
4661	983	1
4738	5715	0.592
4772	356	0.704
4772	4205	0.961
4790	1387	0.851
4790	5595	0.767
4790	8439	1
4790	356	0.707
4790	248	0
4790	3458	0.508
4790	4792	0.947
4790	3551	0.679
4790	8517	0.847
4790	3558	0.508
4790	3565	0.556
4790	3569	0.457
4803	4914	0.674
4804	5879	0.757
9020	3551	1
9020	1147	1
9020	4214	1
9020	4690	1
51701	3172	0.945
51701	51176	0.812
4842	1487	0.562
4842	387	0.583
4842	0	0
4846	5138	0.853
4846	5138	0.853
27035	0	0
5579	4792	0.888
5579	5604	0.882
5579	5879	0.836
4909	4915	0.352
4914	1398	0.636
4914	5598	0.608
4914	2885	0.741
4914	3667	0.715
4914	5290	0.612
4914	5335	0.643
4914	6464	0.626
4914	9743	0.613
3164	581	0.566
3164	596	0.732
0	0	0
5933	898	0.934
5933	7027	1
4839	6774	0.819
5295	5290	0.991
5295	6654	0.825
5295	5291	0.966
9564	2889	0.635
9564	1398	0.781
1029	1869	0.749
1029	4193	0.917
1029	5290	0.596
1029	5925	0.779
1030	1021	0.833
1031	1019	0.793
2909	29984	0.85
2909	0	0
5375	2776	1
5375	2776	1
5375	2931	0.447
5375	2931	0.447
1026	10097	0.658
1026	10096	0.598
1026	890	0.795
1026	898	0.819
1026	983	0.738
1026	1017	0.862
1026	1017	0.862
1026	1019	0.867
1026	51085	0.803
1026	5544	0.691
1026	5111	0.742
1026	5313	0.625
5715	1017	0.716
2033	4286	0.873
2033	3164	0.967
2033	7157	0.8
1432	1386	0.839
1432	0	0
1432	1050	1
1432	3725	0.834
1432	2002	1
1432	5601	0.896
1432	9261	0.93
1432	4205	0.92
1432	5604	0.856
1432	5605	0.761
1432	8569	1
1432	9252	0.946
1432	4772	0.909
1432	8874	0.645
1432	8550	0.946
1432	5925	0.749
1432	9612	0.799
1432	6667	0.892
1432	6772	0.865
1432	4207	0
1432	79092	0.819
1432	9373	1
1432	2872	0.845
1432	1649	0.892
1432	7867	0.94
1432	7020	0.876
1432	8986	0.917
8874	207	0.642
8874	392	0.53
8874	998	0.733
8874	4792	0.64
8874	2033	0.604
8874	55566	0
8874	5970	0.672
7157	472	0.712
7157	578	0.574
7157	581	0.706
7157	596	0.757
7157	598	0.764
7157	637	0.633
7157	638	0
7157	1017	0.789
7157	355	0.707
7157	1647	0.739
7157	4193	0.873
7157	1029	0.878
7157	1026	0.774
7157	84172	0.805
7157	7314	0.745
7157	665	0.641
7157	666	0.772
7157	5366	0.762
7157	27113	0.607
4688	5879	0.652
6198	572	0.905
6198	1390	1
6198	2932	0.847
6198	6194	0.777
6198	5704	0.839
6198	29904	0.942
6198	0	0
7161	5544	0.63
7161	27113	0.681
6196	472	0.732
6196	545	0.762
6196	572	0.788
6196	572	0.788
6196	1385	0.834
6196	4661	1
6196	29904	0.861
26986	1981	0.679
5054	5327	0.788
5058	25	0.688
5058	10097	0.72
5058	10096	0.679
5058	572	0.526
5058	6416	1
5058	3984	0.741
5058	5604	0.726
5058	4214	1
5058	4638	0.662
5058	103910	0.483
5058	8874	0.785
5058	5894	0.686
5058	387	0.742
5058	6853	0.546
5062	4214	1
5074	2782	0.675
5074	2768	0.503
5074	10672	0.569
5074	2792	0.543
142	4790	0.766
142	9131	0.773
2324	27124	0.571
5111	1019	0.67
5138	820	0.632
5145	0	0
5148	5145	1
5156	808	0.784
5156	5290	0.752
5156	8720	0.645
5156	6772	0.775
5156	6774	0.937
5163	207	0.703
5164	207	0.526
5164	207	0.526
5164	5163	0.839
5164	50818	0
27043	1234	0.655
27043	7852	0.626
27043	5595	0.692
27043	0	0
27043	6714	0.653
5187	406	0.837
5187	406	0.837
5187	9575	0.898
5187	54205	0.837
5187	1195	0
9451	1965	0.67
9451	1965	0.67
5216	71	0.885
10891	2099	0.789
10891	10011	0.689
5290	207	0.748
5290	207	0.748
5290	10575	0.65
5290	998	0.574
5290	5598	0.664
5290	51341	0
5290	6517	0.565
5290	5604	0.685
5290	4790	0.64
5290	1432	0.692
5290	27124	0.682
5290	2185	0.508
5290	5879	0.685
5290	7409	0.809
5290	3611	0.703
5290	0	0
5290	0	0
5290	10000	0.695
5294	2185	0.604
5294	5829	0.678
8394	2934	0.63
8394	27124	0.783
27124	196	0.695
27124	1234	0.703
27124	1605	0.633
27124	1040	0.643
27124	5595	0.686
27124	2934	0.645
27124	2690	0.54
27124	808	0.678
27124	4790	0.766
27124	5163	0.638
27124	3632	0.652
27124	3632	0.652
27124	50818	0
27124	6502	0.712
3632	207	0.771
3632	9181	0.69
3632	5163	0.562
3632	27124	0.652
5567	572	0.602
5567	824	0.575
5567	51085	0.753
5567	1385	0.682
5567	1390	0.852
5567	84152	1
5567	4772	0.769
5567	1026	0.779
5567	5524	0.649
5567	6608	0.613
50818	596	0
50818	0	0
50818	23523	0
50818	5535	0
50818	50820	0
50818	1605	0
50818	1956	0
50818	1977	0
50818	1981	0
50818	1981	0
50818	2002	0
50818	0	0
50818	2931	0
50818	3672	0
50818	4082	0
50818	4790	0
50818	4842	0
50818	6198	0
50818	2185	0
50818	5883	0
50818	5894	0
50818	5879	0
50818	8720	0
50818	5704	0
50818	8877	0
50818	5587	0
50818	5589	0
50818	10235	0
50818	6548	0
5578	25	0.892
5578	596	0.854
5578	1977	0.711
5578	2931	0.666
5578	3667	0.837
5578	4082	0.713
5578	2911	0.599
5578	4842	0.783
5578	23236	0.875
5578	5728	0.752
5578	5894	0.856
5578	108	0.815
5578	111	0.64
5578	118	0.747
5578	2890	0.592
5578	156	0.876
5578	94274	0
5578	1716	0.798
5578	1759	1
5578	23114	0.739
5578	2554	0.684
5578	2596	0.644
5578	2741	0.83
5578	2897	0.638
5578	775	0.766
5578	4133	0.454
5578	4155	0
5578	2917	0.578
5578	282378	0
5578	2903	0.641
5578	774	1
5578	9373	1
5578	490	0.784
5578	10125	0.807
5578	25780	0.684
5578	6616	0.74
5585	94274	0
5610	1965	0.701
5610	1965	0.701
5610	7099	0.814
3936	2243	0.658
23236	1605	0.709
23236	808	0.8
23236	27124	0.759
23236	0	0
23236	0	0
5335	0	0
5335	1605	0.719
5335	1973	0.645
5335	808	0.689
5335	5290	0.644
5335	27124	0.867
5335	50818	0
5335	0	0
5335	0	0
5335	0	0
5340	3936	0.629
5347	4661	1
1263	995	0.798
1263	7157	0.751
23647	317	0.547
5464	572	0.802
5524	207	0.777
5524	324	0.589
5524	8312	0.68
5524	8312	0.68
5524	572	0.578
5524	51085	0.755
5524	84152	0.834
5524	10682	0.6
5524	6416	0.834
5524	5609	0.766
5524	5728	0.632
5524	4137	0.525
5524	408	0.731
5495	84152	1
8125	317	0.649
8125	836	0.858
5465	3320	0.757
5465	4792	0.736
5465	5601	0.881
5465	9612	0.804
5465	6714	0.658
8550	3315	0.78
5551	1017	0.524
5663	1499	0.653
5663	7314	0.54
5726	983	0.582
5728	5747	0.614
5728	5290	0.624
5728	27124	0.698
5728	3632	0.635
5728	0	0
2185	1956	0.628
2185	2309	0.612
2185	2885	0.622
2185	5599	0.576
2185	4205	0.615
2185	5606	0.568
2185	1432	0.65
2185	5879	0.615
2185	6464	0.487
2185	6714	0.626
2185	7248	0.664
2185	3737	0.459
5829	1398	0.726
5829	2534	0.621
5829	9564	0.845
5829	7094	0.845
5829	3611	0.829
5888	675	0.755
5883	596	0.732
5883	598	0.702
5894	572	0.863
5894	11184	0.918
5894	5604	0.843
5894	5605	0.751
8738	835	0.967
5898	10928	0.595
10928	207	0.818
10928	998	0.618
10928	998	0.618
10928	5879	0.76
5900	5898	0.592
5903	5901	0.796
5906	673	0.735
5908	5595	0.774
5908	5879	0.835
5908	29984	0.76
5914	1499	0.547
5879	317	0.676
5879	5595	0.754
5879	5594	0.739
5879	0	0
5879	4214	1
5879	4293	0
5879	56259	0.67
5879	4790	0.67
5879	1432	0.77
5879	4688	0.652
5879	5058	0.674
5879	5290	0.685
5879	5894	0.79
5879	5900	1
5879	6714	0.768
5879	7430	0.713
5879	673	0.742
5879	369	0
5879	5291	0.72
5923	207	0.759
5923	5879	0.684
5923	4893	0.702
5925	890	0.759
5925	891	0.685
5925	898	0.741
5925	7027	1
5925	1869	0.856
5925	4800	0.74
5925	84172	0.726
5970	3576	0.687
5649	7804	0.595
5649	3688	0.446
5649	7436	0.623
29984	1729	0.202
29984	6093	0.747
29984	280979	0
387	5747	0.721
387	0	0
387	4792	0.67
387	5599	0.611
387	1729	0.202
387	50818	0
387	5829	0.795
387	9475	0.495
387	280979	0
387	5589	0.608
0	0	0
10160	10672	0.688
10160	5585	0.661
10160	5585	0.661
10160	387	0.656
8737	9020	1
8737	142	0.527
8737	4215	1
8737	8476	0.307
9978	4088	0.48
6093	3984	0.789
6093	23209	0.654
6093	4638	0.779
6093	4660	0.687
6093	103910	0.606
6093	4542	0.474
6093	1488	0.532
6093	2623	0.52
9475	3984	0.721
9475	4660	0.589
9475	103910	0.662
9475	94274	0
9475	1808	0.719
9475	832	0.704
6098	2309	0.785
6197	572	0.748
6197	1385	0.804
6197	2353	0.881
6197	8290	0.822
55811	51761	0.745
6295	29984	1
56681	4087	0.733
56681	7046	0.526
6387	175	0.797
6387	2776	0.677
6387	2792	0.467
462	2147	0.889
462	2152	0.822
6464	5595	0.59
6464	2885	0.67
6464	5290	0.73
6464	5879	0.693
6464	6654	0.851
6464	3635	1
5777	3716	0.871
5777	3717	0.809
5777	6464	0.726
5777	6776	0.82
5777	7409	0.795
5777	367	0.851
5777	3937	1
5777	6778	0.919
5777	1500	0.879
5777	3815	0.712
5781	2549	1
5781	2885	0.793
5781	5604	0.825
5781	5290	0.735
5781	5829	0.725
5781	5829	0.725
5781	10252	0.858
5781	9846	0.932
25942	0	0
51763	50818	0
6500	4088	0.581
6500	4851	0.648
6500	2059	0.482
6500	4855	0.677
6500	6929	0.697
4088	9734	0.761
4088	4089	0.896
4089	993	0.688
4089	10140	0.251
4089	51176	0.809
4089	367	0.827
4089	2059	0.452
4089	126961	0
4089	5430	0.683
4090	1386	0.809
4091	4086	0.907
4092	4087	0.725
4092	4088	0.739
6608	2735	0.773
6608	2736	0.939
6608	2737	0.794
6608	4088	0.622
6608	6667	0.668
6608	10499	0.791
6608	1855	0.709
6608	1308	0.644
6608	5899	0.687
6609	581	0.459
6609	4214	0.447
6609	1329	0.685
6610	6609	0.42
9612	2099	0.816
9612	2100	0.786
9612	5241	1
6615	999	0.561
6615	1588	0.768
6647	0	0
9530	7132	0.679
9530	8717	0.746
9530	1796	0.932
9530	10657	0.902
9530	1646	0
9530	3691	0.598
9530	3815	0.682
9530	6934	0.7
6654	92170	0.527
6654	5879	0.742
6654	4893	0.813
6655	8874	1
6655	8874	1
6670	6667	1
8877	8720	0.685
10252	867	0.859
10252	1950	0.513
10252	9628	0.917
10252	2885	0.711
10252	5787	0.619
6714	2889	0.7
6714	867	0.835
6714	1956	0.769
6714	5747	0.671
6714	3716	0.758
6714	5604	0.89
6714	9564	0.759
6714	2909	0.717
6714	5335	0.734
6714	2185	0.626
6714	5829	0.712
6714	5879	0.768
6714	387	0.714
6714	6464	0.71
6714	25942	0.692
6714	6774	0.828
6714	6850	0.697
6714	7410	1
6714	156	0.836
6714	156	0.836
6714	2017	0.708
6714	1759	1
6714	2554	0.66
6714	28964	0.712
6714	2741	0.793
6714	775	0.739
6714	4593	0.492
6714	2903	0.626
6714	10657	0.725
6714	6712	0.665
6714	10188	0.772
6714	10000	0.809
6714	50807	0
6714	858	0.814
6714	2059	0.614
6714	9846	0.829
6714	28996	0.708
6714	3815	0.709
6714	5359	0.827
6714	10044	0
6714	6934	0.653
6722	2626	0.922
6772	10379	0.876
6773	10379	0.951
6774	2588	0.601
6774	148022	0.716
6774	6772	0.867
51684	1499	0.524
51684	6608	0.724
51684	6935	1
51684	1856	0.768
51684	3691	0.567
51684	3815	0.628
51684	5037	0.892
7341	1487	0.707
6850	29760	0.779
6850	27040	0.564
6850	5335	0.629
6850	6464	0.69
6850	7409	0.763
6850	203068	0.534
6850	5336	0.76
6850	3937	1
10454	5606	0.855
10454	9020	1
10454	51701	0.897
10454	1432	0.916
10454	6885	0.891
23118	6885	0.767
6885	5599	0.815
6885	6416	1
6885	5604	0.802
6885	5606	0.783
6885	5608	0.767
6885	5609	0.841
6885	9020	1
6885	51701	0.815
6885	6608	0.676
6885	10454	0.891
6885	10000	0.777
6885	28996	0.766
2783	0	0
6909	1029	1
7015	5728	0.435
7015	5728	0.435
7031	317	0
7031	2688	0
7031	3688	0
7032	317	1
7032	2688	0.925
7032	3688	1
7040	7046	0.494
7046	4087	0.415
7046	4088	0.552
7046	6885	0.555
7046	7048	0.809
7046	960	0.669
7046	2022	0.705
7046	2339	0.38
7046	5520	0.366
7048	10454	0.621
7048	7046	0.809
7048	7049	0.654
7048	23002	0.74
7048	8668	0.462
7048	2022	0.752
7049	7040	0.74
9093	3551	0.656
9093	3717	0.633
10499	367	1
7124	7132	0.811
7124	7133	1
7132	6416	0.592
7132	8717	0.679
7133	7186	0.392
8658	5728	0.561
8717	8772	0.809
8717	8737	0.899
8717	7186	0.734
7186	4217	0.56
7186	4217	0.56
7186	60489	0.639
7186	4792	0.745
7186	4023	0.462
7186	5604	0.743
7186	9525	0.702
7186	9525	0.702
7186	4790	0.697
7186	7157	0.636
7186	6885	0.672
7186	330	0.76
7186	29843	0.542
7189	51295	0.747
7189	1147	0.854
7189	5606	0.723
7189	4214	1
7189	10454	0.783
7189	23118	0.736
7189	6885	0.75
7204	5879	1
7001	8841	0.677
7248	6097	0.558
7249	7248	0.823
7249	54386	0.697
7275	2776	1
7291	1029	1
2793	5145	0.74
2793	2783	0.632
7297	6772	0.832
7297	6773	0.884
7297	6775	1
7314	581	0.668
7314	5694	0.773
7314	1629	0.578
7314	4040	0.68
7314	5715	0.681
7409	207	0.828
7409	5879	0.742
7409	29984	1
7409	387	0.658
7410	207	1
7410	392	1
7410	998	1
7410	5879	1
7422	3091	0.682
3791	207	0.679
3791	207	0.679
3791	5747	0.586
3791	5290	0.545
3791	5335	0.606
3791	6464	0.601
7434	820	0.467
8936	317	0.389
8936	10095	0.618
10163	317	0.669
10810	317	1
11197	7471	0
7471	8321	0.693
7471	8321	0.693
7471	3691	0.64
9049	196	0.797
9049	317	0.755
9049	3320	0.885
7498	0	0
331	332	0.632
331	836	0.921
331	840	0.979
331	842	0.78
331	842	0.78
331	1111	0.778
331	56616	0.671
331	5599	0.948
331	10454	0.951
331	6885	0.841
331	150684	0.82
7535	22915	0.472
7535	7410	1
7535	203068	0.622
7535	3937	1
6935	999	0.561
134	2773	0.683
134	0	0
135	0	0
135	0	0
8	5578	0
107	820	0.703
108	820	0.568
111	820	0.448
2261	1139	0.781
2261	1128	0.839
2261	1129	0.869
2261	1132	1
162	1211	0.744
162	1759	0.771
162	2554	0.54
0	134	0
0	135	0
952	0	0
148	2776	0.762
148	2767	0.762
148	0	0
150	2773	0.735
150	2775	0.733
150	0	0
1139	0	0
29091	6616	0
29091	6809	0
2890	0	0
0	1268	0
0	1269	0
64682	1499	0.409
57448	842	0.402
57448	56616	0.451
57448	27429	0.656
10603	867	0.903
10603	7410	1
55738	0	0
10564	0	0
9266	0	0
10095	280979	0
9532	596	0
9532	5894	0
10134	596	0.77
10134	598	0.606
10134	841	0.652
156	185	0.859
156	154	0.775
156	2776	0.834
156	1813	0.762
156	1129	0.853
156	4988	0.853
156	11318	0
156	367	0.786
627	4915	0.481
408	185	0.686
408	4217	0.609
408	154	0.718
408	8215	0
408	8321	0.716
408	175	0.704
408	4792	0.798
408	3667	0.805
408	5604	0.823
408	1432	0.819
408	5290	0.695
408	5894	0.824
408	387	0.697
408	6714	0.822
408	4988	0.74
408	2150	0.693
408	5144	0.704
408	367	0.824
408	5602	0.822
408	5602	0.822
408	64414	0
10018	578	0.563
10018	581	0.715
10018	596	0.615
10018	598	0.808
10018	599	0.471
10018	4170	0.828
3309	0	0
623	2776	0.761
623	2767	0.761
623	2773	0.702
623	0	0
0	623	0
673	11184	0.918
673	5604	0.728
673	5605	0.621
0	6261	0
9478	815	0.667
0	572	0
0	1385	0
0	84152	0
0	3708	0
0	4772	0
0	4842	0
0	4137	0
0	814	0
0	2554	0
0	5502	0
0	775	0
0	4133	0
0	2903	0
0	84867	0
0	6853	0
0	203068	0
801	3708	0
801	4082	0
801	4638	0
801	4842	0
801	23236	0
801	5923	0
801	107	0
801	118	0
801	9495	0
801	156	0
801	0	0
801	815	0
801	814	0
801	10645	0
801	1813	0
801	1612	0
801	29904	0
801	8826	0
801	2917	0
801	10497	0
801	2903	0
801	27360	0
801	5136	0
801	5153	0
801	5137	0
801	490	0
801	5864	0
801	4893	0
801	53827	0
801	6014	0
801	9610	0
801	6261	0
801	6712	0
801	9218	0
815	1385	0.795
815	4842	0.661
815	5923	0.732
815	6885	0.787
815	2890	0.628
815	3751	0.662
815	4133	0.458
815	774	1
815	5527	0.681
815	22895	0.582
815	9743	1
815	6261	0.654
815	1739	0.682
815	84687	0.704
815	6853	0.582
815	6857	0.677
815	8831	0.706
815	6809	0.544
815	7074	0.6
815	9846	0.865
814	1385	0.84
814	1390	1
814	4842	0.635
814	6853	0.647
10645	207	0.868
10645	8536	0
10645	814	0.787
9647	8536	0
9647	815	0.692
9647	814	0.678
11069	22999	0.733
10156	4893	0.674
53944	4772	0
53944	4137	0
53944	286	0
53944	1855	0
53944	5055	0
53944	490	0
53944	6809	0
53944	10716	0
857	2534	0.741
1268	2773	0.683
1268	2775	0.843
1268	0	0
1269	2773	0.683
1269	2775	0.843
1269	0	0
868	1398	0.936
868	1956	0.727
868	2534	0.849
868	2885	0.85
868	3932	0.768
868	5290	0.799
868	6464	0.827
868	6714	0.839
868	7410	1
868	9846	0.977
64781	5894	0.742
0	5578	0
0	64781	0
0	5501	0
0	5527	0
0	5138	0
0	5139	0
0	5140	0
0	5593	0
0	6855	0
330	836	0.921
330	840	0.979
330	841	0.727
330	56616	0.671
330	8915	0.695
1072	280979	0
1277	3688	0.328
94274	4660	0
1808	203068	0.77
80331	0	0
80331	774	1
1329	317	0.673
1812	2773	0.683
1812	0	0
1812	0	0
1813	2773	0.65
1813	2775	0.696
1813	2781	0.631
1813	0	0
1814	2885	0.635
1814	2773	0.683
1814	2775	0.843
1814	0	0
1612	6809	0.427
0	317	0
1636	0	0
1716	1605	0.553
1855	8312	0.758
1855	2149	0.515
8448	10497	0
1796	5921	0.838
4985	2773	0.699
4985	2775	0.846
4985	0	0
1859	1965	0.499
1859	4137	0.507
1859	7321	0.774
29904	1938	0.814
23362	0	0
8669	1982	0.618
6456	1601	0.726
6456	1856	0.85
6456	3815	0.689
6456	5037	0.753
5179	4985	0.601
5179	4986	0.601
5179	4988	0.601
5179	4987	0.601
1948	1796	0.641
1948	5921	0.62
0	1948	0
55914	4088	0.592
2241	1499	0.72
2335	3688	0.372
3350	2773	0.683
3350	0	0
3350	2781	0.697
3350	0	0
3356	2776	1
3356	0	0
3360	0	0
3360	0	0
11146	0	0
8637	1977	0.548
0	2550	0
2554	0	0
2550	2775	0.725
2550	0	0
10287	2776	0.893
2773	108	0.779
2773	111	0.64
0	107	0
0	108	0
0	111	0
2781	107	0.795
2781	111	0.623
6507	0	0
0	3667	0
0	5290	0
0	23236	0
0	107	0
0	108	0
0	156	0
0	3760	0
0	3736	0
0	774	0
0	773	0
0	5921	0
0	6809	0
2668	5947	0.522
3760	0	0
9229	4842	0
0	2911	0
0	2890	0
0	2897	0
0	2917	0
0	2903	0
0	2741	0
0	2903	0
6536	0	0
2887	5290	0.813
9743	207	1
9743	392	1
9743	998	1
3055	5335	0.553
3055	2005	0.568
3055	2697	0.637
3055	5801	0.39
3208	4671	0
9455	6261	0.686
5502	5501	0
3611	207	0.862
3611	2931	0.638
3611	94274	0
3611	10000	0.843
5055	5501	0.505
0	3708	0
8826	4893	0.627
8660	5295	0.825
8660	5290	0.809
8660	5296	1
9479	5599	0.837
9479	6416	0.834
9479	5609	1
9479	1432	1
9479	5923	0.834
9479	8788	0.556
9479	4294	1
9479	7074	0.834
0	0	0
3761	0	0
3766	0	0
4986	2773	0.703
4986	2775	0.838
4986	0	0
10256	5894	0.688
3736	0	0
3737	0	0
3739	0	0
3750	0	0
3751	0	0
3897	7430	0.583
23365	392	0.967
51176	4286	0.838
28992	8321	0.837
775	0	0
1128	2776	0.779
1128	2767	0.779
1128	0	0
1129	2773	0.683
1129	2775	0.843
1129	0	0
1132	1917	0
1132	2773	1
1132	0	0
10746	5594	0.733
10746	6416	0.834
10746	5609	0.967
10746	60675	0.687
10746	5607	0
8491	1432	0
50488	1432	0.923
10746	6416	0.834
4215	6416	1
4215	5609	1
4215	8491	0
4215	5607	0
4216	6416	0.834
4216	5609	1
4216	8491	0
4216	50488	1
2917	2773	0.581
2917	2775	0.541
2917	0	0
11221	5599	0.873
11221	5600	0.807
11221	5603	0.834
11221	5601	0.807
11221	1432	0.9
11221	5602	0.861
11221	6300	0.924
4294	6416	0.834
4294	5609	1
4294	1742	1
4294	6416	0.834
79092	1977	0.584
4988	2773	0.709
4988	2775	0.744
4988	0	0
8649	5594	0.654
8649	11184	0.607
10497	6809	0.57
25924	815	0.449
2035	2890	0.507
4671	836	0.765
4671	840	0.788
4671	842	0.521
85407	8215	0
85407	8321	0.288
4690	25	0.825
4690	5058	0.674
4690	8976	0.815
1991	154	0.589
1991	148	0.619
1991	150	0.641
4763	4893	0.718
2903	0	0
2903	5335	0.684
2903	1741	0.66
0	2983	0
4987	2773	0.683
4987	2775	0.843
4987	0	0
9518	2064	0.562
774	0	0
7533	572	0.672
7533	3667	0.794
7533	4772	0.748
7533	5894	0.808
7533	673	0.765
7533	1072	0.87
7533	2308	0.796
7533	7158	0.717
7533	9610	0.797
0	23236	0
0	5501	0
0	30011	0
5828	5724	0.705
5724	2776	0.791
5724	2773	0.755
5724	2775	0.851
5724	0	0
2150	2776	0.693
2150	0	0
8850	367	0.8
5136	0	0
5153	0	0
5137	0	0
5139	820	1
5140	820	0.57
5141	820	0.62
5142	820	0.48
5143	820	0.739
5144	820	0.5
8654	0	0
5154	5159	0.612
5159	5335	0.742
5159	5781	0.782
5159	10603	0.835
29943	0	0
5170	207	0.925
5170	6198	0.881
5170	6196	0.893
5170	50818	0
5170	5578	0.889
5170	6195	0.918
5170	10000	0.886
5170	5590	0.791
9693	54386	0.616
9693	5911	0.474
2983	0	0
9463	2917	0.77
5300	3725	0.799
5300	1499	0.463
0	207	0
0	836	0
0	841	0
0	842	0
0	1605	0
0	2934	0
0	8936	0
0	9266	0
0	156	0
0	1759	0
0	3760	0
0	490	0
0	22895	0
0	6261	0
0	207	0
0	5578	0
0	7410	0
0	9266	0
0	3611	0
0	5170	0
0	30011	0
5305	0	0
5566	154	0.531
5566	572	0.496
5566	1387	0.63
5566	1385	0.556
5566	84152	1
5566	3708	0.514
5566	4772	0.616
5566	4790	0.631
5566	4842	0.63
5566	1432	0.707
5566	23236	0.689
5566	5335	0.611
5566	5894	0.638
5566	5894	0.638
5566	5906	0.66
5566	6714	0.672
5566	4137	0.561
5566	118	0.632
5566	2890	0.532
5566	2668	0.925
5566	673	0.554
5566	10645	0.601
5566	1812	0.5
5566	2316	0.716
5566	2554	0.5
5566	2741	0.675
5566	5502	0
5566	2897	0.525
5566	3761	0.546
5566	3751	0.487
5566	775	0.663
5566	4133	0.673
5566	2917	0.495
5566	8428	0.713
5566	2903	0.532
5566	5139	1
5566	5140	0.58
5566	5144	0.694
5566	8654	1
5566	490	0.635
5566	773	0.7
5566	22895	0.647
5566	54386	0.575
5566	22999	0.446
5566	23557	0.493
5566	84687	0.552
5566	84867	0.898
5566	6853	0.647
5566	64414	0
5566	5256	1
5587	7533	0.813
5587	9846	0.926
5593	1385	0.671
5593	4842	1
5593	952	0.619
5593	2917	0.592
5593	8654	1
5569	5566	0
10887	1965	0.918
9373	8	0
490	0	0
5501	596	0.754
5501	1385	0.662
5501	815	0.724
5501	1072	0.773
5501	2903	0.493
5527	207	0.736
5527	572	0.527
5527	596	0.665
5527	8536	0
5527	1385	0.692
5527	2931	0.393
5527	9564	0.595
5527	814	0.723
5527	1072	0.67
5527	775	0.542
5527	4744	0.451
5527	2903	0.432
5494	8312	0.691
5494	572	0.755
5536	4137	0.601
773	0	0
3276	10657	0.859
832	280979	0
832	0	0
1742	4130	0.496
5770	3643	0.681
5786	2534	0.669
5786	3932	0.692
5786	6714	0.712
2664	5864	0.449
22895	5864	0.68
23613	2534	0.7
54386	5894	0.625
54386	5900	0.834
54386	673	0.466
5909	5906	0.735
5909	54386	0.488
5911	5900	0.447
5911	4893	0.651
4893	5290	0.601
4893	5894	0.759
4893	5900	0.619
4893	673	0.813
4893	4296	0.735
5921	207	0.821
5921	5879	0.697
5921	4893	0.665
10125	4893	0.871
25780	54386	0.435
25780	4893	0.859
5947	2885	1
5947	6464	1
5997	2776	0.793
5997	2767	0.793
5997	2773	0.75
5999	2776	0.821
6009	5894	0.815
22999	10497	0.777
22999	7533	0.605
22999	5864	0.441
22999	22895	0.655
22999	6616	0.715
22999	6857	0.52
9610	4893	0.863
6195	572	0.794
6195	1385	0.858
6195	9978	0.537
6195	29904	0.921
6195	0	0
777	0	0
6261	0	0
0	5704	0
0	6729	0
10657	1387	0.833
1739	2897	0.552
11231	3309	0.682
11231	0	0
0	3350	0
0	3358	0
0	3356	0
0	3360	0
50944	8874	0.657
30011	3717	0.7
30011	10252	1
30011	89	0.545
30011	5947	1
6478	7410	1
10572	598	0.789
6616	774	1
23557	111	0.385
23557	6616	0.638
0	6507	0
0	3760	0
6717	6261	0.847
6494	54386	0.684
84687	5501	0.681
6729	0	0
6729	6734	0.657
6734	0	0
0	6751	0
0	6752	0
6751	2773	0.683
6751	2775	0.843
6751	0	0
6752	2773	0.683
6752	2775	0.843
6752	0	0
6752	30011	0.86
84867	5594	0.683
84867	8520	0.687
84867	11143	0.683
9900	6857	0.573
6853	280979	0
6853	2781	0.647
6857	775	0.568
6857	777	1
6857	6809	0.555
8831	4893	0.674
9751	6809	0.22
6809	3736	0.433
6809	774	0.691
0	6850	0
6932	6722	0.837
6932	51176	0.876
7454	10097	0.835
7454	1268	0.516
7074	207	0.641
4915	2534	0.551
4915	3667	0.625
4915	6464	0.546
4915	8660	0.619
5644	2150	0.441
203068	1759	1
7408	280979	0
7417	578	0.693
7417	578	0.693
7417	581	0.672
7417	1329	0.891
7448	3688	0.356
7443	1386	0.823
7475	8321	0.619
7475	28992	0.7
2872	1977	0.489
9611	2099	0.785
9611	5241	1
11318	408	0
43	317	0.484
43	1329	0.513
10188	7094	0.704
10188	7414	0.572
10188	4168	0.593
10000	572	0.721
10000	572	0.721
10000	581	0.66
10000	842	0.638
10000	2931	0.654
10000	7248	0.719
10000	331	0.91
10000	2308	0.893
10000	5140	0.801
51074	317	1
367	2770	0.692
367	2767	0.735
367	6772	0.87
367	2308	0.904
367	50807	0
367	4486	0.48
367	7329	0.889
369	5604	0
369	5605	0
369	7337	0
9459	207	0.829
9459	998	0.667
9459	5058	0.696
5414	331	0.869
50807	1029	0
50807	367	0
29108	581	0.61
57099	317	0.605
10017	581	0.728
23786	1329	0.808
599	572	0.76
599	578	0.716
599	581	0.58
599	637	0.829
599	638	0
599	10018	0.471
613	6850	0.722
51283	841	0.553
7009	581	0.696
90427	596	0.762
90427	598	0.68
90427	599	0.627
90427	4170	0.776
664	596	0.89
664	598	0.824
665	596	0.913
665	598	0.737
666	1329	0.881
9970	0	0
9970	5604	0.801
9970	156	0.843
9970	6646	0.741
1513	581	0.443
25776	1499	0.448
930	5295	0.641
930	7409	0.775
940	916	0.882
961	664	0.586
9350	7471	0.719
3880	842	0.381
1119	8312	1
1119	1499	1
1119	8215	0
4963	637	0
1195	5187	0
4934	572	0
4934	4772	0
10524	4851	0.66
10524	367	0.79
10524	351	0.551
10524	28514	0.419
10524	3714	0.393
10524	4853	0.687
10524	4854	0.708
10524	4855	0.705
84876	0	0
1410	581	0.656
1410	598	0.749
1410	836	0.859
1493	916	0.765
5478	9131	0.735
10870	5290	0.528
10870	5335	0.588
10870	7409	0.763
10870	3937	0.592
190	2099	0.86
190	7471	0.738
8771	356	1
22861	317	0.663
22861	842	0.641
11315	581	0.725
10294	581	0.567
140735	90427	0.875
7786	6416	1
7786	5609	0.911
1400	581	0.604
2100	2099	0.804
2065	5295	0.625
5783	841	0.699
5783	8772	0.52
2247	2263	0.514
2247	6383	0.411
2263	5335	0.721
2263	6464	0.684
2263	10818	0.781
2263	6646	0.715
9994	841	0.719
6422	8321	0.739
6422	7471	0.81
10818	2885	0.748
10818	5781	0.716
1	23368	0.619
2778	427	0.542
6540	5148	0.741
629	427	0.745
629	427	0.745
629	1956	0.695
629	5290	0.506
629	5879	0.743
629	156	0.718
629	1839	0.874
629	3339	0.778
23092	29984	1
9265	1029	0.607
1839	1956	0.616
3094	5894	0.793
8739	596	1
8739	598	1
8739	599	0.751
8739	4170	1
3329	836	0.66
3329	839	0.556
3303	9131	0
6383	2247	0.411
6383	2263	0.672
83696	6850	0
3802	5777	0.705
56998	1499	0.575
80319	8215	0
3440	3454	0.601
3454	3716	0.627
3454	7297	0.657
9641	3661	0.915
3596	3597	0.417
3596	3598	1
3597	3717	0.499
3597	7297	0.555
3597	3566	0.66
3598	3566	0.318
3561	3718	0.619
3566	3716	0.471
3566	3597	0.66
3566	3561	0.786
3570	3716	0.544
55437	331	1
4188	3172	1
3630	3643	0.548
51135	7189	0.736
11213	3654	0.74
11213	51135	0.756
3702	5335	1
3718	3716	1
5602	1386	0.826
5602	3725	0.786
5602	4772	0.921
5602	7157	0.818
5602	6464	0.792
5602	319	0.687
2547	581	0.618
607	1499	0.363
79444	836	0.857
79444	840	0.924
79444	842	0.647
4018	9170	0.425
4035	8312	0.624
4035	8321	0.714
4035	7471	0.609
9175	6416	0.619
9175	5609	0.684
1845	5599	0.866
1845	5601	0.79
1845	5602	0.825
64112	581	0.704
64112	596	0.852
64112	598	0.808
7867	3315	0.801
4170	578	0.747
4170	581	0.882
4170	10018	0.828
4170	1329	0.735
4170	666	0.881
7020	3725	0.785
5607	5598	0
9927	578	0.855
9927	581	0.657
1846	5595	0.714
1846	5594	0.698
1846	5599	0.934
1846	5601	0.881
1846	5602	0.83
1848	5595	0.721
1848	5594	0.725
1852	5595	1
1852	5594	1
4296	6416	0.619
4296	5609	0.671
4342	5604	0
4342	5605	0
8986	1385	0.826
8986	1978	0.967
8986	466	0.922
4836	637	0.766
5366	578	0.813
5366	581	0.713
5366	596	0.838
5366	598	0.818
5366	4170	0.87
10193	57448	0.619
55075	317	0.782
8976	280979	0
27429	331	0.73
27429	57448	0.656
27429	10456	0.69
5291	23368	0.788
5291	54545	0
925	8739	0.57
8503	5291	1
10714	2099	0.769
10714	10011	0.689
23368	5291	0.788
5296	5291	1
1844	5595	0
1844	5594	0
51237	842	0.496
79581	8215	0
64414	820	0
5256	5834	0.834
8554	4089	0.696
8554	6772	0.784
11040	572	0
5590	6198	0.776
5590	5037	0.748
3339	1605	0.77
3339	0	0
3339	0	0
5336	1605	0.685
5241	2099	1
5621	581	0.736
5757	8125	0.733
5757	1329	1
10076	3716	0.715
10076	6772	0.549
10076	7297	0.627
27113	581	0.648
27113	596	0.775
27113	598	0.736
27113	599	0.76
27113	4170	0.82
5834	5837	0.858
26108	607	0
10235	5879	0.742
11331	2099	0.758
5308	2770	0.593
5308	2776	0.635
5308	2778	0.665
8204	2099	0.742
1969	2885	0.613
1969	5335	0.7
1969	6464	0.643
1969	1	0.428
1969	23368	0.741
6259	8215	0
6259	8321	0.783
6296	473	0
23013	9611	0.75
23013	10011	0.714
23013	23426	0.553
8431	2099	0.868
6597	1499	0.566
6597	2099	0.75
1154	3643	0.619
1154	3716	1
1154	3717	1
56848	598	0.605
10011	2099	0.805
10011	10714	0.689
6646	1026	0.585
6646	6772	0.629
29110	3661	0.883
7006	7409	0.795
7006	1796	0.858
23389	2099	0
6097	1978	0.872
6097	6198	0.851
1326	5604	0.786
1326	5605	0.708
55240	665	0.56
7318	7189	0.682
8457	79370	0
54739	331	1
51776	6416	0.834
51776	5609	1
7791	7408	0.894
102	28514	0.667
6868	4851	0.674
83737	6456	0.884
83737	3815	0.781
25898	367	0.867
59343	6934	0.648
667	10048	0.602
667	7472	0.672
960	4088	0.608
960	4089	0.629
960	2059	0.638
1025	126961	0
4435	9846	0.932
1459	1855	0.491
1459	2059	0.504
1213	5781	0.648
1213	7471	0.67
1213	23426	0.599
1213	3636	0.644
10987	4089	0.664
1453	2059	0.538
1454	1855	0
10664	23002	0.644
23002	367	0.744
1601	3398	0.668
1601	3399	0.593
55802	7471	0.675
1999	1855	0.696
1999	1915	1
1999	9846	0.837
5045	4851	0.739
2535	6722	0.652
2535	1855	0.603
2535	1856	0.861
2535	2059	0.58
9846	6464	0.848
9846	5777	0.876
9846	6772	0.76
9846	6774	0.941
9846	7410	1
9846	2887	1
9846	5338	0.821
9846	5921	0.865
9846	634	0.825
9846	2060	0.914
9846	2059	0.581
9846	3875	0.672
9846	9063	0.692
9846	6004	0.967
9846	6777	0.898
9846	6934	0.662
8520	5781	0.845
8520	6774	0.872
8520	2887	0.749
8520	84867	0.687
8520	8290	0.883
8520	5515	0.791
8520	5801	0.56
8520	6929	0.961
8520	7050	1
11143	9978	0.637
11143	4087	0.716
11143	4088	0.712
11143	6774	0.925
11143	2887	0.792
11143	84867	0.683
11143	367	0.903
11143	9541	0.826
11143	5515	0.779
11143	5801	0.556
11143	9712	0.639
11143	10044	0
11143	6929	0.864
11143	7050	1
11143	8462	0
28996	2516	0.877
3815	6772	0.537
3815	6776	0.475
3815	7409	0.662
3815	161742	0.628
3815	200734	0.628
3815	6777	0.612
3955	4851	0.594
3955	4853	0.628
4242	28514	0.868
4242	182	0.868
4242	4853	0.868
9063	4089	0.65
4316	3691	0.602
8650	4851	0.598
56924	367	0
51588	51176	0.828
51588	6934	0.742
23509	4088	0.509
23509	1855	0.479
23509	2887	0.822
23509	4851	0.682
23509	858	0.721
23509	28514	0.768
23509	182	0.825
23509	5076	0.568
23509	5515	0.683
5515	815	0.811
5515	25898	0.771
5580	1601	0.779
5580	3655	0.666
5580	3691	0.678
5582	1601	0.586
5582	1856	0.708
5582	5037	0.592
8643	1796	0
8643	3815	0
5782	5359	0.773
5801	3055	0.39
5801	8520	0.56
5801	11143	0.556
10048	6608	0.66
2963	6608	0.674
2963	5801	0.498
2962	5430	0.787
2962	10048	0.671
2962	7472	0.58
9712	2668	0.601
9712	815	0.783
9712	4131	0.771
9712	25898	0.67
9712	8668	0.636
9712	2059	0.68
9712	4853	0.696
29843	10499	1
2516	51176	0.809
2516	4602	0.634
2516	6934	0.735
57154	4092	0.86
57154	7046	0.619
58533	4155	0
58533	7337	0.871
9021	1857	0.478
57559	8520	0.789
6777	5607	0
7329	367	0.889
7329	7337	0.845
7321	6498	0.912
7322	4087	0.721
7323	4087	0.646
7337	8520	0.861
7337	11143	0.907
8409	8520	0.779
8409	11143	0.768
7472	23509	0.734
8882	29843	0.635
