723	902	0.918367346939
723	903	0.918367346939
723	733	0.918367346939
723	901	0.918367346939
693	502	0.959183673469
693	650	0.959183673469
1140	1133	0.959183673469
1140	471	0.959183673469
507	22	0.979591836735
429	407	0.938775510204
429	378	0.938775510204
429	1236	0.938775510204
1525	1352	0.959183673469
1525	769	0.959183673469
344	345	0.959183673469
344	377	0.959183673469
345	334	0.897959183673
345	376	0.897959183673
345	662	0.897959183673
345	377	0.897959183673
345	660	0.897959183673
346	347	0.979591836735
347	756	0.734693877551
347	22	0.734693877551
347	602	0.734693877551
347	698	0.734693877551
347	447	0.734693877551
347	867	0.734693877551
347	219	0.734693877551
347	74	0.734693877551
347	523	0.734693877551
347	370	0.734693877551
347	515	0.734693877551
347	79	0.734693877551
347	220	0.734693877551
340	91	0.979591836735
341	135	0.979591836735
342	762	0.959183673469
342	73	0.959183673469
343	90	0.959183673469
343	232	0.959183673469
810	164	0.979591836735
811	495	0.959183673469
811	53	0.959183673469
814	928	0.979591836735
815	1015	0.979591836735
816	857	0.938775510204
816	851	0.938775510204
816	852	0.938775510204
1260	60	0.979591836735
739	779	0.959183673469
739	778	0.959183673469
1250	221	0.979591836735
718	523	0.979591836735
717	857	0.959183673469
717	853	0.959183673469
716	857	0.959183673469
716	851	0.959183673469
715	117	0.979591836735
714	1083	0.918367346939
714	698	0.918367346939
714	1308	0.918367346939
714	192	0.918367346939
713	62	0.816326530612
713	131	0.816326530612
713	378	0.816326530612
713	643	0.816326530612
713	89	0.816326530612
713	645	0.816326530612
713	91	0.816326530612
713	87	0.816326530612
713	1258	0.816326530612
712	465	0.979591836735
711	335	0.938775510204
711	20	0.938775510204
711	28	0.938775510204
710	1465	0.959183673469
710	256	0.959183673469
618	617	0.979591836735
915	379	0.918367346939
915	429	0.918367346939
915	911	0.918367346939
915	912	0.918367346939
661	1133	0.979591836735
660	377	0.959183673469
660	350	0.959183673469
655	28	0.938775510204
655	374	0.938775510204
655	287	0.938775510204
423	176	0.959183673469
423	188	0.959183673469
1069	890	0.959183673469
1069	953	0.959183673469
1068	1069	0.979591836735
1061	1065	0.979591836735
1060	1444	0.938775510204
1060	1443	0.938775510204
1060	220	0.938775510204
1062	854	0.959183673469
1062	724	0.959183673469
1065	1069	0.938775510204
1065	900	0.938775510204
1065	1029	0.938775510204
1067	1014	0.979591836735
1392	1461	0.959183673469
1392	1460	0.959183673469
913	379	0.979591836735
298	164	0.959183673469
298	530	0.959183673469
299	27	0.979591836735
296	1285	0.816326530612
296	1317	0.816326530612
296	632	0.816326530612
296	582	0.816326530612
296	21	0.816326530612
296	579	0.816326530612
296	40	0.816326530612
296	1250	0.816326530612
296	1015	0.816326530612
297	582	0.877551020408
297	46	0.877551020408
297	40	0.877551020408
297	552	0.877551020408
297	116	0.877551020408
297	1010	0.877551020408
912	482	0.979591836735
1086	57	0.938775510204
1086	56	0.938775510204
1086	801	0.938775510204
1085	724	0.979591836735
595	49	0.979591836735
597	657	0.959183673469
597	610	0.959183673469
1080	370	0.918367346939
1080	881	0.918367346939
1080	260	0.918367346939
1080	602	0.918367346939
195	445	0.979591836735
197	217	0.530612244898
197	578	0.530612244898
197	602	0.530612244898
197	572	0.530612244898
197	706	0.530612244898
197	552	0.530612244898
197	634	0.530612244898
197	85	0.530612244898
197	697	0.530612244898
197	1190	0.530612244898
197	938	0.530612244898
197	421	0.530612244898
197	1015	0.530612244898
197	632	0.530612244898
197	1313	0.530612244898
197	636	0.530612244898
197	302	0.530612244898
197	447	0.530612244898
197	933	0.530612244898
197	93	0.530612244898
197	482	0.530612244898
197	417	0.530612244898
197	533	0.530612244898
196	197	0.979591836735
190	209	0.959183673469
190	208	0.959183673469
193	421	0.979591836735
270	311	0.918367346939
270	417	0.918367346939
270	1283	0.918367346939
270	530	0.918367346939
274	633	0.959183673469
274	330	0.959183673469
275	312	0.918367346939
275	283	0.918367346939
275	268	0.918367346939
275	515	0.918367346939
276	311	0.979591836735
278	277	0.979591836735
279	421	0.979591836735
694	634	0.938775510204
694	635	0.938775510204
694	637	0.938775510204
526	796	0.979591836735
527	666	0.959183673469
527	202	0.959183673469
521	144	0.795918367347
521	145	0.795918367347
521	55	0.795918367347
521	616	0.795918367347
521	447	0.795918367347
521	130	0.795918367347
521	76	0.795918367347
521	541	0.795918367347
521	476	0.795918367347
521	165	0.795918367347
522	593	0.428571428571
522	1307	0.428571428571
522	559	0.428571428571
522	594	0.428571428571
522	211	0.428571428571
522	572	0.428571428571
522	197	0.428571428571
522	457	0.428571428571
522	209	0.428571428571
522	282	0.428571428571
522	629	0.428571428571
522	409	0.428571428571
522	448	0.428571428571
522	143	0.428571428571
522	560	0.428571428571
522	208	0.428571428571
522	307	0.428571428571
522	74	0.428571428571
522	552	0.428571428571
522	72	0.428571428571
522	71	0.428571428571
522	488	0.428571428571
522	164	0.428571428571
522	985	0.428571428571
522	1285	0.428571428571
522	58	0.428571428571
522	1294	0.428571428571
522	373	0.428571428571
523	883	0.265306122449
523	989	0.265306122449
523	948	0.265306122449
523	551	0.265306122449
523	457	0.265306122449
523	796	0.265306122449
523	834	0.265306122449
523	953	0.265306122449
523	818	0.265306122449
523	737	0.265306122449
523	810	0.265306122449
523	8	0.265306122449
523	917	0.265306122449
523	1017	0.265306122449
523	424	0.265306122449
523	409	0.265306122449
523	991	0.265306122449
523	754	0.265306122449
523	560	0.265306122449
523	208	0.265306122449
523	530	0.265306122449
523	307	0.265306122449
523	1016	0.265306122449
523	58	0.265306122449
523	847	0.265306122449
523	900	0.265306122449
523	907	0.265306122449
523	1045	0.265306122449
523	908	0.265306122449
523	865	0.265306122449
523	855	0.265306122449
523	726	0.265306122449
523	929	0.265306122449
523	722	0.265306122449
523	721	0.265306122449
523	370	0.265306122449
1014	560	0.897959183673
1014	515	0.897959183673
1014	761	0.897959183673
1014	564	0.897959183673
1014	1255	0.897959183673
1015	1014	0.938775510204
1015	572	0.938775510204
1015	22	0.938775510204
1016	1014	0.979591836735
1017	1014	0.959183673469
1017	1011	0.959183673469
529	248	0.979591836735
1012	569	0.959183673469
1012	1011	0.959183673469
1013	1014	0.959183673469
1013	564	0.959183673469
1235	376	0.979591836735
1236	602	0.877551020408
1236	47	0.877551020408
1236	447	0.877551020408
1236	133	0.877551020408
1236	1299	0.877551020408
1236	484	0.877551020408
448	219	0.755102040816
448	344	0.755102040816
448	340	0.755102040816
448	352	0.755102040816
448	243	0.755102040816
448	350	0.755102040816
448	234	0.755102040816
448	358	0.755102040816
448	348	0.755102040816
448	94	0.755102040816
448	360	0.755102040816
448	361	0.755102040816
1230	1229	0.959183673469
1230	369	0.959183673469
1233	533	0.979591836735
443	118	0.959183673469
443	97	0.959183673469
441	421	0.897959183673
441	454	0.897959183673
441	670	0.897959183673
441	1229	0.897959183673
441	369	0.897959183673
440	201	0.918367346939
440	541	0.918367346939
440	190	0.918367346939
440	488	0.918367346939
447	414	0.959183673469
447	243	0.959183673469
446	478	0.979591836735
47	797	0.877551020408
47	133	0.877551020408
47	1079	0.877551020408
47	344	0.877551020408
47	360	0.877551020408
47	358	0.877551020408
108	714	0.979591836735
691	270	0.979591836735
588	796	0.877551020408
588	799	0.877551020408
588	392	0.877551020408
588	438	0.877551020408
588	433	0.877551020408
588	1000	0.877551020408
100	574	0.979591836735
101	574	0.979591836735
106	666	0.959183673469
106	664	0.959183673469
107	482	0.979591836735
105	144	0.959183673469
105	368	0.959183673469
902	857	0.938775510204
902	851	0.938775510204
902	852	0.938775510204
903	857	0.938775510204
903	821	0.938775510204
903	851	0.938775510204
39	579	0.979591836735
38	579	0.959183673469
38	578	0.959183673469
420	1268	0.877551020408
420	378	0.877551020408
420	406	0.877551020408
420	405	0.877551020408
420	448	0.877551020408
420	482	0.877551020408
31	695	0.979591836735
37	579	0.979591836735
36	983	0.918367346939
36	579	0.918367346939
36	789	0.918367346939
36	588	0.918367346939
35	524	0.959183673469
35	531	0.959183673469
1241	91	0.938775510204
1241	89	0.938775510204
1241	87	0.938775510204
640	152	0.979591836735
1243	256	0.938775510204
1243	53	0.938775510204
1243	710	0.938775510204
1242	1187	0.979591836735
645	379	0.755102040816
645	616	0.755102040816
645	1130	0.755102040816
645	454	0.755102040816
645	455	0.755102040816
645	429	0.755102040816
645	378	0.755102040816
645	643	0.755102040816
645	417	0.755102040816
645	1454	0.755102040816
645	420	0.755102040816
645	419	0.755102040816
644	645	0.979591836735
1247	332	0.979591836735
1249	133	0.979591836735
434	379	0.938775510204
434	420	0.938775510204
434	429	0.938775510204
435	208	0.979591836735
432	442	0.897959183673
432	931	0.897959183673
432	1298	0.897959183673
432	438	0.897959183673
432	431	0.897959183673
433	931	0.938775510204
433	1298	0.938775510204
433	438	0.938775510204
430	1268	0.857142857143
430	378	0.857142857143
430	335	0.857142857143
430	406	0.857142857143
430	405	0.857142857143
430	482	0.857142857143
430	220	0.857142857143
431	554	0.979591836735
826	828	0.979591836735
339	337	0.938775510204
339	484	0.938775510204
339	22	0.938775510204
338	50	0.979591836735
335	551	0.918367346939
335	62	0.918367346939
335	28	0.918367346939
335	20	0.918367346939
334	1129	0.959183673469
334	28	0.959183673469
336	520	0.979591836735
331	202	0.979591836735
333	413	0.959183673469
333	695	0.959183673469
332	801	0.938775510204
332	166	0.938775510204
332	87	0.938775510204
1189	216	0.979591836735
559	59	0.959183673469
559	58	0.959183673469
854	722	0.959183673469
854	720	0.959183673469
856	846	0.979591836735
857	890	0.755102040816
857	1069	0.755102040816
857	997	0.755102040816
857	754	0.755102040816
857	860	0.755102040816
857	953	0.755102040816
857	721	0.755102040816
857	370	0.755102040816
857	720	0.755102040816
857	530	0.755102040816
857	1015	0.755102040816
857	515	0.755102040816
850	270	0.979591836735
851	722	0.959183673469
851	721	0.959183673469
853	722	0.938775510204
853	720	0.938775510204
853	721	0.938775510204
42	579	0.979591836735
858	1019	0.979591836735
540	55	0.979591836735
6	308	0.938775510204
6	648	0.938775510204
6	162	0.938775510204
1162	1153	0.979591836735
547	332	0.979591836735
43	20	0.979591836735
99	574	0.979591836735
98	187	0.959183673469
98	574	0.959183673469
8	146	0.795918367347
8	559	0.795918367347
8	558	0.795918367347
8	121	0.795918367347
8	698	0.795918367347
8	956	0.795918367347
8	378	0.795918367347
8	471	0.795918367347
8	489	0.795918367347
8	815	0.795918367347
91	88	0.938775510204
91	89	0.938775510204
91	87	0.938775510204
90	988	0.816326530612
90	585	0.816326530612
90	46	0.816326530612
90	1179	0.816326530612
90	60	0.816326530612
90	340	0.816326530612
90	425	0.816326530612
90	87	0.816326530612
90	85	0.816326530612
93	197	0.897959183673
93	714	0.897959183673
93	1193	0.897959183673
93	1161	0.897959183673
93	1196	0.897959183673
92	589	0.979591836735
94	216	0.795918367347
94	154	0.795918367347
94	211	0.795918367347
94	1074	0.795918367347
94	305	0.795918367347
94	133	0.795918367347
94	961	0.795918367347
94	389	0.795918367347
94	483	0.795918367347
94	1312	0.795918367347
97	118	0.979591836735
96	120	0.897959183673
96	122	0.897959183673
96	119	0.897959183673
96	118	0.897959183673
96	187	0.897959183673
150	554	0.897959183673
150	632	0.897959183673
150	400	0.897959183673
150	233	0.897959183673
150	389	0.897959183673
424	270	0.897959183673
424	289	0.897959183673
424	857	0.897959183673
424	1072	0.897959183673
424	530	0.897959183673
1625	1523	0.979591836735
348	358	0.897959183673
348	448	0.897959183673
348	522	0.897959183673
348	575	0.897959183673
348	360	0.897959183673
349	448	0.959183673469
349	339	0.959183673469
153	66	0.979591836735
1317	697	0.959183673469
1317	815	0.959183673469
742	154	0.979591836735
743	91	0.938775510204
743	131	0.938775510204
743	1265	0.938775510204
744	93	0.959183673469
744	698	0.959183673469
558	67	0.979591836735
746	745	0.979591836735
747	745	0.979591836735
554	146	0.897959183673
554	876	0.897959183673
554	470	0.897959183673
554	260	0.897959183673
554	646	0.897959183673
551	519	0.897959183673
551	518	0.897959183673
551	982	0.897959183673
551	515	0.897959183673
551	233	0.897959183673
550	118	0.979591836735
552	891	0.755102040816
552	632	0.755102040816
552	602	0.755102040816
552	302	0.755102040816
552	572	0.755102040816
552	197	0.755102040816
552	419	0.755102040816
552	414	0.755102040816
552	378	0.755102040816
552	688	0.755102040816
552	249	0.755102040816
552	482	0.755102040816
238	237	0.979591836735
234	618	0.979591836735
1313	476	0.959183673469
1313	634	0.959183673469
230	225	0.979591836735
232	448	0.877551020408
232	441	0.877551020408
232	617	0.877551020408
232	1179	0.877551020408
232	90	0.877551020408
232	85	0.877551020408
233	632	0.69387755102
233	1300	0.69387755102
233	602	0.69387755102
233	554	0.69387755102
233	302	0.69387755102
233	1140	0.69387755102
233	1203	0.69387755102
233	470	0.69387755102
233	260	0.69387755102
233	533	0.69387755102
233	734	0.69387755102
233	1204	0.69387755102
233	361	0.69387755102
233	515	0.69387755102
233	220	0.69387755102
1051	993	0.979591836735
1053	1054	0.959183673469
1053	936	0.959183673469
1054	1037	0.979591836735
1055	1058	0.959183673469
1055	1057	0.959183673469
1057	857	0.938775510204
1057	851	0.938775510204
1057	852	0.938775510204
1058	1042	0.918367346939
1058	857	0.918367346939
1058	851	0.918367346939
1058	852	0.918367346939
1190	468	0.979591836735
1193	533	0.918367346939
1193	602	0.918367346939
1193	1313	0.918367346939
1193	1196	0.918367346939
1192	1212	0.959183673469
1192	1193	0.959183673469
1195	256	0.959183673469
1195	710	0.959183673469
1194	90	0.979591836735
1197	1271	0.979591836735
1196	604	0.959183673469
1196	302	0.959183673469
1	55	0.897959183673
1	249	0.897959183673
1	57	0.897959183673
1	843	0.897959183673
1	58	0.897959183673
146	869	0.897959183673
146	8	0.897959183673
146	403	0.897959183673
146	173	0.897959183673
146	70	0.897959183673
147	173	0.959183673469
147	70	0.959183673469
144	797	0.877551020408
144	751	0.877551020408
144	1076	0.877551020408
144	1075	0.877551020408
144	881	0.877551020408
144	94	0.877551020408
145	144	0.959183673469
145	180	0.959183673469
142	28	0.979591836735
1172	71	0.979591836735
1171	1133	0.836734693878
1171	1497	0.836734693878
1171	1344	0.836734693878
1171	1468	0.836734693878
1171	1496	0.836734693878
1171	1116	0.836734693878
1171	1498	0.836734693878
1171	1396	0.836734693878
141	471	0.959183673469
141	627	0.959183673469
612	897	0.857142857143
612	1133	0.857142857143
612	675	0.857142857143
612	1524	0.857142857143
612	1442	0.857142857143
612	113	0.857142857143
612	1412	0.857142857143
613	47	0.979591836735
611	612	0.959183673469
611	428	0.959183673469
616	1544	0.816326530612
616	627	0.816326530612
616	611	0.816326530612
616	661	0.816326530612
616	1361	0.816326530612
616	811	0.816326530612
616	292	0.816326530612
616	290	0.816326530612
616	291	0.816326530612
617	421	0.938775510204
617	57	0.938775510204
617	801	0.938775510204
148	57	0.959183673469
148	59	0.959183673469
149	223	0.959183673469
149	490	0.959183673469
511	158	0.918367346939
511	139	0.918367346939
511	1168	0.918367346939
511	64	0.918367346939
1276	181	0.979591836735
154	319	0.877551020408
154	695	0.877551020408
154	1074	0.877551020408
154	897	0.877551020408
154	652	0.877551020408
154	94	0.877551020408
513	13	0.979591836735
1284	164	0.979591836735
1287	216	0.979591836735
900	71	0.979591836735
1281	55	0.979591836735
1280	612	0.959183673469
1280	634	0.959183673469
948	533	0.938775510204
948	71	0.938775510204
948	1034	0.938775510204
949	977	0.979591836735
515	981	0.65306122449
515	221	0.65306122449
515	697	0.65306122449
515	22	0.65306122449
515	244	0.65306122449
515	876	0.65306122449
515	572	0.65306122449
515	982	0.65306122449
515	1130	0.65306122449
515	552	0.65306122449
515	518	0.65306122449
515	417	0.65306122449
515	116	0.65306122449
515	448	0.65306122449
515	294	0.65306122449
515	482	0.65306122449
515	104	0.65306122449
1289	543	0.979591836735
943	1014	0.979591836735
940	731	0.938775510204
940	54	0.938775510204
940	732	0.938775510204
514	216	0.959183673469
514	1312	0.959183673469
1191	90	0.959183673469
1191	232	0.959183673469
1579	908	0.959183673469
1579	1618	0.959183673469
548	119	0.979591836735
689	688	0.959183673469
689	1011	0.959183673469
688	1323	0.979591836735
1475	1496	0.959183673469
1475	1116	0.959183673469
685	572	0.979591836735
687	322	0.979591836735
516	554	0.959183673469
516	552	0.959183673469
681	448	0.775510204082
681	787	0.775510204082
681	46	0.775510204082
681	425	0.775510204082
681	417	0.775510204082
681	645	0.775510204082
681	125	0.775510204082
681	1561	0.775510204082
681	484	0.775510204082
681	348	0.775510204082
681	396	0.775510204082
683	193	0.857142857143
683	643	0.857142857143
683	645	0.857142857143
683	644	0.857142857143
683	351	0.857142857143
683	421	0.857142857143
683	419	0.857142857143
1304	1115	0.938775510204
1304	1312	0.938775510204
1304	1441	0.938775510204
623	465	0.979591836735
1306	216	0.979591836735
1300	1271	0.897959183673
1300	302	0.897959183673
1300	533	0.897959183673
1300	1197	0.897959183673
1300	602	0.897959183673
1301	181	0.959183673469
1301	256	0.959183673469
1302	1138	0.979591836735
133	757	0.938775510204
133	144	0.938775510204
133	1209	0.938775510204
132	89	0.959183673469
132	87	0.959183673469
131	1241	0.897959183673
131	340	0.897959183673
131	62	0.897959183673
131	787	0.897959183673
131	713	0.897959183673
137	60	0.877551020408
137	633	0.877551020408
137	710	0.877551020408
137	407	0.877551020408
137	61	0.877551020408
137	181	0.877551020408
136	511	0.959183673469
136	148	0.959183673469
135	165	0.979591836735
134	484	0.938775510204
134	447	0.938775510204
134	477	0.938775510204
494	421	0.979591836735
139	64	0.979591836735
497	1129	0.959183673469
497	448	0.959183673469
490	144	0.877551020408
490	48	0.877551020408
490	55	0.877551020408
490	50	0.877551020408
490	443	0.877551020408
490	823	0.877551020408
491	209	0.979591836735
492	678	0.979591836735
493	579	0.714285714286
493	45	0.714285714286
493	392	0.714285714286
493	560	0.714285714286
493	432	0.714285714286
493	44	0.714285714286
493	1062	0.714285714286
493	379	0.714285714286
493	55	0.714285714286
493	417	0.714285714286
493	438	0.714285714286
493	421	0.714285714286
493	8	0.714285714286
493	483	0.714285714286
24	47	0.979591836735
25	26	0.979591836735
26	10	0.959183673469
26	476	0.959183673469
27	977	0.979591836735
21	579	0.979591836735
22	458	0.326530612245
22	623	0.326530612245
22	335	0.326530612245
22	572	0.326530612245
22	279	0.326530612245
22	493	0.326530612245
22	956	0.326530612245
22	1255	0.326530612245
22	653	0.326530612245
22	312	0.326530612245
22	915	0.326530612245
22	352	0.326530612245
22	308	0.326530612245
22	144	0.326530612245
22	636	0.326530612245
22	560	0.326530612245
22	301	0.326530612245
22	440	0.326530612245
22	307	0.326530612245
22	421	0.326530612245
22	91	0.326530612245
22	249	0.326530612245
22	843	0.326530612245
22	17	0.326530612245
22	350	0.326530612245
22	55	0.326530612245
22	724	0.326530612245
22	688	0.326530612245
22	351	0.326530612245
22	413	0.326530612245
22	920	0.326530612245
22	921	0.326530612245
22	434	0.326530612245
1029	71	0.979591836735
1220	1222	0.959183673469
1220	1221	0.959183673469
28	91	0.938775510204
28	158	0.938775510204
28	402	0.938775510204
29	154	0.959183673469
29	53	0.959183673469
820	648	0.938775510204
820	202	0.938775510204
820	1615	0.938775510204
407	282	0.673469387755
407	602	0.673469387755
407	47	0.673469387755
407	447	0.673469387755
407	219	0.673469387755
407	133	0.673469387755
407	261	0.673469387755
407	1299	0.673469387755
407	552	0.673469387755
407	360	0.673469387755
407	358	0.673469387755
407	253	0.673469387755
407	484	0.673469387755
407	490	0.673469387755
407	377	0.673469387755
407	426	0.673469387755
1370	1442	0.979591836735
1377	811	0.959183673469
1377	1412	0.959183673469
400	1083	0.816326530612
400	697	0.816326530612
400	602	0.816326530612
400	572	0.816326530612
400	1149	0.816326530612
400	533	0.816326530612
400	68	0.816326530612
400	1159	0.816326530612
400	468	0.816326530612
933	737	0.979591836735
932	769	0.979591836735
452	463	0.979591836735
409	74	0.979591836735
408	328	0.938775510204
408	332	0.938775510204
408	439	0.938775510204
453	572	0.979591836735
454	421	0.918367346939
454	938	0.918367346939
454	351	0.918367346939
454	350	0.918367346939
455	652	0.959183673469
455	897	0.959183673469
158	511	0.918367346939
158	131	0.918367346939
158	28	0.918367346939
158	84	0.918367346939
457	579	0.938775510204
457	152	0.938775510204
457	949	0.938775510204
183	572	0.959183673469
183	757	0.959183673469
379	1236	0.877551020408
379	881	0.877551020408
379	407	0.877551020408
379	378	0.877551020408
379	405	0.877551020408
379	482	0.877551020408
378	60	0.591836734694
378	417	0.591836734694
378	757	0.591836734694
378	58	0.591836734694
378	211	0.591836734694
378	55	0.591836734694
378	47	0.591836734694
378	602	0.591836734694
378	447	0.591836734694
378	1152	0.591836734694
378	133	0.591836734694
378	1299	0.591836734694
378	652	0.591836734694
378	243	0.591836734694
378	407	0.591836734694
378	648	0.591836734694
378	484	0.591836734694
378	253	0.591836734694
378	1248	0.591836734694
378	84	0.591836734694
829	1552	0.918367346939
829	1469	0.918367346939
829	1400	0.918367346939
829	1392	0.918367346939
44	724	0.979591836735
370	302	0.918367346939
370	938	0.918367346939
370	515	0.918367346939
370	219	0.918367346939
373	577	0.877551020408
373	713	0.877551020408
373	62	0.877551020408
373	253	0.877551020408
373	515	0.877551020408
373	87	0.877551020408
372	1315	0.959183673469
372	1219	0.959183673469
374	602	0.857142857143
374	876	0.857142857143
374	552	0.857142857143
374	219	0.857142857143
374	249	0.857142857143
374	377	0.857142857143
374	233	0.857142857143
377	634	0.877551020408
377	636	0.877551020408
377	694	0.877551020408
377	638	0.877551020408
377	486	0.877551020408
377	376	0.877551020408
376	1235	0.836734693878
376	1314	0.836734693878
376	634	0.836734693878
376	635	0.836734693878
376	636	0.836734693878
376	602	0.836734693878
376	1313	0.836734693878
376	377	0.836734693878
1278	1292	0.979591836735
708	28	0.979591836735
709	710	0.979591836735
1176	515	0.918367346939
1176	533	0.918367346939
1176	697	0.918367346939
1176	1308	0.918367346939
705	81	0.979591836735
706	750	0.959183673469
706	28	0.959183673469
707	28	0.979591836735
700	325	0.979591836735
1175	1129	0.979591836735
392	28	0.938775510204
392	142	0.938775510204
392	792	0.938775510204
88	342	0.877551020408
88	393	0.877551020408
88	395	0.877551020408
88	394	0.877551020408
88	87	0.877551020408
88	493	0.877551020408
619	216	0.938775510204
619	1287	0.938775510204
619	1189	0.938775510204
1487	1465	0.979591836735
1486	612	0.979591836735
82	443	0.979591836735
83	479	0.938775510204
83	94	0.938775510204
83	154	0.938775510204
80	648	0.959183673469
80	144	0.959183673469
81	212	0.877551020408
81	583	0.877551020408
81	773	0.877551020408
81	1170	0.877551020408
81	984	0.877551020408
81	521	0.877551020408
86	60	0.959183673469
86	393	0.959183673469
87	988	0.34693877551
87	587	0.34693877551
87	983	0.34693877551
87	574	0.34693877551
87	60	0.34693877551
87	272	0.34693877551
87	89	0.34693877551
87	494	0.34693877551
87	497	0.34693877551
87	172	0.34693877551
87	233	0.34693877551
87	251	0.34693877551
87	28	0.34693877551
87	342	0.34693877551
87	421	0.34693877551
87	284	0.34693877551
87	1259	0.34693877551
87	994	0.34693877551
87	757	0.34693877551
87	713	0.34693877551
87	73	0.34693877551
87	90	0.34693877551
87	1127	0.34693877551
87	59	0.34693877551
87	58	0.34693877551
87	55	0.34693877551
87	57	0.34693877551
87	909	0.34693877551
87	88	0.34693877551
87	828	0.34693877551
87	765	0.34693877551
87	1248	0.34693877551
85	28	0.897959183673
85	484	0.897959183673
85	340	0.897959183673
85	87	0.897959183673
85	239	0.897959183673
796	433	0.979591836735
793	374	0.979591836735
792	724	0.979591836735
749	745	0.979591836735
799	1083	0.979591836735
1270	216	0.959183673469
1270	1312	0.959183673469
1271	1266	0.979591836735
410	620	0.979591836735
170	513	0.979591836735
1272	1266	0.979591836735
1246	59	0.979591836735
586	611	0.979591836735
587	1434	0.836734693878
587	442	0.836734693878
587	392	0.836734693878
587	1388	0.836734693878
587	438	0.836734693878
587	432	0.836734693878
587	433	0.836734693878
587	431	0.836734693878
1139	713	0.979591836735
585	497	0.938775510204
585	454	0.938775510204
585	1303	0.938775510204
582	297	0.938775510204
582	526	0.938775510204
582	579	0.938775510204
580	581	0.979591836735
1133	1140	0.857142857143
1133	268	0.857142857143
1133	634	0.857142857143
1133	1614	0.857142857143
1133	289	0.857142857143
1133	843	0.857142857143
1133	1488	0.857142857143
1132	28	0.979591836735
1130	966	0.836734693878
1130	843	0.836734693878
1130	55	0.836734693878
1130	57	0.836734693878
1130	713	0.836734693878
1130	307	0.836734693878
1130	688	0.836734693878
1130	91	0.836734693878
1137	116	0.938775510204
1137	22	0.938775510204
1137	493	0.938775510204
1135	417	0.959183673469
1135	1618	0.959183673469
589	249	0.979591836735
247	315	0.979591836735
241	90	0.959183673469
241	239	0.959183673469
614	609	0.979591836735
243	242	0.979591836735
242	585	0.836734693878
242	603	0.836734693878
242	197	0.836734693878
242	355	0.836734693878
242	448	0.836734693878
242	243	0.836734693878
242	166	0.836734693878
242	232	0.836734693878
615	610	0.959183673469
615	611	0.959183673469
249	757	0.959183673469
249	243	0.959183673469
248	374	0.979591836735
923	857	0.938775510204
923	851	0.938775510204
923	852	0.938775510204
1432	1550	0.673469387755
1432	634	0.673469387755
1432	603	0.673469387755
1432	636	0.673469387755
1432	602	0.673469387755
1432	698	0.673469387755
1432	1604	0.673469387755
1432	867	0.673469387755
1432	1472	0.673469387755
1432	1372	0.673469387755
1432	1591	0.673469387755
1432	1486	0.673469387755
1432	1015	0.673469387755
1432	1411	0.673469387755
1432	1412	0.673469387755
1432	990	0.673469387755
1240	154	0.979591836735
1380	604	0.918367346939
1380	710	0.918367346939
1380	1441	0.918367346939
1380	1567	0.918367346939
419	378	0.918367346939
419	405	0.918367346939
419	482	0.918367346939
419	406	0.918367346939
519	507	0.918367346939
519	283	0.918367346939
519	22	0.918367346939
519	518	0.918367346939
518	448	0.734693877551
518	20	0.734693877551
518	608	0.734693877551
518	219	0.734693877551
518	519	0.734693877551
518	288	0.734693877551
518	168	0.734693877551
518	522	0.734693877551
518	367	0.734693877551
518	164	0.734693877551
518	507	0.734693877551
518	103	0.734693877551
518	284	0.734693877551
1009	260	0.979591836735
1008	1006	0.979591836735
1007	1006	0.979591836735
510	103	0.897959183673
510	632	0.897959183673
510	222	0.897959183673
510	157	0.897959183673
510	219	0.897959183673
1005	389	0.938775510204
1005	632	0.938775510204
1005	260	0.938775510204
512	202	0.979591836735
1003	365	0.979591836735
1002	905	0.979591836735
517	518	0.959183673469
517	284	0.959183673469
1000	724	0.959183673469
1000	981	0.959183673469
458	501	0.979591836735
459	465	0.979591836735
1225	376	0.979591836735
1224	1223	0.938775510204
1224	1221	0.938775510204
1224	376	0.938775510204
626	483	0.979591836735
625	1014	0.938775510204
625	572	0.938775510204
625	311	0.938775510204
624	679	0.836734693878
624	1604	0.836734693878
624	672	0.836734693878
624	1469	0.836734693878
624	1465	0.836734693878
624	1033	0.836734693878
624	1394	0.836734693878
624	815	0.836734693878
629	593	0.979591836735
628	627	0.979591836735
1229	683	0.979591836735
1228	365	0.979591836735
177	90	0.979591836735
199	55	0.938775510204
199	1154	0.938775510204
199	1153	0.938775510204
175	101	0.979591836735
174	803	0.897959183673
174	802	0.897959183673
174	160	0.897959183673
174	161	0.897959183673
174	804	0.897959183673
173	22	0.979591836735
172	484	0.979591836735
171	1243	0.959183673469
171	710	0.959183673469
977	783	0.979591836735
182	527	0.979591836735
975	22	0.836734693878
975	1282	0.836734693878
975	1130	0.836734693878
975	1028	0.836734693878
975	522	0.836734693878
975	488	0.836734693878
975	490	0.836734693878
975	523	0.836734693878
974	936	0.979591836735
973	604	0.938775510204
973	744	0.938775510204
973	533	0.938775510204
972	973	0.979591836735
971	783	0.979591836735
970	81	0.979591836735
596	578	0.979591836735
180	144	0.877551020408
180	893	0.877551020408
180	894	0.877551020408
180	253	0.877551020408
180	1209	0.877551020408
180	817	0.877551020408
979	917	0.979591836735
656	657	0.979591836735
657	1420	0.836734693878
657	610	0.836734693878
657	611	0.836734693878
657	1409	0.836734693878
657	1366	0.836734693878
657	1526	0.836734693878
657	645	0.836734693878
657	658	0.836734693878
654	28	0.938775510204
654	374	0.938775510204
654	287	0.938775510204
181	308	0.959183673469
181	307	0.959183673469
653	551	0.979591836735
650	282	0.979591836735
185	471	0.979591836735
189	640	0.979591836735
658	643	0.877551020408
658	657	0.877551020408
658	1409	0.877551020408
658	1406	0.877551020408
658	1391	0.877551020408
658	659	0.877551020408
187	757	0.816326530612
187	1261	0.816326530612
187	611	0.816326530612
187	574	0.816326530612
187	60	0.816326530612
187	471	0.816326530612
187	1209	0.816326530612
187	175	0.816326530612
187	1291	0.816326530612
1561	661	0.979591836735
651	471	0.979591836735
1125	756	0.979591836735
1148	757	0.877551020408
1148	55	0.877551020408
1148	57	0.877551020408
1148	56	0.877551020408
1148	60	0.877551020408
1148	61	0.877551020408
602	1305	0.877551020408
602	625	0.877551020408
602	572	0.877551020408
602	302	0.877551020408
602	219	0.877551020408
602	515	0.877551020408
1089	47	0.979591836735
1088	374	0.979591836735
1227	652	0.979591836735
1113	208	0.979591836735
11	367	0.979591836735
13	28	0.979591836735
919	1236	0.857142857143
919	1268	0.857142857143
919	378	0.857142857143
919	407	0.857142857143
919	406	0.857142857143
919	405	0.857142857143
919	482	0.857142857143
14	724	0.979591836735
17	242	0.979591836735
16	196	0.979591836735
19	445	0.979591836735
18	71	0.959183673469
18	376	0.959183673469
863	883	0.897959183673
863	917	0.897959183673
863	737	0.897959183673
863	424	0.897959183673
863	948	0.897959183673
862	457	0.979591836735
864	865	0.959183673469
864	948	0.959183673469
867	515	0.979591836735
866	864	0.979591836735
659	656	0.979591836735
1226	713	0.979591836735
882	379	0.836734693878
882	1078	0.836734693878
882	573	0.836734693878
882	429	0.836734693878
882	378	0.836734693878
882	921	0.836734693878
882	812	0.836734693878
882	482	0.836734693878
881	1272	0.938775510204
881	515	0.938775510204
881	468	0.938775510204
880	1014	0.979591836735
887	992	0.979591836735
886	992	0.979591836735
885	992	0.979591836735
569	761	0.979591836735
889	560	0.979591836735
888	857	0.938775510204
888	851	0.938775510204
888	852	0.938775510204
1288	57	0.979591836735
1292	1202	0.979591836735
756	579	0.591836734694
756	1236	0.591836734694
756	960	0.591836734694
756	370	0.591836734694
756	46	0.591836734694
756	54	0.591836734694
756	264	0.591836734694
756	1133	0.591836734694
756	632	0.591836734694
756	348	0.591836734694
756	560	0.591836734694
756	924	0.591836734694
756	417	0.591836734694
756	256	0.591836734694
756	18	0.591836734694
756	181	0.591836734694
756	970	0.591836734694
756	1277	0.591836734694
756	515	0.591836734694
756	482	0.591836734694
1618	1444	0.959183673469
1618	1443	0.959183673469
1619	1444	0.959183673469
1619	1443	0.959183673469
1616	610	0.979591836735
599	270	0.938775510204
599	312	0.938775510204
599	264	0.938775510204
1614	1133	0.959183673469
1614	1618	0.959183673469
1615	622	0.979591836735
322	479	0.979591836735
320	620	0.979591836735
354	377	0.979591836735
325	60	0.897959183673
325	1154	0.897959183673
325	1261	0.897959183673
325	483	0.897959183673
325	1153	0.897959183673
562	563	0.979591836735
201	208	0.959183673469
201	206	0.959183673469
774	1014	0.979591836735
203	202	0.959183673469
203	351	0.959183673469
205	206	0.979591836735
770	144	0.918367346939
770	145	0.918367346939
770	1062	0.918367346939
770	457	0.918367346939
773	1025	0.979591836735
206	590	0.979591836735
350	448	0.959183673469
350	348	0.959183673469
779	857	0.938775510204
779	851	0.938775510204
779	852	0.938775510204
778	857	0.938775510204
778	851	0.938775510204
778	852	0.938775510204
679	585	0.938775510204
679	681	0.938775510204
679	232	0.938775510204
77	75	0.959183673469
77	703	0.959183673469
76	554	0.918367346939
76	233	0.918367346939
76	72	0.918367346939
76	646	0.918367346939
75	1050	0.69387755102
75	579	0.69387755102
75	907	0.69387755102
75	948	0.69387755102
75	554	0.69387755102
75	57	0.69387755102
75	703	0.69387755102
75	60	0.69387755102
75	72	0.69387755102
75	737	0.69387755102
75	646	0.69387755102
75	91	0.69387755102
75	648	0.69387755102
75	572	0.69387755102
75	233	0.69387755102
74	447	0.938775510204
74	72	0.938775510204
74	457	0.938775510204
73	342	0.979591836735
72	323	0.959183673469
72	765	0.959183673469
71	458	0.30612244898
71	1087	0.30612244898
71	768	0.30612244898
71	1048	0.30612244898
71	766	0.30612244898
71	767	0.30612244898
71	552	0.30612244898
71	135	0.30612244898
71	134	0.30612244898
71	278	0.30612244898
71	80	0.30612244898
71	872	0.30612244898
71	180	0.30612244898
71	818	0.30612244898
71	939	0.30612244898
71	541	0.30612244898
71	734	0.30612244898
71	522	0.30612244898
71	523	0.30612244898
71	1016	0.30612244898
71	78	0.30612244898
71	528	0.30612244898
71	774	0.30612244898
71	448	0.30612244898
71	447	0.30612244898
71	1169	0.30612244898
71	76	0.30612244898
71	105	0.30612244898
71	1061	0.30612244898
71	814	0.30612244898
71	1062	0.30612244898
71	1065	0.30612244898
71	722	0.30612244898
71	1008	0.30612244898
70	1014	0.938775510204
70	569	0.938775510204
70	1011	0.938775510204
1501	1116	0.979591836735
567	565	0.979591836735
1571	657	0.959183673469
1571	615	0.959183673469
79	144	0.877551020408
79	323	0.877551020408
79	572	0.877551020408
79	1062	0.877551020408
79	415	0.877551020408
79	428	0.877551020408
78	74	0.897959183673
78	447	0.897959183673
78	72	0.897959183673
78	79	0.897959183673
78	552	0.897959183673
1043	698	0.979591836735
1042	630	0.918367346939
1042	734	0.918367346939
1042	377	0.918367346939
1042	1019	0.918367346939
1041	483	0.979591836735
1040	838	0.918367346939
1040	839	0.918367346939
1040	841	0.918367346939
1040	840	0.918367346939
1047	860	0.959183673469
1047	856	0.959183673469
1046	722	0.959183673469
1046	1045	0.959183673469
1045	953	0.979591836735
1044	59	0.979591836735
1048	1030	0.979591836735
1222	1224	0.979591836735
804	302	0.918367346939
804	857	0.918367346939
804	851	0.918367346939
804	852	0.918367346939
50	484	0.836734693878
50	66	0.836734693878
50	48	0.836734693878
50	556	0.836734693878
50	537	0.836734693878
50	126	0.836734693878
50	127	0.836734693878
50	237	0.836734693878
1143	28	0.979591836735
1269	1266	0.979591836735
1141	57	0.979591836735
1147	801	0.979591836735
1145	57	0.979591836735
1263	28	0.979591836735
1262	743	0.979591836735
1261	1248	0.897959183673
1261	57	0.897959183673
1261	56	0.897959183673
1261	59	0.897959183673
1261	58	0.897959183673
1149	641	0.979591836735
1267	1209	0.979591836735
1266	1271	0.959183673469
1266	1279	0.959183673469
1265	713	0.938775510204
1265	1206	0.938775510204
1265	743	0.938775510204
1264	724	0.979591836735
1221	1224	0.938775510204
1221	377	0.938775510204
1221	694	0.938775510204
1507	1133	0.979591836735
1033	94	0.979591836735
1214	603	0.979591836735
692	471	0.979591836735
1547	1524	0.938775510204
1547	1545	0.938775510204
1547	1625	0.938775510204
1545	616	0.979591836735
697	572	0.918367346939
697	579	0.918367346939
697	578	0.918367346939
697	22	0.918367346939
1540	1444	0.938775510204
1540	1443	0.938775510204
1540	871	0.938775510204
695	478	0.897959183673
695	167	0.897959183673
695	186	0.897959183673
695	57	0.897959183673
695	398	0.897959183673
1297	216	0.979591836735
698	572	0.918367346939
698	116	0.918367346939
698	36	0.918367346939
698	22	0.918367346939
222	215	0.959183673469
222	410	0.959183673469
542	165	0.979591836735
543	28	0.959183673469
543	87	0.959183673469
541	379	0.775510204082
541	756	0.775510204082
541	22	0.775510204082
541	55	0.775510204082
541	551	0.775510204082
541	190	0.775510204082
541	53	0.775510204082
541	429	0.775510204082
541	130	0.775510204082
541	165	0.775510204082
541	648	0.775510204082
1469	634	0.877551020408
1469	697	0.877551020408
1469	638	0.877551020408
1469	1586	0.877551020408
1469	1587	0.877551020408
1469	1591	0.877551020408
544	335	0.897959183673
544	407	0.897959183673
544	632	0.897959183673
544	619	0.897959183673
544	348	0.897959183673
549	154	0.959183673469
549	695	0.959183673469
1019	302	0.959183673469
1019	602	0.959183673469
995	55	0.959183673469
995	53	0.959183673469
869	116	0.938775510204
869	36	0.938775510204
869	22	0.938775510204
1315	1231	0.979591836735
996	648	0.979591836735
991	71	0.979591836735
1312	216	0.959183673469
1312	1270	0.959183673469
993	144	0.897959183673
993	769	0.897959183673
993	58	0.897959183673
993	948	0.897959183673
993	792	0.897959183673
1310	365	0.938775510204
1310	377	0.938775510204
1310	376	0.938775510204
369	666	0.897959183673
369	643	0.897959183673
369	664	0.897959183673
369	644	0.897959183673
369	683	0.897959183673
999	1033	0.979591836735
1318	216	0.979591836735
121	945	0.857142857143
121	28	0.857142857143
121	929	0.857142857143
121	417	0.857142857143
121	648	0.857142857143
121	165	0.857142857143
121	493	0.857142857143
122	58	0.959183673469
122	574	0.959183673469
123	119	0.979591836735
124	133	0.979591836735
126	262	0.938775510204
126	484	0.938775510204
126	112	0.938775510204
127	262	0.938775510204
127	484	0.938775510204
127	66	0.938775510204
128	572	0.979591836735
129	65	0.979591836735
765	847	0.673469387755
765	144	0.673469387755
765	1083	0.673469387755
765	770	0.673469387755
765	948	0.673469387755
765	55	0.673469387755
765	1060	0.673469387755
765	874	0.673469387755
765	1062	0.673469387755
765	447	0.673469387755
765	900	0.673469387755
765	457	0.673469387755
765	368	0.673469387755
765	165	0.673469387755
765	648	0.673469387755
765	907	0.673469387755
777	260	0.979591836735
1128	1483	0.979591836735
563	572	0.938775510204
563	116	0.938775510204
563	22	0.938775510204
404	421	0.979591836735
1011	560	0.938775510204
1011	761	0.938775510204
1011	564	0.938775510204
928	1069	0.979591836735
416	74	0.979591836735
417	591	0.571428571429
417	379	0.571428571429
417	144	0.571428571429
417	619	0.571428571429
417	757	0.571428571429
417	58	0.571428571429
417	625	0.571428571429
417	211	0.571428571429
417	432	0.571428571429
417	439	0.571428571429
417	75	0.571428571429
417	253	0.571428571429
417	219	0.571428571429
417	407	0.571428571429
417	1257	0.571428571429
417	724	0.571428571429
417	488	0.571428571429
417	1248	0.571428571429
417	1196	0.571428571429
417	490	0.571428571429
417	220	0.571428571429
1389	1391	0.979591836735
412	371	0.938775510204
412	632	0.938775510204
412	28	0.938775510204
413	479	0.918367346939
413	756	0.918367346939
413	484	0.918367346939
413	956	0.918367346939
920	379	0.938775510204
920	429	0.938775510204
920	1002	0.938775510204
921	379	0.979591836735
922	208	0.979591836735
1387	811	0.979591836735
925	403	0.959183673469
925	220	0.959183673469
1382	612	0.979591836735
499	518	0.979591836735
319	305	0.959183673469
319	897	0.959183673469
318	91	0.938775510204
318	71	0.938775510204
318	552	0.938775510204
313	60	0.938775510204
313	91	0.938775510204
313	1006	0.938775510204
312	593	0.795918367347
312	602	0.795918367347
312	572	0.795918367347
312	219	0.795918367347
312	533	0.795918367347
312	275	0.795918367347
312	264	0.795918367347
312	421	0.795918367347
312	373	0.795918367347
312	220	0.795918367347
311	170	0.632653061224
311	587	0.632653061224
311	579	0.632653061224
311	417	0.632653061224
311	708	0.632653061224
311	560	0.632653061224
311	572	0.632653061224
311	706	0.632653061224
311	707	0.632653061224
311	565	0.632653061224
311	534	0.632653061224
311	532	0.632653061224
311	488	0.632653061224
311	421	0.632653061224
311	282	0.632653061224
311	481	0.632653061224
311	539	0.632653061224
311	493	0.632653061224
310	306	0.979591836735
315	57	0.959183673469
315	329	0.959183673469
1028	55	0.897959183673
1028	586	0.897959183673
1028	144	0.897959183673
1028	1031	0.897959183673
1028	823	0.897959183673
603	1314	0.795918367347
603	697	0.795918367347
603	602	0.795918367347
603	638	0.795918367347
603	1308	0.795918367347
603	1133	0.795918367347
603	1469	0.795918367347
603	376	0.795918367347
603	377	0.795918367347
603	1390	0.795918367347
1177	216	0.959183673469
1177	710	0.959183673469
475	270	0.959183673469
475	307	0.959183673469
496	296	0.918367346939
496	297	0.918367346939
496	275	0.918367346939
496	312	0.918367346939
670	672	0.959183673469
670	673	0.959183673469
832	831	0.979591836735
833	611	0.979591836735
830	950	0.918367346939
830	888	0.918367346939
830	923	0.918367346939
830	816	0.918367346939
831	1015	0.959183673469
831	815	0.959183673469
836	374	0.979591836735
835	154	0.979591836735
838	854	0.918367346939
838	857	0.918367346939
838	851	0.918367346939
838	853	0.918367346939
1335	1116	0.979591836735
725	818	0.938775510204
725	847	0.938775510204
725	790	0.938775510204
1255	379	0.959183673469
1255	429	0.959183673469
368	1172	0.959183673469
368	71	0.959183673469
1334	1396	0.979591836735
366	365	0.979591836735
367	22	0.918367346939
367	71	0.918367346939
367	522	0.918367346939
367	368	0.918367346939
364	565	0.979591836735
365	881	0.857142857143
365	744	0.857142857143
365	602	0.857142857143
365	638	0.857142857143
365	867	0.857142857143
365	370	0.857142857143
365	420	0.857142857143
1337	829	0.959183673469
1337	1469	0.959183673469
360	1224	0.979591836735
361	1225	0.979591836735
1331	379	0.959183673469
1331	429	0.959183673469
1330	713	0.979591836735
380	273	0.979591836735
382	22	0.979591836735
1252	407	0.897959183673
1252	378	0.897959183673
1252	1236	0.897959183673
1252	219	0.897959183673
1252	220	0.897959183673
386	695	0.979591836735
388	302	0.959183673469
388	533	0.959183673469
389	1176	0.857142857143
389	1161	0.857142857143
389	1213	0.857142857143
389	560	0.857142857143
389	698	0.857142857143
389	714	0.857142857143
389	533	0.857142857143
786	1064	0.979591836735
787	90	0.897959183673
787	131	0.897959183673
787	89	0.897959183673
787	87	0.897959183673
787	1144	0.897959183673
780	146	0.795918367347
780	632	0.795918367347
780	1432	0.795918367347
780	602	0.795918367347
780	302	0.795918367347
780	698	0.795918367347
780	260	0.795918367347
780	389	0.795918367347
780	515	0.795918367347
780	197	0.795918367347
781	560	0.979591836735
782	994	0.918367346939
782	781	0.918367346939
782	993	0.918367346939
782	523	0.918367346939
783	965	0.918367346939
783	966	0.918367346939
783	986	0.918367346939
783	501	0.918367346939
1174	1161	0.979591836735
860	992	0.979591836735
630	302	0.897959183673
630	196	0.897959183673
630	269	0.897959183673
630	93	0.897959183673
630	553	0.897959183673
405	1164	0.816326530612
405	211	0.816326530612
405	1257	0.816326530612
405	1113	0.816326530612
405	1247	0.816326530612
405	439	0.816326530612
405	1249	0.816326530612
405	435	0.816326530612
405	418	0.816326530612
1077	44	0.959183673469
1077	778	0.959183673469
114	118	0.979591836735
1223	1235	0.979591836735
579	1285	0.795918367347
579	522	0.795918367347
579	554	0.795918367347
579	588	0.795918367347
579	378	0.795918367347
579	724	0.795918367347
579	412	0.795918367347
579	282	0.795918367347
579	348	0.795918367347
579	233	0.795918367347
578	587	0.938775510204
578	724	0.938775510204
578	412	0.938775510204
468	515	0.938775510204
468	1266	0.938775510204
468	625	0.938775510204
1165	91	0.979591836735
573	1014	0.938775510204
573	572	0.938775510204
573	22	0.938775510204
572	282	0.612244897959
572	632	0.612244897959
572	448	0.612244897959
572	560	0.612244897959
572	28	0.612244897959
572	761	0.612244897959
572	564	0.612244897959
572	1266	0.612244897959
572	1135	0.612244897959
572	703	0.612244897959
572	487	0.612244897959
572	220	0.612244897959
572	421	0.612244897959
572	219	0.612244897959
572	434	0.612244897959
572	444	0.612244897959
572	515	0.612244897959
572	482	0.612244897959
572	493	0.612244897959
571	154	0.979591836735
570	572	0.938775510204
570	578	0.938775510204
570	219	0.938775510204
576	704	0.938775510204
576	374	0.938775510204
576	34	0.938775510204
575	362	0.979591836735
574	449	0.857142857143
574	96	0.857142857143
574	187	0.857142857143
574	175	0.857142857143
574	101	0.857142857143
574	97	0.857142857143
574	538	0.857142857143
60	1086	0.918367346939
60	57	0.918367346939
60	56	0.918367346939
60	801	0.918367346939
61	59	0.959183673469
61	58	0.959183673469
65	47	0.979591836735
252	9	0.979591836735
69	154	0.979591836735
256	264	0.918367346939
256	181	0.918367346939
256	529	0.918367346939
256	756	0.918367346939
257	258	0.979591836735
600	229	0.959183673469
600	228	0.959183673469
1423	1116	0.979591836735
1589	1443	0.979591836735
406	124	0.959183673469
406	823	0.959183673469
1581	1401	0.979591836735
731	270	0.938775510204
731	289	0.938775510204
731	857	0.938775510204
733	1047	0.979591836735
938	8	0.938775510204
938	493	0.938775510204
938	1264	0.938775510204
508	507	0.938775510204
508	22	0.938775510204
508	522	0.938775510204
736	1069	0.959183673469
736	1045	0.959183673469
1032	1053	0.979591836735
403	378	0.959183673469
403	220	0.959183673469
1030	71	0.979591836735
1031	594	0.979591836735
502	783	0.979591836735
500	120	0.979591836735
501	81	0.979591836735
1212	1193	0.959183673469
1212	1192	0.959183673469
1213	641	0.979591836735
632	605	0.204081632653
632	579	0.204081632653
632	602	0.204081632653
632	554	0.204081632653
632	197	0.204081632653
632	1140	0.204081632653
632	552	0.204081632653
632	233	0.204081632653
632	1050	0.204081632653
632	641	0.204081632653
632	795	0.204081632653
632	698	0.204081632653
632	818	0.204081632653
632	1469	0.204081632653
632	1522	0.204081632653
632	572	0.204081632653
632	1033	0.204081632653
632	930	0.204081632653
632	1564	0.204081632653
632	636	0.204081632653
632	754	0.204081632653
632	1130	0.204081632653
632	70	0.204081632653
632	93	0.204081632653
632	847	0.204081632653
632	900	0.204081632653
632	1432	0.204081632653
632	948	0.204081632653
632	861	0.204081632653
632	865	0.204081632653
632	1604	0.204081632653
632	1454	0.204081632653
632	470	0.204081632653
632	417	0.204081632653
632	533	0.204081632653
632	1363	0.204081632653
632	474	0.204081632653
632	1412	0.204081632653
632	376	0.204081632653
633	274	0.979591836735
634	1232	0.979591836735
401	379	0.979591836735
636	271	0.938775510204
636	372	0.938775510204
636	634	0.938775510204
1352	1133	0.979591836735
1218	694	0.959183673469
1218	376	0.959183673469
1219	1231	0.979591836735
461	1080	0.979591836735
1356	1604	0.979591836735
463	146	0.836734693878
463	869	0.836734693878
463	602	0.836734693878
463	302	0.836734693878
463	533	0.836734693878
463	370	0.836734693878
463	515	0.836734693878
463	221	0.836734693878
901	270	0.938775510204
901	289	0.938775510204
901	857	0.938775510204
168	522	0.979591836735
169	424	0.979591836735
164	1016	0.918367346939
164	168	0.918367346939
164	522	0.918367346939
164	523	0.918367346939
165	121	0.918367346939
165	540	0.918367346939
165	481	0.918367346939
165	993	0.918367346939
166	46	0.959183673469
166	379	0.959183673469
167	621	0.877551020408
167	154	0.877551020408
167	187	0.877551020408
167	413	0.877551020408
167	478	0.877551020408
167	101	0.877551020408
160	81	0.979591836735
161	542	0.979591836735
964	783	0.979591836735
965	81	0.979591836735
966	81	0.979591836735
967	81	0.979591836735
960	270	0.959183673469
960	857	0.959183673469
961	1133	0.979591836735
962	783	0.979591836735
963	783	0.979591836735
968	81	0.979591836735
969	81	0.979591836735
1454	1562	0.979591836735
935	181	0.959183673469
935	256	0.959183673469
1515	1604	0.959183673469
1515	897	0.959183673469
934	91	0.938775510204
934	89	0.938775510204
934	87	0.938775510204
1159	468	0.959183673469
1159	697	0.959183673469
800	953	0.959183673469
800	857	0.959183673469
641	1284	0.836734693878
641	1083	0.836734693878
641	697	0.836734693878
641	602	0.836734693878
641	1308	0.836734693878
641	63	0.836734693878
641	533	0.836734693878
641	388	0.836734693878
878	368	0.979591836735
1536	1469	0.959183673469
1536	815	0.959183673469
876	796	0.918367346939
876	1130	0.918367346939
876	22	0.918367346939
876	307	0.918367346939
877	993	0.979591836735
874	993	0.979591836735
872	934	0.979591836735
873	1030	0.979591836735
871	1436	0.918367346939
871	1408	0.918367346939
871	533	0.918367346939
871	1540	0.918367346939
1155	801	0.979591836735
488	308	0.857142857143
488	590	0.857142857143
488	145	0.857142857143
488	594	0.857142857143
488	55	0.857142857143
488	1031	0.857142857143
488	823	0.857142857143
1154	59	0.959183673469
1154	58	0.959183673469
9	271	0.938775510204
9	81	0.938775510204
9	49	0.938775510204
1245	407	0.938775510204
1245	378	0.938775510204
1245	1236	0.938775510204
1244	379	0.959183673469
1244	429	0.959183673469
890	992	0.979591836735
891	992	0.979591836735
892	992	0.979591836735
893	992	0.979591836735
894	992	0.979591836735
896	36	0.979591836735
898	427	0.979591836735
899	256	0.979591836735
1530	1465	0.938775510204
1530	1464	0.938775510204
1530	1392	0.938775510204
255	308	0.959183673469
255	307	0.959183673469
1199	9	0.979591836735
1153	59	0.959183673469
1153	58	0.959183673469
1277	81	0.979591836735
1248	1155	0.897959183673
1248	57	0.897959183673
1248	56	0.897959183673
1248	757	0.897959183673
1248	801	0.897959183673
1152	1248	0.918367346939
1152	1148	0.918367346939
1152	59	0.918367346939
1152	58	0.918367346939
1273	219	0.959183673469
1273	220	0.959183673469
1173	57	0.938775510204
1173	59	0.938775510204
1173	87	0.938775510204
1393	710	0.979591836735
357	193	0.959183673469
357	683	0.959183673469
356	357	0.959183673469
356	419	0.959183673469
355	362	0.979591836735
808	926	0.979591836735
352	448	0.959183673469
352	348	0.959183673469
351	448	0.959183673469
351	348	0.959183673469
1617	610	0.979591836735
803	854	0.918367346939
803	857	0.918367346939
803	851	0.918367346939
803	852	0.918367346939
801	28	0.979591836735
1538	1522	0.979591836735
807	28	0.979591836735
806	1069	0.979591836735
639	1552	0.857142857143
639	154	0.857142857143
639	715	0.857142857143
639	616	0.857142857143
639	1469	0.857142857143
639	1465	0.857142857143
639	1400	0.857142857143
217	632	0.836734693878
217	602	0.836734693878
217	1204	0.836734693878
217	302	0.836734693878
217	1071	0.836734693878
217	533	0.836734693878
217	1015	0.836734693878
217	515	0.836734693878
214	602	0.979591836735
769	1069	0.591836734694
769	994	0.591836734694
769	144	0.591836734694
769	894	0.591836734694
769	907	0.591836734694
769	1078	0.591836734694
769	1024	0.591836734694
769	573	0.591836734694
769	953	0.591836734694
769	1062	0.591836734694
769	1065	0.591836734694
769	1067	0.591836734694
769	457	0.591836734694
769	1051	0.591836734694
769	645	0.591836734694
769	737	0.591836734694
769	1008	0.591836734694
769	1432	0.591836734694
769	1030	0.591836734694
769	1035	0.591836734694
212	569	0.938775510204
212	282	0.938775510204
212	1011	0.938775510204
210	202	0.979591836735
211	133	0.938775510204
211	253	0.938775510204
211	1052	0.938775510204
763	1030	0.979591836735
760	759	0.979591836735
761	403	0.938775510204
761	417	0.938775510204
761	418	0.938775510204
766	769	0.30612244898
766	573	0.30612244898
766	457	0.30612244898
766	1084	0.30612244898
766	771	0.30612244898
766	1050	0.30612244898
766	928	0.30612244898
766	955	0.30612244898
766	368	0.30612244898
766	1014	0.30612244898
766	917	0.30612244898
766	409	0.30612244898
766	991	0.30612244898
766	770	0.30612244898
766	754	0.30612244898
766	765	0.30612244898
766	1030	0.30612244898
766	964	0.30612244898
766	1027	0.30612244898
766	1026	0.30612244898
766	948	0.30612244898
766	962	0.30612244898
766	963	0.30612244898
766	432	0.30612244898
766	726	0.30612244898
766	1023	0.30612244898
766	720	0.30612244898
766	530	0.30612244898
766	803	0.30612244898
766	1006	0.30612244898
766	880	0.30612244898
766	806	0.30612244898
766	823	0.30612244898
766	729	0.30612244898
764	769	0.979591836735
219	1171	0.836734693878
219	211	0.836734693878
219	490	0.836734693878
219	1257	0.836734693878
219	1113	0.836734693878
219	439	0.836734693878
219	435	0.836734693878
219	432	0.836734693878
40	579	0.959183673469
40	36	0.959183673469
41	579	0.979591836735
1309	216	0.959183673469
1309	154	0.959183673469
1169	55	0.959183673469
1169	447	0.959183673469
438	442	0.979591836735
1078	22	0.979591836735
643	454	0.897959183673
643	455	0.897959183673
643	645	0.897959183673
643	482	0.897959183673
643	419	0.897959183673
1074	898	0.959183673469
1074	633	0.959183673469
1072	641	0.979591836735
289	443	0.857142857143
289	1201	0.857142857143
289	270	0.857142857143
289	530	0.857142857143
289	9	0.857142857143
289	419	0.857142857143
289	97	0.857142857143
288	346	0.959183673469
288	515	0.959183673469
4	681	0.938775510204
4	430	0.938775510204
4	683	0.938775510204
280	202	0.979591836735
283	572	0.897959183673
283	578	0.897959183673
283	22	0.897959183673
283	35	0.897959183673
283	36	0.897959183673
282	579	0.816326530612
282	202	0.816326530612
282	468	0.816326530612
282	560	0.816326530612
282	572	0.816326530612
282	311	0.816326530612
282	565	0.816326530612
282	494	0.816326530612
282	364	0.816326530612
285	695	0.979591836735
284	91	0.959183673469
284	724	0.959183673469
287	288	0.979591836735
439	201	0.938775510204
439	1142	0.938775510204
439	144	0.938775510204
1083	818	0.979591836735
1158	154	0.979591836735
674	551	0.979591836735
1157	57	0.979591836735
1156	417	0.918367346939
1156	1313	0.918367346939
1156	71	0.918367346939
1156	754	0.918367346939
1151	57	0.979591836735
1150	90	0.979591836735
672	379	0.959183673469
672	679	0.959183673469
673	681	0.979591836735
260	900	0.816326530612
260	1083	0.816326530612
260	154	0.816326530612
260	948	0.816326530612
260	602	0.816326530612
260	533	0.816326530612
260	737	0.816326530612
260	635	0.816326530612
260	163	0.816326530612
267	915	0.959183673469
267	118	0.959183673469
266	146	0.897959183673
266	403	0.897959183673
266	515	0.897959183673
266	468	0.897959183673
266	914	0.897959183673
1178	243	0.979591836735
264	270	0.897959183673
264	312	0.897959183673
264	181	0.897959183673
264	219	0.897959183673
264	516	0.897959183673
286	521	0.979591836735
269	572	0.959183673469
269	311	0.959183673469
268	632	0.816326530612
268	572	0.816326530612
268	761	0.816326530612
268	1201	0.816326530612
268	275	0.816326530612
268	9	0.816326530612
268	515	0.816326530612
268	1012	0.816326530612
268	516	0.816326530612
1290	634	0.938775510204
1290	694	0.938775510204
1290	376	0.938775510204
58	1234	0.755102040816
58	59	0.755102040816
58	55	0.755102040816
58	57	0.755102040816
58	56	0.755102040816
58	28	0.755102040816
58	617	0.755102040816
58	60	0.755102040816
58	61	0.755102040816
58	757	0.755102040816
58	801	0.755102040816
58	1261	0.755102040816
1082	960	0.979591836735
59	757	0.734693877551
59	58	0.734693877551
59	61	0.734693877551
59	55	0.734693877551
59	158	0.734693877551
59	57	0.734693877551
59	56	0.734693877551
59	60	0.734693877551
59	1155	0.734693877551
59	1146	0.734693877551
59	801	0.734693877551
59	484	0.734693877551
59	1261	0.734693877551
1554	751	0.857142857143
1554	769	0.857142857143
1554	906	0.857142857143
1554	1352	0.857142857143
1554	1496	0.857142857143
1554	1412	0.857142857143
1554	1406	0.857142857143
1215	154	0.979591836735
55	59	0.877551020408
55	58	0.877551020408
55	57	0.877551020408
55	56	0.877551020408
55	91	0.877551020408
55	1148	0.877551020408
54	857	0.959183673469
54	853	0.959183673469
57	55	0.897959183673
57	801	0.897959183673
57	56	0.897959183673
57	131	0.897959183673
57	58	0.897959183673
56	55	0.918367346939
56	131	0.918367346939
56	59	0.918367346939
56	801	0.918367346939
62	131	0.938775510204
62	713	0.938775510204
62	1327	0.938775510204
53	421	0.918367346939
53	915	0.918367346939
53	154	0.918367346939
53	307	0.918367346939
52	71	0.979591836735
537	114	0.959183673469
537	484	0.959183673469
536	443	0.979591836735
535	529	0.979591836735
63	1284	0.938775510204
63	302	0.938775510204
63	697	0.938775510204
533	522	0.816326530612
533	878	0.816326530612
533	206	0.816326530612
533	981	0.816326530612
533	518	0.816326530612
533	71	0.816326530612
533	164	0.816326530612
533	367	0.816326530612
533	515	0.816326530612
530	164	0.897959183673
530	367	0.897959183673
530	981	0.897959183673
530	878	0.897959183673
530	518	0.897959183673
1295	216	0.979591836735
1414	811	0.938775510204
1414	1432	0.938775510204
1414	1405	0.938775510204
152	652	0.959183673469
152	1297	0.959183673469
539	28	0.979591836735
775	740	0.836734693878
775	1069	0.836734693878
775	991	0.836734693878
775	877	0.836734693878
775	447	0.836734693878
775	1073	0.836734693878
775	648	0.836734693878
775	811	0.836734693878
988	202	0.979591836735
989	718	0.979591836735
1324	417	0.959183673469
1324	418	0.959183673469
1325	1154	0.979591836735
982	1042	0.857142857143
982	975	0.857142857143
982	22	0.857142857143
982	876	0.857142857143
982	749	0.857142857143
982	698	0.857142857143
982	523	0.857142857143
983	981	0.979591836735
980	133	0.959183673469
980	154	0.959183673469
981	87	0.714285714286
981	991	0.714285714286
981	22	0.714285714286
981	754	0.714285714286
981	749	0.714285714286
981	706	0.714285714286
981	860	0.714285714286
981	818	0.714285714286
981	91	0.714285714286
981	1008	0.714285714286
981	164	0.714285714286
981	90	0.714285714286
981	1030	0.714285714286
981	284	0.714285714286
986	728	0.897959183673
986	144	0.897959183673
986	917	0.897959183673
986	971	0.897959183673
986	457	0.897959183673
987	984	0.979591836735
984	883	0.0
984	886	0.0
984	54	0.0
984	761	0.0
984	997	0.0
984	457	0.0
984	144	0.0
984	894	0.0
984	771	0.0
984	1051	0.0
984	837	0.0
984	971	0.0
984	970	0.0
984	874	0.0
984	482	0.0
984	737	0.0
984	917	0.0
984	751	0.0
984	1011	0.0
984	1278	0.0
984	569	0.0
984	632	0.0
984	448	0.0
984	991	0.0
984	368	0.0
984	560	0.0
984	530	0.0
984	447	0.0
984	900	0.0
984	1277	0.0
984	802	0.0
984	165	0.0
984	94	0.0
984	907	0.0
984	1025	0.0
984	965	0.0
984	966	0.0
984	1046	0.0
984	948	0.0
984	55	0.0
984	1060	0.0
984	1062	0.0
984	865	0.0
984	847	0.0
984	726	0.0
984	533	0.0
984	1008	0.0
984	648	0.0
984	927	0.0
985	1432	0.959183673469
985	954	0.959183673469
115	101	0.959183673469
115	187	0.959183673469
68	1284	0.938775510204
68	533	0.938775510204
68	242	0.938775510204
116	1128	0.775510204082
116	1077	0.775510204082
116	706	0.775510204082
116	421	0.775510204082
116	920	0.775510204082
116	1255	0.775510204082
116	279	0.775510204082
116	915	0.775510204082
116	921	0.775510204082
116	434	0.775510204082
116	493	0.775510204082
111	389	0.979591836735
113	122	0.959183673469
113	119	0.959183673469
253	133	0.979591836735
771	22	0.938775510204
771	79	0.938775510204
771	770	0.938775510204
5	529	0.979591836735
119	478	0.938775510204
119	187	0.938775510204
119	574	0.938775510204
118	55	0.938775510204
118	536	0.938775510204
118	97	0.938775510204
1531	1552	0.938775510204
1531	1400	0.938775510204
1531	1392	0.938775510204
207	590	0.959183673469
207	206	0.959183673469
772	769	0.938775510204
772	770	0.938775510204
772	79	0.938775510204
1257	201	0.938775510204
1257	1142	0.938775510204
1257	144	0.938775510204
1254	219	0.959183673469
1254	220	0.959183673469
1253	219	0.959183673469
1253	220	0.959183673469
1523	1396	0.816326530612
1523	611	0.816326530612
1523	867	0.816326530612
1523	1525	0.816326530612
1523	1363	0.816326530612
1523	1116	0.816326530612
1523	811	0.816326530612
1523	1467	0.816326530612
1523	1510	0.816326530612
421	379	0.775510204082
421	619	0.775510204082
421	419	0.775510204082
421	429	0.775510204082
421	378	0.775510204082
421	1039	0.775510204082
421	645	0.775510204082
421	1307	0.775510204082
421	351	0.775510204082
421	417	0.775510204082
421	482	0.775510204082
914	379	0.918367346939
914	429	0.918367346939
914	911	0.918367346939
914	1250	0.918367346939
917	857	0.938775510204
917	851	0.938775510204
917	852	0.938775510204
422	636	0.959183673469
422	242	0.959183673469
911	482	0.979591836735
910	379	0.897959183673
910	429	0.897959183673
910	998	0.897959183673
910	1250	0.897959183673
910	220	0.897959183673
1391	1133	0.979591836735
308	202	0.836734693878
308	154	0.836734693878
308	22	0.836734693878
308	616	0.836734693878
308	53	0.836734693878
308	307	0.836734693878
308	98	0.836734693878
308	648	0.836734693878
309	310	0.979591836735
460	572	0.938775510204
460	417	0.938775510204
460	348	0.938775510204
300	306	0.979591836735
301	515	0.959183673469
301	430	0.959183673469
302	630	0.714285714286
302	625	0.714285714286
302	602	0.714285714286
302	572	0.714285714286
302	698	0.714285714286
302	706	0.714285714286
302	1197	0.714285714286
302	219	0.714285714286
302	818	0.714285714286
302	533	0.714285714286
302	266	0.714285714286
302	1033	0.714285714286
302	1005	0.714285714286
302	93	0.714285714286
305	652	0.959183673469
305	897	0.959183673469
306	310	0.979591836735
307	144	0.775510204082
307	154	0.775510204082
307	1188	0.775510204082
307	877	0.775510204082
307	447	0.775510204082
307	742	0.775510204082
307	53	0.775510204082
307	133	0.775510204082
307	648	0.775510204082
307	549	0.775510204082
307	427	0.775510204082
895	703	0.979591836735
824	745	0.979591836735
1376	1432	0.979591836735
418	219	0.897959183673
418	144	0.897959183673
418	417	0.897959183673
418	220	0.897959183673
418	332	0.897959183673
847	785	0.979591836735
846	848	0.979591836735
844	208	0.979591836735
842	765	0.979591836735
841	857	0.959183673469
841	853	0.959183673469
840	270	0.959183673469
840	857	0.959183673469
1090	899	0.959183673469
1090	256	0.959183673469
1126	801	0.959183673469
1126	28	0.959183673469
848	857	0.959183673469
848	852	0.959183673469
823	822	0.979591836735
1209	1148	0.938775510204
1209	59	0.938775510204
1209	58	0.938775510204
1323	201	0.959183673469
1323	488	0.959183673469
1283	164	0.959183673469
1283	981	0.959183673469
1484	1396	0.938775510204
1484	1467	0.938775510204
1484	1496	0.938775510204
472	122	0.979591836735
1208	560	0.979591836735
1634	1561	0.979591836735
390	391	0.979591836735
1282	1552	0.959183673469
1282	488	0.959183673469
1038	758	0.959183673469
1038	1037	0.959183673469
1238	57	0.979591836735
1328	683	0.979591836735
1166	181	0.959183673469
1166	154	0.959183673469
391	26	0.979591836735
753	90	0.938775510204
753	59	0.938775510204
753	58	0.938775510204
752	560	0.959183673469
752	58	0.959183673469
750	724	0.979591836735
757	59	0.877551020408
757	58	0.877551020408
757	57	0.877551020408
757	56	0.877551020408
757	1248	0.877551020408
757	1148	0.877551020408
737	1047	0.979591836735
755	1080	0.979591836735
754	902	0.836734693878
754	1133	0.836734693878
754	54	0.836734693878
754	1125	0.836734693878
754	270	0.836734693878
754	18	0.836734693878
754	803	0.836734693878
754	924	0.836734693878
560	55	0.918367346939
560	403	0.918367346939
560	417	0.918367346939
560	418	0.918367346939
561	86	0.979591836735
759	270	0.918367346939
759	289	0.918367346939
759	857	0.918367346939
759	851	0.918367346939
758	1037	0.979591836735
564	562	0.979591836735
701	515	0.897959183673
701	233	0.897959183673
701	533	0.897959183673
701	22	0.897959183673
701	602	0.897959183673
506	367	0.897959183673
506	593	0.897959183673
506	634	0.897959183673
506	515	0.897959183673
506	636	0.897959183673
1256	417	0.959183673469
1256	418	0.959183673469
1591	1250	0.979591836735
228	495	0.959183673469
228	248	0.959183673469
227	228	0.979591836735
226	231	0.979591836735
224	223	0.979591836735
504	502	0.979591836735
221	414	0.938775510204
221	1249	0.938775510204
221	490	0.938775510204
220	591	0.285714285714
220	989	0.285714285714
220	198	0.285714285714
220	211	0.285714285714
220	197	0.285714285714
220	219	0.285714285714
220	133	0.285714285714
220	909	0.285714285714
220	253	0.285714285714
220	490	0.285714285714
220	378	0.285714285714
220	1257	0.285714285714
220	1113	0.285714285714
220	652	0.285714285714
220	507	0.285714285714
220	528	0.285714285714
220	409	0.285714285714
220	408	0.285714285714
220	144	0.285714285714
220	894	0.285714285714
220	635	0.285714285714
220	1171	0.285714285714
220	1062	0.285714285714
220	1033	0.285714285714
220	91	0.285714285714
220	94	0.285714285714
220	946	0.285714285714
220	945	0.285714285714
220	1028	0.285714285714
220	518	0.285714285714
220	439	0.285714285714
220	648	0.285714285714
220	922	0.285714285714
220	435	0.285714285714
220	432	0.285714285714
1025	1045	0.877551020408
1025	1065	0.877551020408
1025	954	0.877551020408
1025	928	0.877551020408
1025	1008	0.877551020408
1025	1006	0.877551020408
1027	1014	0.979591836735
1021	270	0.979591836735
1020	270	0.938775510204
1020	289	0.938775510204
1020	851	0.938775510204
1022	560	0.979591836735
1184	1152	0.979591836735
1185	379	0.959183673469
1185	429	0.959183673469
1182	57	0.979591836735
1183	57	0.979591836735
1180	91	0.959183673469
1180	28	0.959183673469
727	717	0.959183673469
727	716	0.959183673469
89	988	0.857142857143
89	909	0.857142857143
89	73	0.857142857143
89	342	0.857142857143
89	91	0.857142857143
89	497	0.857142857143
89	233	0.857142857143
722	81	0.979591836735
1386	1412	0.979591836735
720	81	0.979591836735
721	81	0.979591836735
1035	883	0.979591836735
1167	60	0.979591836735
1049	1011	0.979591836735
728	763	0.979591836735
605	339	0.979591836735
604	630	0.857142857143
604	1432	0.857142857143
604	554	0.857142857143
604	302	0.857142857143
604	417	0.857142857143
604	266	0.857142857143
604	515	0.857142857143
607	1498	0.897959183673
607	1412	0.897959183673
607	611	0.897959183673
607	1603	0.897959183673
607	1116	0.897959183673
606	522	0.979591836735
1160	1161	0.979591836735
994	144	0.755102040816
994	58	0.755102040816
994	948	0.755102040816
994	55	0.755102040816
994	945	0.755102040816
994	22	0.755102040816
994	900	0.755102040816
994	307	0.755102040816
994	470	0.755102040816
994	770	0.755102040816
994	79	0.755102040816
994	792	0.755102040816
1163	710	0.979591836735
1205	471	0.979591836735
1207	197	0.979591836735
112	118	0.979591836735
1168	511	0.979591836735
1200	504	0.979591836735
1203	578	0.979591836735
1211	1129	0.979591836735
976	1011	0.959183673469
976	1013	0.959183673469
1216	181	0.979591836735
1443	604	0.816326530612
1443	1540	0.816326530612
1443	636	0.816326530612
1443	1525	0.816326530612
1443	1060	0.816326530612
1443	1603	0.816326530612
1443	867	0.816326530612
1443	1455	0.816326530612
1443	1610	0.816326530612
399	259	0.979591836735
635	1232	0.979591836735
959	270	0.918367346939
959	857	0.918367346939
959	851	0.918367346939
959	852	0.918367346939
958	959	0.979591836735
997	71	0.979591836735
48	448	0.816326530612
48	66	0.816326530612
48	67	0.816326530612
48	445	0.816326530612
48	126	0.816326530612
48	127	0.816326530612
48	8	0.816326530612
48	484	0.816326530612
48	237	0.816326530612
49	91	0.959183673469
49	81	0.959183673469
46	379	0.897959183673
46	378	0.897959183673
46	429	0.897959183673
46	419	0.897959183673
46	420	0.897959183673
950	857	0.938775510204
950	851	0.938775510204
950	852	0.938775510204
953	71	0.979591836735
952	217	0.979591836735
954	1027	0.816326530612
954	843	0.816326530612
954	792	0.816326530612
954	55	0.816326530612
954	761	0.816326530612
954	447	0.816326530612
954	956	0.816326530612
954	560	0.816326530612
954	370	0.816326530612
957	1042	0.938775510204
957	993	0.938775510204
957	530	0.938775510204
465	315	0.979591836735
802	857	0.938775510204
802	851	0.938775510204
802	853	0.938775510204
1444	586	0.69387755102
1444	1540	0.69387755102
1444	636	0.69387755102
1444	1133	0.69387755102
1444	1060	0.69387755102
1444	610	0.69387755102
1444	611	0.69387755102
1444	867	0.69387755102
1444	1611	0.69387755102
1444	1525	0.69387755102
1444	1375	0.69387755102
1444	1610	0.69387755102
1444	1564	0.69387755102
1444	1603	0.69387755102
1444	1554	0.69387755102
1115	216	0.959183673469
1115	1287	0.959183673469
464	57	0.959183673469
464	58	0.959183673469
620	159	0.959183673469
620	117	0.959183673469
1293	1240	0.979591836735
1562	1491	0.938775510204
1562	1604	0.938775510204
1562	897	0.938775510204
1291	1248	0.897959183673
1291	57	0.897959183673
1291	59	0.897959183673
1291	58	0.897959183673
1291	1148	0.897959183673
1296	270	0.938775510204
1296	1199	0.938775510204
1296	268	0.938775510204
467	636	0.979591836735
1294	572	0.979591836735
466	175	0.959183673469
466	101	0.959183673469
474	578	0.959183673469
474	580	0.959183673469
591	55	0.918367346939
591	253	0.918367346939
591	144	0.918367346939
591	1455	0.918367346939
1424	811	0.918367346939
1424	1412	0.918367346939
1424	633	0.918367346939
1424	1400	0.918367346939
1217	1218	0.979591836735
489	261	0.959183673469
489	1291	0.959183673469
414	323	0.959183673469
414	428	0.959183673469
487	572	0.979591836735
484	59	0.632653061224
484	58	0.632653061224
484	48	0.632653061224
484	695	0.632653061224
484	1154	0.632653061224
484	57	0.632653061224
484	56	0.632653061224
484	60	0.632653061224
484	61	0.632653061224
484	471	0.632653061224
484	267	0.632653061224
484	413	0.632653061224
484	242	0.632653061224
484	476	0.632653061224
484	1291	0.632653061224
484	119	0.632653061224
484	1261	0.632653061224
484	538	0.632653061224
483	22	0.857142857143
483	36	0.857142857143
483	575	0.857142857143
483	116	0.857142857143
483	486	0.857142857143
483	479	0.857142857143
483	348	0.857142857143
482	1164	0.448979591837
482	989	0.448979591837
482	627	0.448979591837
482	211	0.448979591837
482	574	0.448979591837
482	133	0.448979591837
482	47	0.448979591837
482	407	0.448979591837
482	1257	0.448979591837
482	1113	0.448979591837
482	547	0.448979591837
482	408	0.448979591837
482	619	0.448979591837
482	634	0.448979591837
482	447	0.448979591837
482	124	0.448979591837
482	71	0.448979591837
482	483	0.448979591837
482	909	0.448979591837
482	414	0.448979591837
482	417	0.448979591837
482	1247	0.448979591837
482	439	0.448979591837
482	1249	0.448979591837
482	922	0.448979591837
482	435	0.448979591837
482	418	0.448979591837
1546	616	0.959183673469
1546	1540	0.959183673469
732	857	0.938775510204
732	851	0.938775510204
732	852	0.938775510204
1201	1283	0.857142857143
1201	754	0.857142857143
1201	572	0.857142857143
1201	197	0.857142857143
1201	9	0.857142857143
1201	515	0.857142857143
1201	1207	0.857142857143
1366	612	0.938775510204
1366	1412	0.938775510204
1366	611	0.938775510204
473	120	0.979591836735
470	146	0.959183673469
470	70	0.959183673469
471	413	0.918367346939
471	515	0.918367346939
471	187	0.918367346939
471	574	0.918367346939
476	44	0.775510204082
476	45	0.775510204082
476	120	0.775510204082
476	525	0.775510204082
476	261	0.775510204082
476	130	0.775510204082
476	101	0.775510204082
476	119	0.775510204082
476	118	0.775510204082
476	500	0.775510204082
476	96	0.775510204082
1360	1545	0.959183673469
1360	1625	0.959183673469
428	414	0.979591836735
478	119	0.979591836735
479	464	0.938775510204
479	484	0.938775510204
479	427	0.938775510204
